1001010000110011001011011100001001011000011101100011011100011101
1101010100000000111111100010011000011011100110100001110001110101
1011101010011010000110000110111111010111000111001100011000001101
0010110011011011010111010101110010111001101000101010100010111010
1111001111110110100111100111010110010000000100110011100010100010
1011000011011001110000000011111011011001010110011010110100111001
1100100100001110100010010011110111011001110000011000001010111110
1001110111111101001111110101101100110111100111011001010100000100
0001100101101100111011000110000010110001011101110100011000010010
0010001100100101010111101010101100001010011011011111010110011011
1010101100001101001110101001111011001010100101101100010010001100
0000000101110110001110001000101101001100010111011001111110111001
0000011101001100110101010110100011001101011011011101000011011000
1001101000010011101001111011100101111110101100001000010010011001
1100101110111000000000100110001000010100000001011011111001110111
1000000111110010001100011010111001101001000100001001011010101010
1101011100100111011000110011000010011100111010001111000101100001
1010000000001010100010000011010001000101100001010111010110011001
0111010001100001110010001000011101011110100100100010101100000101
0100000100110010110000010100000111111110101010011110011010010000
1001000111010111000010001110110111110101010110011010001100110010
0100111010011011110101010011110000001001110001110100011111110111
1101000011100000100110011101000001011111110111111010100101011100
0110011000011001000001010011111010111010110100101110111101010101
0011110001100100101010010101000110110111110001011010001111011010
0100001010000101011001010101111000101101110101010101101100101101
0111111011011010001111100010101111110000011110001101111010100111
1001001011001110010000101101001110001101111111101011100101000010
0001011011101010111111010111101010010011001100010100011111101000
0010000111111110100101010100011111110010100100001001011110101110
1110100100110100110110111011011100000011111111001001110010100111
0001011110110010100010010011010001011110010101110101011001001001
1011011000110101011011010100011010000101010100101001101100001000
0010001001010010111101001101011111101011011011010000100111110001
1100011011000000110101001010010001010001001010111000001010100101
1001110001100110000001101000000011011010011010000011001100111110
0110001110110110110011111001000000011110100000111110100111100101
0100010101110100000010011001010001011001101100010100001001001101
0011010011011101000010011101010011011110101110010010110101010011
0111101011000100101010100000100100001100001010010110010001101111
1111101101110100101101011010110001101110101001100101100111011011
1101101111110000000110110010000001001001100001111001101110011011
0001011010110101111111100100001111011101100010100101010001101100
1000100100010101010001111000011000000011101100001011100010101001
1110000010001001000100001011101111010001010100100001101001011110
0011101110111111000000110110010111010010111101000011011011010100
1001111001001011100111010011111111110011011011111101011111011110
0010000000001110110000110011100111100010011010010011101111010010
1101100110011011011100010010100011001101001001101010110110111011
1111011010110010101010010111101010001110000010111000111111000000
1100010010000000000101001011100100011000101101111100110111101011
1101101100010011100001010101001110010000010000100100100001001011
0110011011100000100010000011101010100010110111010110011111110010
1101101110101111000011101111101010111110110001001110010110011101
1000011000101001101110111000000100110101000111001010101011011110
0101000000110011010100000010100010010001111110100000001110001011
1010111010100101011100010101111100100000011100111010111100101101
0111000011010011000001011111101110011101110010100000011010010000
0110111101101100101111011010010101000001000010000001100101010111
0010111100010111001100001110011001110001100000100010101010001010
1111000101001001010001001000110011111000000011111100100100110100
1100001100101010111001000110110111111011111110011111111010111111
0111110110110001010000110110001110000001100101111011001111000111
1000111101001100101001111110011011100101101000000100100000100110
0111011000000001110111010011111111011100101000110101110111111011
1001001010110100111001010000000100111111111110111011001001110000
1001111000100110111011000011101010111110000000000111001100111010
0101000101100010001101110101000010110000101101100000111100001010
0001001111100011110101010100000000001101111000001111011010110001
0011001000101100001110101101000010101011000000010110011110011010
0010010011111110010100111111001101010111100101000101001101001100
0110000111101001100100110100001001010100111111111100110010000000
0011010001110111011101000110111110011101010110011100000001111010
0101110010001110000100011011001101010111000001110011011011010010
0111000000100011111000111001010110100110111010100001100000011110
1000010011101111001111100110101011011010011011000010101111010001
0000010110001010101011111000010111100111111010100000001111101110
0111100000011110101111010010110010110101111001010010110100101101
0111011101000100001111111111001110001101001010000100111110100000
1001110011001001011010001100101111101110101111010110100101000000
0100011010111000011001110011001100010111110110110110010001000001
1100111000011011110010010000001000010010011100111110011001110010
0111111111001101101000100011010111100000010111001010011010111011
0110110110011010100010111110010011111111001011110001010001010110
1011001001100100101001011111111011000110011110100010000110100001
0000110010101011010011010010010000000110011000110001101010101100
0110100110100010011100010101011010100100000000110100100110001001
0001110011001111000111011100000000011000000011101111111001000110
1001000011011101111010010110101011110100110010100010111100001011
0011001011010110000000010000101001010010100000110110110010010110
1010011010011110011101100011011111010011100100110000001010000110
0101001110110010111101110110110001110011100101110101111001101001
1001011001100100010000000010101111010111000110010001010011011000
1001111101000000110111100011111000001100000010110101010001110101
0111000101011010011001111000110011111011101010011010001011110001
0110010010000110100010010110100110011100011000011000011000101011
0001001010100111100110101000010110010011000001010011111000101101
1110111101000101010000001001101111101011110110011001001010011011
