1101000011101011010100000001001100100101101000111101110101011010
0110011111010001001111110010010001010001001110110010100010010000
0010100111001010100001110100110101011100111010110000011111110001
0011011100111110000110100010111011111010111000010010010000010101
0111110010000101000111110110011001111010010100110010001011110101
0011110110001101111011001100010011010000101111110010011100011101
1010011101011110101101001110001101101111111101100100101111110010
0011001111011011000100111010101100100010010011110111110100111011
0000101000100111100000000010100011110111111101010101111110101011
0000101001111001111001100111101101101010011001010000101000011000
0100011010110000010010100000010001011011101000010111110000000001
1011100000101001110100110111110100011011010100000101001100001011
0101111100111110001100110000101111000100010010011010010010011101
0100011111000000100001000100000101111111001111100101111011101101
1010100110101000101010101110100010011100101110000000000011011110
1111011100111100110111000011100011001111011111111001000110000000
1011011010111100111101000011111010000100100111101110111110001011
1111110000101001011101110110010001101010110000100001011011111000
1110111101010110001010110001001011110000000100010001001100101111
1011100000001101111111100110111000010111101001000100000010001011
0000111010101000110100110001110010001010001100010010110101110010
1001010110101001001110101100001010101101101001110001111000000111
1100111110001100000011101000101011010001101010011110010100111100
0011000111110101010011010011101110000000000100000000000010010000
1010010000011101011011010000000101100101111100000101010100111110
1100011100010101101111100101000000100111010000000111001011101101
0101011000000001000111100101001011111011111101111100110010001101
1010111100101101010100000011001011010000010010011010010111111000
0000010001011010111010111000110110001100011101011010001111110101
1000110011100010111110111100001111001010101100000010011000011101
0110000111010010100111111000110110011001001110001111101000000111
1111001011011000100100000010011111000010110001111001110111001110
1111000100110010101100101100001111010111010101001011111100001100
1010111101001001111000001011100000000000111000110100011000011111
1000000101110110010101111001000111001110011010100001111011010100
1010110101101001011100111110100111111111010100001011110000100100
0100000101111110011110111111000011110101000100100110001100011111
0010000110110000010101101010110001001101111101001001111101101100
1010011110101010011000010111110010110100011011110001001001000111
1011000111100000101000000100100110010111111101101000001101010110
0111011011001111110011101110100000011101100001100011001111100000
1001010000010000110000111000011000001100101001110000010001000001
0111101001001111011101100111010100011111000101111100001010011111
0101010111010110010101011010110000000011110100011011111110011011
0100011101001100010010010100001110001001110110111101111111100011
1110111100001111110010000000001001111000111010010110111110001011
1001001000011011110111100101011010001001010000110010101001001101
1111011010001011011011111001111100000011000111001111011101101111
1111111101010001011001011001111101001000000101010110011101101001
0101101110010110000000111100001110111011101101100011110111011111
0010011010011111001010000111001011101001001010011010100001111110
1101011100001000011001000100111011011111000110101010011111010110
1110001100111000010100000101010010011001110110110101001100010101
1100110100101011100000100010011000100001110001100100110010101100
0000011001101011001110010011111100001001010011110111111000010010
0011110111000111111100000001011011011010010111011111100101110101
1010110000111100000100110000000111010111010101011010110000011110
1110001100100110010110000011000000100110000111111010110111100110
1011101010010001001100100011110111110100101011110110010110100111
0111101101101111011011111001110000111001111000100111001010101111
1100011000110001000101101101010101101010111001011101010001000000
1110010010110000101100101110001001001111000110001100111001101111
1001011101111100010101101101010001001100001110010001111010101010
0000100011011100101010011100110000100111011010000100011100010000
0100001111000011001100010001100101100111001000110011010100100000
1101011100111001100100011001111011001100010110011001111101100100
1101101010001011010101011000011001110110100111111101100101000001
1001010100100101100010100100001101011110111101110000011111110010
1010101001011010000011000001101110000011000011011010001101111111
0000100111101001011101101100101110010001100100011101010110100110
1010011011100111011010101010011100101011000001100001100101000111
1101011100100000100011001100010111000001001111110000101100101111
1101010011111100110011101011111101001001010001011110001010100000
0110010010101000101110101010101001101010010111001001111110101100
0001110000011111010011011001011001011011110001101011010010001111
1010111110100101100110001010110011001100101001000100000011111110
1100010110001000001100010110110110001010110100110100111101011110
1111010001010011101011011011101110100111111101011101001001101100
1111101111011000001000010011001010001010101110111011001100100111
1100011010110000010110100011111110010100001111111001001100000011
0111110101111111101000100000011101000111100111000011110111001011
1100101001000110001011100100110101000010100000001111111101010110
0001010100111010110000011110100010100101011001000001110111110110
0111000101001111010011000100001101011011000001111010011000110011
1011100001101110010101010101010001111000100111010001001101000010
0011011111100001000110000001011001110110001100010100001010110000
0010111110011100111001000110101001101010011110011011100011110000
0010000111010000110101010010000110100000101111010000010001101110
1010101110101000000001110010110110101100111110011000101101100000
1000011101011111011011010101010100011110111011110111010100000111
0111000010011101101110000000101111110101000001001001000101110111
0101100111100010000101011001111111100011101010100101101001011101
0111111100101000011101101100011101100010100001100010001100000000
1100000110110100110110000000000110000011011111101011000110010111
0110110110110001111000010000011011011100101011101100011111101000
1111111111100110100001001011100011111110010100011010011111001011
0000010011010101101101101011101101111101011101011001010000010111
0111111011101001001011000000101011111010101111000001010010101100
0001001001110001010010001110111000011110011110001010110111110100
1011101010101101111101110001100100101110111100010110010100011010
1000011011101101100111101010010010010000100011000100001001111111
0110001001010101111000101000101011101001110101100111110110001101
0010110100011110010010011000101000010010110000100001011010001100
1100101000100001101010000111101100110110011010101011110001000000
1011001011111101101110011011100100100000111000100010101100110110
1100100001000010011111110100100100100000100110010101001100100010
0010000101010001001000010001000101101111001101100001011100110110
0111000011101010101000100101011111001010100001010110101011010010
1000001100000111110110001010001110011001000010101100001101100110
0101101100110010011000011111101111001110001001111001010010011101
1110010011001111010001101100001101101000011010100111100100001100
0011000110011010011001101111011101101111011010100101111100101011
1101101001000011011100110010000101001001110101101010011010001010
0111111100100000010010100011000101000110101110111010010011101000
1010000101000111101001110110001111111111100100101001001100010011
0011010111111010010001100110100011000100100010111000010111110001
0110000011001011111001011010100100001000101111100001111101101100
0110110101111111000111111000100110101011100000000001101001000111
0010001011001111100000000011011010001001101110100101001001111101
1010110110101011001100101000100011110110000001000111111001100111
1001100100101100110000000100100000001101011110100000001101110000
0101001110001010101101001110001011110001111010011111110010000011
0010101000010111101010000111110000010101001000010110000001001100
0010111011110001101101001100111000101110110000110011110101111001
1101010000001101111011011110011011111101001011010100111010011011
1001110010010100011101000010101110011111001000111101110111110101
0110010001010001100010101110111111001110000000110111000010100101
1011000001011011111001011111010110100101110011001110101000101011
1011001101100010101001010111011000000000000100101111101110011011
1100001101000110001001011001000101111000000110011110000100011011
0000001001110101010100110100001010000100110111111001000101101101
1000001101000100100000000101111101000011111001110101010101010111
1001000011011111101011111000001100010111101100001001110111101111
0100001100010000100111111100111100101001000100011010111101000111
1000010010011111111000100100101000001110100000011011000010001101
0001000000010100110001110111101000011011100011010011100100011111
1100111001100111111001000010010011111011101111010010011101111110
