0111110100100110100001011100011011100010101011011101111001000110
1111010011001011101110100100001100101110101101101110101101101001
0011101101010111010001101100001110010001100000111011111001110101
0000001011011010111100100000001101110101101010110100000110011111
0000110000100001111001010000011110010000001011000001000000000010
0010100100011011001010101100100000010111000110010100010100011000
0001101011010101000111010010010010010111111100000001010000100110
0101011010100001001111110101110100001101100001111100001110010110
1000111001000101111000010001011011100100100100000000100100111011
0011001000110111011100010011000000110011100101001101111011011000
0000010101101111111101101000010011110100011010111111010100111110
1000100011101011101100101110110100111110000010011001111100010100
0001010110110000001110111001110010000001101001000101110000111010
0010000001000011010010001010011101001010101000000000010011101101
1001011010101101010010011101010110110100011101100111111001110111
1100110000100110100001110010000000010110111000100111111101101010
1110111000011010000001011110011100110011100111100000110100000111
1110100000011111010010000011101100010011111010011001110101011011
1110010000111000001111111001001101110010101101110101001001001010
0000001001110111111011001001010100101111101011101000000010110111
0101000000100001101110110011011011011000100111000101001010101100
1101110100101001110011100001001010101001010101111011110011111001
1001101100101100001101010101000001001011101001100011001010011001
0001011011011101000110100111011101100111001110011111111011000100
1000001001000101101111001111011000100001000101001110101110101000
1100010111011110000010000001111001101000110100111110000101111110
0001101101000101000010001110110001101111010010001100010011110011
1111110000100100011111001100000011110011111101111000101001001111
0100001001010111110110110111011101011100011001101111101111101110
0110110101010110011110010010100001101100001110000100100110010100
1000110110011011110101100011010001001001010111100110011110010110
1111001010100001100111100000110000100011110111001011100001010000
1101011000110101111001000101111111001100011001110111110111110110
0101000011011010010010110010011110010110001101011110101111100100
1010001110010011101010001010100110110111010011011011100011101100
0010111101000001110010110100111110110010000010000000110010010111
1110111000101010110111101010100100000001100110111011100111111101
0011101101101110011111011101000110111100001100100010110110100110
0101001100110110011001010100011110000100101010110101110111110100
1001010101111011111000110101000100011011010111010000000111000111
0100001101000101001000011101100111000101111100111101000110011001
1100010001110111101110100001010000001000001001010100110001011000
1010110110010010011011010101101000111101010110101110101100010001
0010000010101111010111010110011001100011101111011000100000010111
1010010011111000001111110110101100101100001100010011011111010001
0101000100001010111110011001010100100001011010000110001000010010
1000010100010000100111001101100100110011110111010100101010110000
1110001001111110011110001011101101110001000011010111110101000001
0010101101011100011010001110101100000000010000110101001100000101
0010110101110010111001000000101101010111000101000110011011101011
0011111011000011100010011110110100000100001101101011010001001011
0111000000011011111101110001010100010011111001101101011011100100
1000100000000111101011101001101010110110011111010110000010110001
0000010111010111010011010011011011000110000000100110101111001011
1100010001011001001101001101011100110100100101001001111110110001
1001111100110110001000000010101011011001000100001011011100010110
0000110001100111011001001010001010000001010111001111110110100011
1000100111110001101000100110000100010100001001110011110000001100
0011101100010101010100001100110011100010110001110100011100100101
0101110011110010110110010001110011010111001010110101100001011101
1011111001011110101000001100001010101100001011011000001110001001
0111101011110101010011000101100010011111011000101101101000001001
0000010110010100010001001100100100011001001100111110111110010110
1100110101100010100100010100101111010101011101100000101011100000
0001110001111001010111100010000100101011011111000111101111101110
1100101001111110110000010110101110000000111110011100010011100101
0100001101000011001011001001011001111111001101000110111001111100
1001001110000100010011110001011110111100110000001111011011111101
1011111100001010000011111110101011001100110010001100001000001000
1000000011000011100001110100101110101111001110000101110000001111
0010001011110011111110011001111010011011100001001110010001010010
1010000101001100101011110010110101010111110100010011001111011101
0001000011100000010101011010101001100111100101111101111101010000
1001100100111011101000010011100000010101110110111100000101111000
1110011000111101101010100010011110010000100110110111011011111001
1100011011011111000111101100111001011110010001100110100101010011
1110000011100010111100010100001100011111000110101111101111111111
0100001000101011100110100110100001100000010000110011111000010111
1100010101010001100000101111111000101010000100001000000101110011
1101100011010101011111011101000011101011001101111010010101110010
1100010111111111100010001010110011101111100001000110011101101111
0110110000011001000111000010001011010100011101100100011110001000
1110011011011000011011101110110111110100101011011100110101000000
0001100000000110011000000011110010101100001000100011011011000101
0110000001000001011001001100010010110100100111110101011100111110
0110001010111110110011010010011001011001001000100111011110011000
1001101111100000001000001101000100100110000001011101111010101010
1010110111000110000001111100101011011101100111001110110011000110
1001101101000010100101000000110010100000000100010101110110101110
0101011110101010001010100000110110101001000000011001001100101100
1111010101101000000101010011110010011011110111011110010101010101
1001101110011111011001111011111011110001001010111010000100011111
1100100110000001010110010000000001011011001110011111111100000000
