1000110001011110010010100110001000100111101010010011001001101110
1010111001100111100101011000011110101111001011010010011110001001
0110000101011011000001101001101010001010101001100011110010110101
1101000010110011000110101011101100011000111111110000101110001010
1101011110000011100000010111001110001111001101011100010010101101
0001010111111110110111110111101010000000101010011010111100011111
0100100111000001101110010011010111111001111111100100100001110011
0011011101100111000110000110001011111110101101100011011101001000
1101010011100110110000001010100100011001011111011110110000010100
1101000111101110011100101111100001110111010110010001010011100100
0111000111000011101101101101001110111110010001101000110111001100
1010010010111001001011000001110101111000010110000001100111010111
1101101111000001111010000101010011100100111111011011110101010001
1000000001010011000010001001111110010011101011101111101110110001
1110001100111100110010000110100011100111111000000110101101101010
1100101101100101111110110000101100010101001100010000000011010000
1110010110101101110001010101001101010011010000000011010000001111
1101011101001001111011101001100101000110110100101110111001100000
0110101110010000111111101101011000000100000000100111100011110000
0111001101101111100110111001010000111011010101101110100000000110
1010111010000000001111001011101000100110000011100101101001111000
0111000011110010110000011011011110010001101011111100010000010100
1101000101000011101001000001110001001000110111001100100101110010
1001001111001101011101011000011011011101010011100010010100010011
0101100011111101100111001101110000111111010001010101110110111100
1111111001110110001010010000100110010000111101101100110101001111
1010001101010110001111100111100111111100001010100011011011110111
0010001110100110101111011100001011010101001011111001000010010111
1111110110100110100001100111010101110100101001110101010100010000
1000100111000001011111011110010011100001100000010101101101101101
0000100001001110010011010101110000111100010101110110111110001001
0110100110001100001010000100101000000110010110101001101000011000
0011010111010011000101010000111000101011010011010101100001100010
0010011011110011111101111100111101111000010111011111101101101101
1001101101010011001000010100010101001111110010011010001001110110
1000111110000111100101100011011010000000000010000011111000000001
1011001110111010101011111111001111101001111000011110000010001101
1100011010011000001111111000110001000111000110000001101111111100
1110100110011111010101001000100101101101111011111001011000110010
1101000110101100001010100001100111100111111100110101101011001110
0101000101100101010110010000010011000110000011010101111110101101
1101001101000110100101110111001001000010011010011110110111101011
1001100000100010111111101111010011001000011011100100100100111100
0110100101101001010010111110010110011011001011011001000110010000
0111111100100011011011010000001011110101111010001010101111111101
1101111010111101101111101111101011011111000101000000111011111111
1111000110100100011110110010001001110011010100011000000001110001
0001011110011111011100010011111110001110110111111011100001110100
1001011000010010101010000010110101110101000111001011010110001101
1100101111010111110000001111010001101000001111101010111010000101
1010010001101011011000110011101001011100010011011011111111101111
1011001100010010101000111000000011000110111011010010001111111000
1101011011000110101000111100110100000000011010001000101011111100
0001001101010010110010101101100100100001101000100010100001001100
1000110011110010111000010111101100111001101011101011011010110101
1011001001101111010010011001010110111110100100100010101001111010
1000110001100011000100100011101010100100100011011010110000000110
1100000001111001010001001010010110100110100111110100101011100100
0100001110100111100000010000100100110000010011000010101100101000
1100110110010111100011001001101101110010100011010001100001011010
1000001000100001101110001000001101110111001111001101000101101011
1000100111000101110001010101110010111100010001101001100001000011
0101010111010101100000000011111001100010110100000010001001101011
0110111100011100010000011010011000011000111000001111100111000110
1010000010100001110010111000100110110010000001001100000100111110
1110110100001101001010001011011011100001110110001100011100101011
1100001101011111110111111100000111110000101101011010101010111011
1110111101111110001111001100010100101010011111100000001010010011
0111001100101110001110000000101110011000011001000000100000011110
0101100000111000010100011111110001000111101010011111101110101010
0010110110011101110100010010101101010011100010100110111111001110
1010011110010110000001101011100011001111000100111100000001101110
1110000001110000111000011011001011101000100011100111110100001000
1000111101000100010111000100010111101011010011110000011101111110
0001001001100011001100111011100000011100001111011001110110000011
0100111110010100100010001100100101101010000001100110101111100001
1101010000101010010000110100100011000000010111101110101000000111
1100010110001110000101100100011100000100100111011001100110111000
0001110000001100010010010100101101111010010000101110110101010110
1010110010101001110000101001011010100011111100100101000101110111
1000000100011100111110001011110101110000101001000010011100111101
0111011111101010010001100001101011101001011001111011001011001000
0000001101100111001101001001101101000000110100000101100110110010
1011011110101001001110100110101010110110110001011000101010111101
1111111101010000101010001100101010011100011010011010111110101100
0011111001000010011110000111111101010001111110111111100111011001
0011100011110100111011100011001010111111011000110110000110000100
0011110100001110000010101100111111000101011010010010011100101011
1001011011011011011000001010000110001010001111010011110110101110
0001001110001111011011010011000110001010100001100100101111111011
0111011010101111111100111010000010111100100011001111101100001001
1010111110010010101100011110100001110101000111000111011110011010
0100101110011111101110000101100101011101000001000011011011101101
1110101001011111101100011110011001110000110100111010000111100111
1000011001001100111010011011001100001100000101101000000010000000
1001001101000110100110001100100110111001110010000110100110111010
0111111001001000000011111101110100111001010111000111100101100010
1101011011011110011000010101100110011100001110101001011011001000
0100000111100100111110100001011010011011100111101111111001100010
0101011011100001011000100110100110001001110100011101001101011101
1011110100110001110110100110000110101010100101100010111010011001
1000100100101001100001000101001001011000000100110000101111011101
1011101100001000100000011001001100000110001101111101001000010001
0001011010100111110010100001010111111100110011110011001010010101
0001101111000110001001110111010010011010000000001110110001101100
1101010100011101111011010001100000000001111100100011001000111101
0010011110111000011100011010010101100010001101011111101111001010
1011101110100111100111101000000001001111100010011101011100110101
1100001000110000011100110110011110111111100111000001011000000100
1010101101000000111001001010110110000101010100101010000001100000
1010011110000101110000100100010010011100011100101111110000001010
0111100001100101101110001010000100101000101101101001111000010110
0111011001110010010000111000100001101110001001110001100011100111
0010111001111100001001011101100010010110110011001110010110000001
1100111110110111010111000011010111001001000011000001000101011100
1111110000111111110001011000100110010011111101011001001000011001
0101000001110010111110011110000011111001011100011111110010010111
1001111100111010011010100010001101100101011100111010001111111000
0100101100100101010100101111011100110010001011110000111010011100
1111110111001100010001111111101101010000000100000111001001101011
1000100110001110000000011000001011001101000111111110101111011000
1010011000100111111010011000111011111100111000100000111110111001
0110111110111011001110011100000011010011110110001000001110000001
0110110001011000101110111111111101110001010001100111111011110001
1010001100101001100101110001101111101000101011011001101011110110
1011001111001011000011100111011000111011110110100100001110110010
1001101000110000100001001101000011001111101111001001111110010011
0011111000101010001000100111000011000111000010000111100001110010
1000000010100111110100101100101110110101101001100111000111011101
0001111001011000100000100000101001100110000001100010100010101111
0001000001010000011111000000101000001110010000100111011110100101
0000101000011011011010010010001011110000000011010110011001100010
0110010000000011011100100010001111010110011111111011000101111001
