0111001100100010001001110110001000111101000110000011110011111111
0010110010000000010001110010101100011010011100010100010000000011
0001100101010000011000111110000110010111101101110110001001000100
1001100100110001111001101000100111111100001001100111011100111000
0011010101011000110101011001101001001001111000100000100110001001
1101010010101111101011101100100100100011100111000110010100100000
1101000000100010000010010001100011110000101101100000100100011100
1100010111100000000010001101001101001011110110101010110011010001
1101111001101001011000101100001111110101011000000100001100011111
0111100010110010100101000111100001100100000001100001000111000111
0111111100111000010101001100011100110001000110001100011001110101
1100010011011111001100100010111000010110000001101100101000011001
0001010011011011110100111100111000100101011011100011111101000000
0011101000110001000001011000100101011101001101001101101010110101
0110100111001001110001101010100111001000111001001101100010010110
1011100101100100100011010100010011001000101100010010101100110011
0011111100001101000100001100100011111000100111110100000101001011
1111000000010000000111111111011010111010111101001011110101110101
0000101111011000010111100011111011111101001100101100100100001101
1001000110111101111011001101000110001111100011010000110011001101
0110001010001011000101000000100110001010001000110000010001101011
0001110000101011001101101011110001011100001010000011110010110100
1001110011111001001000111010101110101111011010000101101110101110
1111110111111001101001111000010110010101110001010111011111000100
0111001110110001101101000101101010001100001011100011110010011110
1001100101100001010100111011111010000000110100100001111010010110
0001111011010101001101100110100100010010101000001100000101101110
1011100001010101100000111101100011101100010110011111010010011111
0000011001111010010000111111111001011010001100100101001101111010
0001001011111101101110101011111000000110001000000100001101110001
1010001010011101110000001011000101000101001111110100000001111100
1111110010101101001001010111101001000110111101001000011110100100
1101111110110001010000000111001101111001111101001000011010111100
1110000001110101100111111100100110010100000101111000000000111101
1001011011010011101110000111101110110010011010000101111101011001
0001010001111110110010010011110111111101111000100001001011100000
0100100110010101110101100110110000111011011011000111000011000101
0101000100010011011111011100101101010111010101110110111001010111
0000000101010100011100001011010000101110001000100010110110111010
1000001100100010000100110111100110100000111111100110010101111011
1000100101000101010101111011100000101001101110101000001001011010
0001111101000011110100111010010001110111010110100110001000011100
1101100110100111110010000100000100010001101111010011110001101010
1111000101001011000100100101110111011001100111111110100000110000
1111101110001100100011001111001100111000110001011000111011011110
1001010101011011001011100111100011111000010101010010001000101001
1011111101010011011010100000111000001110110100011011011100111101
0101100110101001001011111101111010100011000010111100111000110111
1101000011100101000001100111111100000001110111001111010101001000
1100100011101101000110101000011001011000110110111011101110111111
0010001101001011100011011000100001101101000100010000111101111101
