1001001011001000010101101011011100100001101000100010010101010010
1001111100100101000011000000110000001100011011101001111111001110
1010011101001010100111101001101000100110000001101111011001100101
1010001000100010100001011000100100100101110100010101000100001000
1110010010010111001001110101111101100000010010101000110111001000
1110010010100111000101000111101101110111001101110101011100111010
1001100110101111010100100111000010101101001100001010010101111001
1111001010011110010110100101011101110011110110000101110001010011
1101100011101100101000010000000100000001110111101000001111011100
0111100010001000010010010011111011010011101010110011010111010010
0110001011010000100111111101010101111111111101111111111111011110
0100101000011110000010001000101000111110011011100111001110110101
0101101010000110101010011010111001101001101110000001000110010010
0110110001101101100001110101000110101011011000110011111110100101
0000001101100111100101000111100110111001100010010000101111010100
1101110010111010100101011000011101101010101011111100001011100101
1001101100000101010000110111001000110000000111000011001111111000
1001101000111100110011111011111111000100010100000111001001101110
0100010011000100111110101100001011010010111101011011000100110100
1100000111001110100110111101111101110000110001110110011000100011
1111111011010100101010110110011000010100010011111111101111000000
1000101011110001011101100100100000100000111010010100110010100101
0110111111010010100000011010111000010100001111101100101010001010
0011000100111011000111110111101011010001111010111101011101100101
0110110100111000100111000100101101100101011010010010010001010001
1111000111101110010101100001100000110000111101100110101001110101
0010101010100101000100110010110110110110010001001011001110001011
1110001101100111011010000111001110100001110010001011010111001100
0001000001000000111011111110010001001100001111001001010101001100
0010110111110101110110111010100100101010100100100111111111011010
1010101001010010010011101110001101100001001100100011110000110001
1111000101111001111000011111010001011001100110111001100001000011
1100100000010110100011011100000100000111010010000011101001001100
1000100010111010010110111111111000110110110001001000101011111101
0110011101010010101011001001000010011000011001101011011100001110
0111101000101100011010110010010101110101110000110101100011001100
1011011001001010001111110010101100010011111110000111111000000001
1001001001101000011010101001011010110001111000110100100111100011
1010011010100001000100010101110111100011110101011110010101010011
0111111000001111010011011110010101010011001100101011001010000011
0111010110110110010111100011110101011111000100001000101110111001
0001111111010100010001010101100110111101000101011100110111100011
0100101111011100000101011010110001010110010000101011001010010111
1011110000011110011111000001011111001110010000100010010100001011
1100000011100010000100000111001110011101011011110010001110011000
0011010111010100001111010100010011110001101001110011101110001000
1101000101011101110000000100110010000110111110110100111010001110
1111111111001001111110110101011101111001001011000101101110010101
0000011000100000000010001111011001111111010101111100101010111011
1001110101101100000111110100110001001111010111000101011101101111
0000000110001100010001011000011000110111110110010000100111011011
1110010110100111010001001000010100010110101011110011001111111100
1000101101100110001001011011010110011111110101111001100101110001
0110101010010101011111001000001010101100111111010110101001100001
1101001110000100000000000100101000010001111110000101100100110000
0111101011001000010000100011110110111010110110100000011111001000
1110010100011110010001000001001100100100100110010110011101010001
1100011000100110101011100100110101010011011011011110110010110101
1100000001001101100010101001101001101101000111000011110011010100
0010110110111110000001101000010111001111000011110101101101000100
0101010010000101010001100000111110101010111111000010011010100111
0001101101000010001011001111110011011000011000010111000011001101
0111011011011001001100000011110111110110010010101000010000101010
1101111101111111111000110000011010110011100110111111100110101001
1001010111000110101100110111001101001001101101100101010011111110
0011101001000011111111100100100000001001100000101110011100110110
0111011010101010101101110010110010101111110110110011011011000001
