1001010110000111100101111011110000000100001010110000000000111111
1010010101010011000011000011100110110001010110100111111100100101
0000010111110110111010101011000100010011111000100100011111000101
1110000101010011101101100101110011001100111111100001101101110100
0100001111011100100011000010100100101110100001000010100100110111
0011111111010111111111010001010000001100010110110100010011010101
0010101000100000111010011011001000001011010111011110110010001101
1000111111101111011111011001000100111110010001100001000001110110
1100101111000001001001001110001101111010001101011001011011101010
0001010101111101111011100110111001010011110000100000101100001101
0010111001001111110100111001101001010010101110100000011100001001
1110010111110100111111110101000100010101011100101111000001001101
0000010100011000010001100000000000101101101101101001101101111001
1010010000101011100000101111000001101111010000110011100101111110
0010001110111101001000101100001011001010110100110011100110111110
1001010011110001110011101011110010011111000100100111001110110110
0110011000101001101111110010011101000001010000100111100010111011
0110011001110011010110000011110101100100110110110100100011000010
1100100101101100101001000010011011011000001101001010010010101001
1100100111110110010101111110010111011010001010101000001010010110
1110001001001110010101110000111101101010111110111110010010101010
1110100011011100010110010011011010010110101110000101101010000110
1001001010010010000100110010000011100000100001111000100010011010
0000110101000001100001000011001111010010000000110000000100000110
0010001011001100100110110100011011111100011001010111011101000110
0100100111000010011001101110000001100000111100100000101001000111
1001101111011101100101000111000011100011011001001010011101000111
1011000010101111011000100010010010000000010011000100110011101111
1000000001010010001100110011010110110100111001100001101010110001
0100101010010000110010100111000000011000010111001010001110111001
0001011111101110010001001011011010111111101111111011000110100101
0110111011100101000100100000010101000010111011001000111110100001
1000101001000010011100001000101000010001111101010101000100100011
0001001010100111100000101110110110101111001111010000001110011001
1111101100100101110000100010100100110011001111011100011001100111
0001001001011010010001111001011010010111000011101010111001101110
1000000111001100000010010101011011000010100100110011101111000011
1110100001101011100110010101101011010000001001101010101100110101
1100010000101001001001010111111001100000101111110000000001001001
0000100110110111000011101011001001110101011101111000001010011110
0010011010110110010010100000111100111110010011010010001100110100
1110001000111011001000000001110100001101100000010001111010011011
1101101011100111001011101110000001000110111110011110000110000010
1111000100011111010111111001010101110111010011010101101001111110
0011011001011001001101010000100000110111010000101011010001001111
1111001111100111010111110000110011010011111010001101000001000110
0000110010111001111000011001110100001100001011101100001111000100
1110110011000000101011010110000001111101010001001001010010110111
0101101011110000110101011101011100110100100101111101011011110001
1011011010010011010011100100111110101100000110011000011001011011
1111110010011011111001011010100111101000110100000000110111110001
0011011010110011101001110100001000011110111011111001001000100001
1101111111110001100001000010010100011110110001111011001110100000
0110101011100001011111010010000101010010000001101100001100101111
1011111000000100100011100001110011010000111011001100010110101100
0001000100100110110101100010000101110101110011110110100000100010
1011100000101011110111111111010100101110011011111111101001000010
1101010001100101111011110101100000000001100010010110011111100100
0000011010001010110000000111100100010111111101010010111011011110
0011011000101100101111111000101001111110000000001010001001110100
1010001010001000100111000000010000100110110111011001111000001100
1100110101101100001100101100101111100010101100000110000010101011
1101001110111100100111011110000001111110001111111111011111100010
0100001000010010011000100101000110100110000110001111100011000000
0011000101011100010101010011000001000010110010110101100100110000
0000000100111100110110101111000111100011000001111000010111111100
0001011011000000011111101011110100010110011010001100110000011101
0111000001110111110111001011100011001010111010100111010001111001
0000101111101111101011001000011001001001100101100000000011010100
0111010111001110110010011010111110111100010010001100110011010101
1110110001001011001001110100001011010101010110010111101111101001
1010100111101011000010000101110010001000011010110101111101000110
1011001000101011111100001110101011001110001010011100111100010010
