1010010110101011110111001100001100001110101100000011100000110011
0010101011100010000111001011110010110111100100010101101100011000
1011110011000110010111111110000000000010000110101000111010000100
0110010010110010111101001001101111100011001001011100010100111000
0000101000001010101011100111010010000101101111010010110110011110
1001011110100000011101100101101100011000100000100011000100100000
0100001110001101000111100001111001111100010010101100010111010110
1001001100100010110111000111010010001000000010100000111110111100
1010100101101110010100110011100111100100000001010100111101001110
1110010110100001010101010001001100111110110111101111011111001011
1101010110011001110110001100001000100111100110100100000100000011
1000011100011110101000100100001111000110001111100011110000010101
1011110101101011011011010110010101001011011001100000000101100111
1000110001010011100000010111110000101111000010000011111000110100
0000101010010001011011011000000011111100011010100100000100011010
0001011100001110010001101100101100001111010000110011001001001001
1100101100110100100101001000001100101110111010100011010111000000
1111010001110111100001001100011011110100010111100101100011010000
1010001101000111100001101111010100011011010011000101101011100100
0011100011100011010101001100001101100010000100110111001001010001
1111111001100010001100001011010111001111001010010011011101101101
0100010111111001001111001000010011110110000110001001100110110110
1101111111000000100011011100011011110000110111111001010111100000
0110110101010111101101000111011011000011010010011001111111100110
1110110011100110000001101010111010110000001100111000010101010000
1000010100100001111010100110100001111011101001000010001100110000
0111011010010010011100101110111010011000000011010001101011000001
0101110110100100111001010100000101111101001111110111000100111110
0001110011000101011101000011101011101101101100010011000100010111
0001011100110111011110000011111111000000110111100010101010111111
1000101000101101000001111011010011000011010101001011000010001101
1001011001101000110111101101010000101010100101011110100010001100
0001000000100111010110001101101001010110000110011100001110111000
0001101001011001000111001000100101100101100011011010111011111100
0000101101110011001111111100111101110000000100111011100011111011
1001000001001110011010010101110100001110001001001010011111100010
0111001110101001110111110100010010011001111100011010110100101010
0100111010000100001101011101010011010001111011001111011010100100
0101101000100001111010011011011100001010100000101011111100101000
0101110001000110100001010111010111001110000101101101010001100101
0000011110100111100110011111111110000001011100100001001110000111
1011101110010000011011100110000001101110101011100010011011110011
1111011011011000100101110010001100011011110001111101011011111001
1000011001101011101010101000010010111101011100101010001100011000
1010010001100101010001000010010000011110111011100011001000111011
0110110100111111010000110100101101010010000011101011001010001010
0110010110001101111010000000011010110000011011010111000110100010
1101001011100110100101111100011001101101110110111111100001001100
0010100000010000001100110001101101010000101111001101100101100110
0001011001101010001010011110011010100100111001110100001101010011
1001110000010011100010111101010110000010100011110110111000011010
0001111111101101010010001110000001110000101100011110001010010110
0011001101100001000010010011000111001111101100101111100010001000
0111011101111111110001001100010101111101000111101000100001000001
1010011101011111011101111101011011000111101010011110010010010100
1100111100111100001001010100101010011000010100011100110111101000
0000001110011000001011001000110111110110010001000010000100100111
1111011100011111111100011011101001101100011000100101000111101111
1000101001011100011101101110111000111101001111010101000010110011
1100010100100111100000011000100010010110011010100011111110000100
1101011011011010110000100110100110000111010001100111110110101100
1101011101000100111111000110000011011010011001101100001111111000
1000010011000010100100010101100110101001010110100111100100110010
1010110010001111001101110110101000001111101101111110110111001101
0110101111011111101001001101111111111011101110001100001010001010
1101111101111010010010001111010101110011001001101100000010010001
1110101100100001100111110111100111111110001011011111100110100001
0111110010110001000111010100101011101100110001110110101010001101
0110100001000111101100000001000110100010110001011000101111101000
1100111010011011110010110110011010010111111110011000100000101010
1100011110010011001001010100000110111111011111100101101101110000
0010100111010000110001110000100001000101111000010110000111100101
1110011111111100100100110010111101010111001001111100011110100010
1100001011110100110000111000101100100001110110000110010110101111
1100000100011111101100000010100101101100111100000101111110111001
0101101110000100110111000010111110111110011100010010111001101100
0001100110011010100101100000010011111100011111000111110000110100
1100111011010001111011011111100101101011111111100011110010110110
1101111100111110010010000100111101011011001001100001000101100101
1000011110000110000001000010111111000000101100100000011010101010
0101000100101000101010011010100001111011000110110100101101010101
1101000100011001011111011011101100000010001011110001010001001111
0100010011100110001001001000011010000011110110100110100010110000
0000101010000110011110101100010011001010000101010110111110001011
1110011001010110100111100010100110001110101101001101010111110010
1001110100000011100010100101100110110000001111001111001110011001
0111110110010000100100011011101100011101110110111110110100110000
0111001000000010100111111110000101100010010010100000110011100011
1111111011111100110010001100001011010000010111011111100101010110
0010111100011001010100011111111101010101111110000111000011000111
1001001001001111101010000111110101010001101010100110101011001101
0110111000100100111000111001001010010000010111101010011101010100
0100111110100110111001111101101010100110100001001000101100011101
1000100101101001011001111001001101100111000001001111101000001011
0000111100010100101101010111010100000001001110011100001010100010
1010010011111110010111010100000001101000010001111100011111110111
1100010101011001000010000010000010111010011000111010001010011010
0000101111000100110100010001000000100001010010011010000011011110
1100110111010110011001101001110000101110010011010111001110101100
0110010101111011010100101100100011001111010000110000000110100100
1100000011101101110100010000010101101001010010011000001100110000
0001110101110000010101001111000111101110101110101110000110010011
0101011111110010010101111110000000010111111100101111011001100100
0000110001010111110111110011000001001000010011100101111111000010
1000101010001101110010011110010011001010110111011111010111110000
1010100000101110100001100011010101000101110011000110100101000100
1000000111001001101110010000000010100110111100010010011010100110
0001100111100010011101000010011001000111101101101010001100001010
1101001000000110110010001000001000101110111011100101100000100011
1110001100010011000010010111011110001101010000101011100000000000
1011100010100110100011000011011111011001011110000001111111001101
