0110010011111010111011111000001111110000001111011111001011001010
1111011101000000010011111110101001101000001010010000000011110110
0111111000000001111101100000001000001100000000100100111110100111
0111011011110001110000010101110110011100000110111000011100111110
1101111101100111111100110011101111100011110100100011111100101100
1100100000000100001010000011100011110000100000111100101111000011
1001110010101001110111011001111110110110111001101010010100011001
0111011111100100111101010010011101100001110001010101101011101100
1111001011000011010010111101101000011010010010011100011011100111
0001010101010010011001000001010000000011111111101011011100011100
1110101101011100001100011101011001101000101111000011000100110001
0101110011000010110010111011001101010011101010101101100111011110
0111100000100011111000000001101010100010011001111100000110111000
1010101111101100100001100101111011000111001000001001111100010011
0110111001011011100100100100010111010110100111100100000110001110
0000100110111000001101110110111001101100101011111000010000010100
1100011011011101001001001010100000100100100111101000110000111001
0001001001011101101101100001100101011100100111011010000100000101
0101010010100011100110100000101100001010000010110101001000101101
1000011011111001100110111001001010111011110100110101101010011111
1001011011001000000111001011000100000101001110101001110111001101
1000110110010011010100111010101011111000001110100101100111111100
1101111110010010010110001010011010010100001101100010010101011000
0100101001010011010100101100010000111110010011100011010101001011
1011011100011100011000000101110011101100111001000110100101001111
0000001011010111110100000010000001110111101000110110100011011100
1100110001011110001000011101110011011101001110110111100000010010
0110011000011101110000001011111000101001001100100010000101110000
1111010101011000000101101000111010111000110011110110001110100100
0011011111001100100101100000111100011011001001000011100101111110
0100011111101110111101101001100011001101111100110001101011010000
1110000100100100111010001010110111001010101101100101011100100101
1000101010101000111111010000001101011100000111111010000111110010
1110100110011011101011010000000110000011011001010011010101011100
1111101111010000101000100010101011011111100101100110001011101100
0001001110000000101011001101100101101010000110100011001110010110
0001111000100110110000101100100101010100010001101101010101011011
0101110110101000010111000110010100000000101011101001000010110101
0011111101101010011001100111100010001001100000111011011110101001
0101110011100100101110011011001111100011100001100100001000101101
1100011101011110001100011110110110110000010110100111101000100101
0010011011100101010010101010000000111010010101010100110000110101
0011100111011100001111101101111000010000000011001111100101110010
1101010011110001100100110101110100011111101010110111100100011011
0101000011100111111110001000100111100110111001001100100111011101
0110110110000101000110101101110111101011111001000101111101110100
1011100001101010011110110000000111000111101010100111010100101101
1000100110111110000000111000000011111101011001100110011001000100
0010011101000011101000101101111011110000100111111111010110001111
1000110101010000011011111001100100011001110010100101011111111110
0011001001100000010101100001110010101100010111010000010101101001
0101010001111000111110011001010010110100011101110110011110001011
0110010101110111010110000011000011101100101101101011010111011101
0100100100000000100011011001001001101001011011100001000010010011
0000000110101100000110110101000101000111010011010111110101000010
0011011001000111000111010100111110110110010100110110101100110010
0001001010001010010111000011001110111111111000010100011000101110
0100010010111100111000101101111110100010110111101001100010000111
1100110101010011101101100111011000001011110110001011001101011100
0001000000111111110000101111111101011010110000100000011100001001
1101000100100110110101010001111000101111111000101001001101101011
1001110000101010010110000111010110000011110110101000011111000001
0100111110110000011011001111110110000000101010111100010000100010
1011010111111111000110111001001010101100000101000100101111110110
1101100101111111011000011001010011001101110111001110000010000101
0100010100111110111100101100100000010010110111100010110101000010
1110111010010001111011001111010001111111001010001010010000010000
1000001000010101110101011111010001100000111110101101101110110110
0001111011001000001100101100100000100010001110011100010010000101
1001110111000111000000101011001101110111001011100110101010111101
1100010011000010001100000101101111110100000000010100111111000010
0010001110001110001011101111001011001010100101111101111000000001
1101010001000000001110101010101010011010100000110100011011100101
0001110011001111001101110111100111010110111111010100100110110010
1101010101110010010011010000101011000011110011000011100000011000
1001001001001000011110110110110000101100101000001100010110010111
0011010010010000001011001010001110000100101110110000000010110100
1011110010000011101001010110100010010000110100001010000001011101
1000011101100111000010100101101111110011101101100000111010111111
1000100000001010100001000101101110011111010001101010011100110101
1100000100111010010100110001111100011001101010000100010000100101
1101001011100111001111110100111100010100010100110110011101100000
0100110011101011001011110100000100110001101100100111110111011001
0100100101100111001001000111110000101010000000101010011000101110
1100111011101111111100110101111010100100001000101001110111010001
1110101010000011101000001001011101100001001110100110100001100111
0101010011010001110110010101000010100101110001010010000001111001
1011111101000111000100001100001101000110011000110010100101110001
1011110110110110011000001010001001110000100100101100111011000101
1001110101110111000011010001001000111010001010101000111010110111
0000111110100001110000101011010001110000110100000001110100100000
1100101101110101101001101011100100000001001100000001100111111010
0001001100111011011100000110011111000000110010101000001100110001
1010001110101110111011000101100100001111010001111100001101001011
0001100011000111110111011101000000110100101100101010001001101001
1111100011000011110100010100001101000101001111011101011101001100
1011001100011011001010001111100100110101001010110100010010100100
0001101010010000101100000010101000011100110100010000110000111000
0111000010101110100110111001010111111110011000000001001101100011
1001100011101101101001110101010111001001111001100011000001101110
0110011010000000101000010110100110000011100010110110111001111000
1000111111110000110010111110101110100110001000001011101101001100
0011100000100011100111101110000111010100111111100100110011111000
0111000111001001011011110110110101001011000001011111011001110101
1011100000100101010111011100001110000110111000110011010000111011
0110100111001101011100111111001011010111100111110010000100011100
0111001100100001001111111111110110110011111001001000111110010110
