0100100010101111101110001001101101100100000110011001011010011000
1110100110011111111001100111011101111010110101101010000111100010
0011100011100111000010011101100010111111101111110100111100011101
0110111001000111101110010100001110011110001001001011011111000101
0010101000000100110011101111010100000101101101010100010111111001
0111110101100111011001100101110101111111000001000111000010101000
1001100011010001111111001100010011100111011101111001100010001000
0100000011000010011110011101010101111101101111100101100010110001
1010111001100001000110001111110011110111111010110000110000100110
0011011000001110111110101001100000110101010110001001111100010011
1011000011110111111100111000000001111000101100010010111100101011
0110110101010000101101111110101101001110101011101010010110111100
1101001011100101000000000000101110010000000011111100000110010010
0010000111001001101011001000000111101001001111011000100001111001
0110011100111010010010011011110111100100001111100001101111000001
0000101101110011111110001000001000100010000001110010110010111010
1010000000111110010100101110000111011011100101011011001110011011
1100011110000101010010010010011010010000110111011111111111111001
1111110110100110011011101000100011101110001111101001110000111000
1101011001001001001100000100000001010011101010000100000100101110
0100000011100011011001011000100110010100110111010101000010100011
1011101011000100100000111000110100001110100011110000101010000111
0100001110110000011100110111101000010101101001101100000110101100
0001101111000110001110001011111101011101111000110100001001001110
0110111101011011101011010001110000010110011101001010110000001010
0110011001010000100000111100111101111000111100101011101111101111
1010100111001010101010000110110000101010010010110000011001010110
0001101100110000001101101110110110111101010110111101001011010111
0000111110100101011100000010110001100010001110001000011010100011
0101010001000000101010001000001011001010000100011000010001100111
0101010001100010011111110111001010011010111001111011000110010000
0100011000010111000101011001110000100110000001101000000010110000
1001010000010101011111000110000010111010011110010011011101100001
0111101001010101000001010101011000001100100001011110100000101111
1001000100110110110011110001010110101001000110001001011100101000
1100110111010100001001011100101011000000100110000010111111000001
0101111110001100000001010011101100011000111010011101000010100000
0100101010011001001100001011111110011101100000111010001111100100
1010101111101100000001111000100110111110101110110000110101101110
0001001010010110011010100001000011001010011111001000001111101100
1011110000011100001001001010011001101111001010110111011110101011
1011110111100011100010011111110011111001001101010011011111100011
1011110110110001101101010100011111111000110111001101000001101101
0010100010010100101000111101011000011101100001000000110001110111
1001000000010010100001101101001001010111011101011001000100001011
1001010110001010001011111111110010000001010101010001111001010010
0100100100101110000001010110100010111111001001100000010101100110
1111011001010010001011011101101000010011000111000010000100000110
1110110111000010111110111101011100001110111011010100111011110010
0110001011011110011111100011110100010101000010101111101110110000
0100111111011110111011110001011110111011011100001110101010001110
1100101101101101101101001011111110101111110011011001001101011101
0000101110001111010111011101000000000111100001110001011001110101
1001101111111111110010001101101001100011100001110011000100101010
0001111010110000000011110000010000011001011011100010000011101110
1010010111101010111100010101111010100101110100010001011000011101
1000111101010101111111100100001111011110100001010011010101001000
1110100100111000110000010110110000010000011100101101101010010100
0101110110001010010110000001000100010000010101111011011010111110
0110010110101100011100111011111101111001100010010111001001011100
1000101111101100000110111101011000011010000011111100000010010011
0010110111100000111000010100110111001110111010101111101001100100
1001110100111010001011010000110100100100111101011010010111100110
1000111000011010101100010110001010100001000011000111011110011110
0100010111011100111000010010001001000111001011110100001001011011
1111001101110000001101000101010110101011110011101001000010001011
1101111111010001011010000100111000010100111110011010110000101111
0000101111110011111001111001001111001000001101011101000111111001
1100110101011101101101111100111100110000110110110111110001101100
0011111100111110100000111010000011111110101000011000101010000110
1110010111010100010001001010001111100000100001100011000100100011
1111110000100110001010010110111110010011101010101011011110100011
1100000100101100100010010111001110110100101111110111000101010000
0010101001001110010001101100001101110100010011011011000100010110
0101000100101111011011110101101111000011111101001101001111111101
0010000110010111111110000100011101110101110000011110000000100000
0110100110111001000111111100111110110101110011000111111001110101
1101100010110111011111010101010001110011000011001100011101111000
1110100001110000111111111000011101111010000011110000000001000100
0110000101110111011011100000001110001101100000011111111111110101
1101010101011000101111000001110010111010101101001010000110001111
0101110101011011100010110011001110010001100000000111001010100001
1010111100010000010110010110111100011010100000110101000011010001
1000001110001110101001100010111001111100100001100001101100110110
1000100001111001010100011000111100000010001111111000101110011111
0110010111100000001101010100001001111000011001000000010011000101
0011110010101101000001001110010100111100101000000101000101001111
0100000011101110011001000110111001001111111001110101011000110110
0111000000110100111110111011101110000010110111111000010100111000
0110110101110110110001110010010011010110101110001011001001000011
0111111000111100000000110011011101110111100011111110001000111110
1111010110001011000100010000010011000000001101100000000000110100
0101111000101000100110110010100010100111110110111111100010110100
1111111111101101110111000101101101011011011110101111111111001000
1101000110111010011110011011111010000110000111101011100010100110
1011100010111011001111101101110100101001001000110101000010000000
0001101011001101001110001010010010010011111001111001011011001111
1010101010101011110110110011110001101100100001110110010000010111
1010110101100111101000010110101111111010101010110010111101000001
1010000001101000111100101011100100001101111101101101101010110111
1111100001000001101111001110100001100101110000001101000110000100
1111110111101010111110001001010101100111010111100011000100011101
0101001011101010100101101101100011110011001110000011100101001101
1111110110000000001001111111110111110111111110010111010010111011
1110011001011010011011101111001101110110110100000111000110000111
0000101111111100110011100111100000101110000000011111101000110101
0101110011000101101101010111010101111001010000000110001011111100
1100100000110101001011101100000101110100010010010111100100100100
0000101011100101110110110101110100010011110000000010000101011000
0100100101100110010000010101110010101111111001001010101101101100
1110101100011001110100001011100001010100011110110101000110001011
1111100101001101000000100000101111110000001101000111011101011100
1000011101010111111110011101011011100010001101111000111010001010
1110101001011010011101101011000111100000000010101011000010100010
1111011100011110110001001000110101010110011100011110001010101100
0000011111111110100111100001111000010011010001100011001010011011
1011010001010000000000101101010111000101100101111010101001001100
0110010000110101010101011100101101100110001011000000011100011110
1011011000010010000100001101001011110011111111000010111110011010
1101110000001001110111010110110011000100011010111011011111010011
1111000000001110010101111101110010011010100001100010000111110101
1000010011101001010111000001100000001011011100001010110111001101
1100100101010001011110011111011000111011011111100000101000011001
1101000010111010101111110001010011011001001101010100010000111110
