1000101011000100100001111011110100100000001011000111011110000101
1110000100110001110110111110001110101001101000011111110000101000
1001101101001111101010101010111110101111101010010001001110001001
1000000010000000110010101110010111001110001001101101000001010001
1110011100111111011000000111100011111000101011010101001111111110
1111110010110100100100111001110011001110000101100001110000010101
1011110100010100001110100101011100011010100111000110111110100000
0111010011001011101101010011010100000101100010100000001111111010
1001110110100101010010111101110011101101111110001000001010010011
0111101001110111110101100000001110101010111110111111101001111011
1010100011010000011011100100101100110010101000100010100111001001
0100010010101011011000101111000101000010111010000110001000001011
0100100011111000011011000001101010000101000000111100101101011110
1111111100101110011000011011101000001011010110110111010011000000
0010001110011010110111110011011110010101111100100010111110111011
1100000111001001010011101001011001000100100011001101010010001010
0101011100000110011010111100101111110011001010101101111111001010
0000100011001010000001111100100100011000110011011111110110010111
0011001100010110000001110011001111000100101101101000110100010011
0010101111001110101110010010111000001100111010111001000000100100
0100001100101110001010110001100000110111101000001000101100110100
0111001101100100111111101110010011101000100001110111111001110101
1011010101000000000011001001110011100010101110011101000010110000
1100001111100010110101011010010011110000011100001000011111000101
1101101000010100000000110001111101101111111100110100100011111100
0111111110110011100001100111111101001111100011000110110110101110
1101011001000100110111111000001000001011011111001110100001110011
0100100001000110001010100010110010010101100100000001000101101001
0110111100110011100100101011100100111110110111011000010010110000
1001110011011011100110000011010011011011010001100001001000011000
0101101110111000101101110110000101111100011010101110010101111111
1101001001111111101000000111101100001000010110100100111110011001
0001001111100101110011011011110101110001110101011000100011011000
0010101000011100100011111010100111001011100001111000011010001011
1110011010101011000010001100111100011100110001101101100101101010
1000110011101100101110001011001000001000011010100101100100111000
0101111111000011100010010101011100101101111010000000100110100010
0111001111101010000111000010111110010011110010001001000101100101
0000001110110001000010011010000101101011000011111101101110001000
0001001010010001001101111010011111011101110111100011111101101100
1110011010011111000000110111111101110110011011110101000100000011
1010000100100100010011000000101111100000001111011100101001111100
0101100101010100000100110001011101001100001001111000011111110101
0100100101101111101010011101011111100011100010101011001000011110
0010010110000110110100001110011100010011101111000110111001011001
1001111111100011101110001010100110111101111001101111001100001010
0100110110000011010000100010100100100011011011001000001011110001
1111001010010010001101010011001001001100010110100010110010001010
1111110101010110001100011111000000000001110101001110110000110100
0010101110010110101011011110101000000101000100010011001001110011
1010111100001000100101110011011101001000001100011011000001100111
1110100111110010110100100001001100001000010001000011000100111000
0110000111001000101000000100001110100101010101110111111100011110
1001100101011111111101110110111101011100010011110110010110001011
1001000001110010101110010011111111011001101010100110011011110110
0110000001101001111001001010011010010011101001001010111111101110
1111101000000111110011010101101110110010100101110100000111000110
0100000111011011110000110011110001010110010011000001110010000001
0010100100100011010100110011111011010100000011001101111101100011
0010100011100011010110100000010111001010010011000001110000101010
0111101010001110010111010000101110010100111011001000101100111100
1000001110000101010001001011111100111101110000110001100101110010
0001110110000001011101000111010010010011111001110000111010110011
0111000000010100100011100011010100111000101011100001101101011001
0000100111100000011000000011000110000101110111100101101001010100
1001101010010000000001111100011100101111010110110001100110001110
0110101110001110010111100011101110010110101011001011001111001111
1110000100001100101011100111010011100011111000010101001100100101
1100111010110011100011000011110001000110001110010010011100100000
1111010100101111010100110011000100101010110000101111010111101011
1110001000000111100001100100100001011011001100111010011011110111
1110101100010110011000110001111101011011110111010110111100110110
1100100001011001101000000110110011111100011110010111110111110000
0111001111111101100101101111000001011011001011001001011001001010
1100001100101110000001000100010001000100000010001011101111001011
0001011100010011001001110110010110111110111100001010011011001111
0110111011010110100101010110110001001100010111011110100001000101
1100011110111100010000011111111100111100101010111011011110000111
0000111101101001011011101100111111111111110110110101110111111100
0100101011001000111000000011000010100110010011001111011011010000
0000010100110001111110110100111100101101001100011110000001001000
1111111000011111111011101001100001001001000101001000000011011101
0101010000001011001100010000110010111100011101011100001001110001
0111111010011100000100101011000100100100110111010001010001111101
1000111011100111110110011000010001110010001011111110011010010000
0011010101100001000000011001101010101010011001110101111010101111
0000101101011101010100110001111000011111111111111011011101010110
1100001100101110100010100001101010110111111100100111111110111010
1000101011011100110111111110011111011010001101100110110111011010
1001100100000011111010111011101100000000111101111101000010011010
0100000010000000000000111110101001000111010000111010101010011110
0100001011000010101100100010000011100110110001101110011000010110
0011010001000101111010101111100010111101011011001010010101011001
1000011110111010110001101010011001011100100101101000111100110010
0010111001000100011011110010001110000001101010100100000001010101
1111001001001100001100001000000011100000110001000001011111111101
1111001110110111101100111010101101100111101011110000001001010001
0100010011001001001110000111111100001101011000100101101110011100
0001000110101101100110000011101100010110001111110100111111100000
0111100111000000001000110100110010101000001111000111101010101010
0110010101001101001001100010010011001010010110011101011111010111
0010000101010001111010101010110011011000001110010000011011110100
1000110101100000111010011001110110110100011010001110111101100010
1011010101101001000111100110111111010011001000111110101010011101
0111010101011001101001101011010001100110010001001110010110001001
0001110000100010111111011110101010010010001010011111101100011001
1110000110101100011000101101000111110001101000101110011110110100
1011111010110011000000011110111010101100100000110111000011111111
1001100101011101000000000101011110111110000001111101101011010010
1000111001000000010001010011010100110001100111110111000000100000
0111101101000010100000101000000100101001111110010001000001110011
1011001000000010011101001010111010111111111100001001101100110000
0100011110101010101101011100100101001010101110111111100000001000
0011111101111001100000100111111101010101011111000111001010100100
0010011111100101111010000110001001100010001111010010011000101100
1001000010101101011001000110100011101001000111000110101010000010
1111100011010000110010010001001111101011101000000011011011000000
0101000011101000101110101111011001001101110000101101110001101010
0010110010111110011100111010010100001111110100010011010011100100
0010010010001101000000010000101110001000101110100110010111101101
0101111101010110011010100111000100111110111110000000101011101101
0001011110010000100101110011100101111000011111011001111001110010
0110101011010001010101101110011110000001011111010111111010111010
1000110101100110100101011011101010111000111000001110001001111101
1010111110011111000001010011110100000000000010110111101101110000
1010100011100100110001001110110101100000011101111101101010110010
0110000101011001100110101110010101111010110100000111000101000001
0101110001101100101111111010010000001110111111110000000111101110
1111111110011001001001100101000110000100101010100101110111111000
0111000011110000110011101000100110011100000011110000110001100111
0000010111011100011111011010110101101011000011101010110011011010
0101000010000110010111101010111101111111100000111111111001001101
1101110011001110011010000101101000100011110100001011010010110011
1001110000001100011000100101011110011111101101011111000100010110
1110110101011010111111111101110101100110111011110011101011000101
1111010000101100001000101001111111111110010100000000111101101101
1011101001101011111100101111110010010001010001101100101101010011
1010001101100100001000100111000011001000011001100010011001010111
0011110010111000010001001110010101100000011001100010000000101010
0000111011010111111110100011010101100101100001011101101000011001
0110100100001111010001011000111110001101001001111001010110011001
1110111101000110000011110010100111111101101010011000100000010100
0011010101110111101001101101100011000001000010000101010100011101
1111001100101001000011011000011101001011110110000011100111100100
0100011000110101000010001100100001111011010000100100101100000100
