0010011010001111101001101000011100011000110110110010111110000011
0101111101111101000010010000100110001011000110000111001101001111
1001011100001101000010000010101000010001011110101101100101110111
0010001101101011001001101000001101101110011111110111111010100111
1011001101010011010001100100001000000101111011101011011110111111
0110001110110110011111000110010001011001110010011000000001101000
0001110010010001101001111001111011111100100011011110011100100010
0001000010100111000010101010111111111111101111010101000101101010
0000100001111010001010011111110101000100111010100011100010000111
0111100101011000000110001011111001111011111001111110101110100000
0100111110001000110010010110110001101111010000010100000101100001
0100001011101010011111000010001000011101100110010101100101011001
0000101110111010010110010010001101100010010000101100101001011110
0111101101111101001010111001010100101001000010100000010001010011
1111110001001101111000101100011010000111001000110100100000011010
0110010001000010100111110010011011111111010000110100010101011101
0010110000001001101110100011001100011011101111010011110100010101
0010111101011100010001100011100111011011011100101001100111110111
0010001110100101000110111011011100010100110100010100110100100100
1101100011101010010110110011000111110110100000111100010110010000
0100011011001011010010111111111101110011101111010011111011100100
0101001010011010111111001010000101111101111000001011000001011110
0100111010001010100111011000101000111100011011111011111010001111
0100100001010010101011010111101110000000111111010111010101111110
1101100000011100101011010111100100111100111101011011010011110010
1000100100100101101111101001000010100100000101001110011101101101
0001010011110101000111110000001111111001111100000100110111111110
1100111000111011110001111111001100001111101110011000110111110011
0011111000110101100101011011010100101101001010010010001111010111
0000111100001111111100111011000111111111100101110101011100011010
0010010111001100001110011100000111101010001100111111110110100001
1110001111101101001010000100100110100001111100011111100111001101
0011011100111001111001001111111011001100010101100001100100011011
0000111110011101011101101111100100001001001011100100110111011010
0110100110101011110011010000011110010001001100011010000110100111
1110011001000111000010001100001010001000000100100001110110101001
1100001011101110100000100001010111010010001100101001110011100000
0110101111010000011110110011000001000111000010110001001010011100
1110001001011010010000001010011000001111100100111111001101010010
0000001101011110101010010001110101100111001101101011111101000110
1111001010110001110010001111011010100001011011011100011100011101
0101101011000101111000010110111000111010100110000000011011001110
1111001000110110101010100110111011111000110101110101111101000001
1101001110100010010001000111100000011001010100110001101000001111
1111011010011110000001001000010100000101101000001011101000111001
0000011111011111010110000100000001001000001010001011010001000101
1001011000011101000010111011011110001010011000101111100111101111
0110000100100000001101101101010010011101010100000100000011001110
1011010000110001010001100100010011110101100010100101011010011000
1011010111101111101111100011011000110110010111000101100101011001
0010000000111010100101111010011011111100001010000111101011101010
1001010110001101101000100000001000100000100010010000000101100001
1001111010001100010101000000101001001100101010000000001111011000
1110011011111011110010011011110010010110110011101010100011010010
1100111101101110011111011100010010011000100101000000011110111000
0100000011110001101110101111110100110011100100000001010000100010
1011110001101111000111000101100111001101011101101011111101010101
0110011011001110110000100101011101001110010101010001001111010100
0101000111010011001011100001001111101011111111101011001110000111
1000011001111010110001100101001111011001110110110001011110110100
0101001111101010101010001001110010111001110100101111000001100110
1011011010110001010100000100010010100001011101010011110101010001
1111011010011111010111111111110001101011101110110000101110001100
1110110011111110101110011100000000001101001000001111011010011100
1100110111101111000000001000101100110000110110100000011011011111
0011111010011000101100001001011110011000101110111001011100111100
1110101100100111100011111111100001101111110111011010000111101010
0111001111101001001001101010100011100110010001000011001110001010
1001010010011010000010010100010000111111100000011110101010111110
1110100101001010100011100111000101110110111100000110111000101101
1110110110001001000000000011101000000110011100000010100011100110
0000101100111111100100011101010000010001111000010110100011010110
1010000100101100011000011000000001000111101000010101111101100011
1100011011001001100111011011011100111000011100001111001101000100
0101111010110101110110110111110110010100000000001001011101001110
1111011111000000001001001001101100011111110101010001111111000111
1101111110010111111010111101000001110110111110111010100101001001
1011000011011000110000000110000010101010101011011011101101111110
1000101001011000001000001111111001100001011000100100100101000110
0100011011000100101110110010011001011111101001010000101110010001
0101000010110010100110010100001110010010110110000111011101001111
0001110000110110100001110111000010010101011010110100101101010100
1101111000111110011001111111110111101110101101001101101100101011
0011010011110000111101001111011111101011010110111001110011010100
0100000101101110100011011010110011110010001111011100101000001111
1000010001100011010110100101110010101110111011110010000110001011
1011100111010001100100011010100110100110101000011010001011001100
0101101111011101100101101010001111101111101101101110100110001000
1111101011100000111001001100111010011100001000101001100110111111
1000111110011100100100011010000110000100111110111001010111011110
0110011111001101010011111111000010111011000011000000101000010010
0101111110101010111001110101111110100100111100000011011101110110
1101000100011111100101011100101001101101011011010010101100101000
1110001101001101011011011110010101001000100011101010110001111100
1001111011110010110110001011110001000100001101001000111001111000
0110111000110101100001100111011001100111011001000101101011001101
0001100010100110000100010110011101001011110010011010100101001000
0001011111111001011000000001000011111101100000001110010110010010
0110000010011010110110101011101001110111000100101100011011010001
0010100010011001011010100110001001000001111010101011111011111000
0111001000001100100110111000011111101000111000001000110011010111
0000100110000100110011110010001011011101101001111110110100010011
0111011000111101100100000110000001110101000011000000010010111111
1100010101011101111101011001111011100000101111000011110011111001
0100001001101010100111111110101010010001101011010010000010101111
0111111010111111010001110000111010111001101000010100100111011010
