0000011000100000110111111010110010110100011010001001011001110000
0000111100010111010101010010111110011000111010100011110100010110
0000111000011111111100001110111011001011110100011000101011000101
1010000111100110010001000010101011001100111111010100100011101100
1010111110110001110111100101011110010100000111000110101010001011
0001001101001100110100011010011111111010001010100111111110011101
1001101011101111011110001001100001011100110110100110011100100000
0001100001000000000010001000110000100001000010110011111010011000
0110011100111010111111000111111111111101000111011101100101000110
1100111011011001111010111011011111011011111100101100001110110101
1101100011001001011110101000010100000000000001001100110001110011
0010100100001011000011011110001010100110111111001011111100001110
0011111110101101001001000011001100110100100111100111111010010001
0011110110110010100010111011010111001100001011100101100011010010
0001100011110110100110010100001111010011010001111111111001111011
1110001010011010110100000110001111011010111000110011110110001110
0110001010111010101011001000101110101101111010010011001111001110
0110000001100101111100011101101100000010011110101001111000111111
1001101011000110011000001110011010011101101100110111011001100010
1001111000001010110101011100111101111010001111011110011000110100
1011101001100100101110111110111010010011011111010010011101100110
1010011111010111111100111001010101110111000010010011011101000010
1111000011100011110100110111100100000011000111111111010011010110
1010010011010101110111101010100101011010011111011101000011001010
1111111100000001110100000100011010000000101000111001001000011110
0110010100000110000000101101101010101111010110000000101011011000
0011111001011100011001011011110010010111010001001111000000010111
0010100011011011001111000110001000000010000101111010010100100010
1110001100001010111100001011000000110111000001010111101111100100
0111011100000010010010010100111111110010011100000001011111100100
1001011111001100110000000100101010100110000011011101010010011011
0000101001100111111100111100101011110111101111000011101101010001
0101000110100010101110101110111000100101000010011010110110010101
1001110111011000010001001101111011100000000010100101111101011011
0001001000010111100110100011001000111011000100010111100100010011
0001100011011001100111010010011111001010001011011101000100010110
0111001100111100011111000110111000110110010110100111110101011110
1110010100010100110101001101011011010100001111000011001000000011
0011010000011011010111111101110111000110001111000100101011110000
0110111011001001010000101011100010110111100001000100101000011011
1111101110110100111010000011101101110010100000100011100100101110
1010110101100110111111101010110111111000100000100001001111000100
1110010101010000001001001100000010010000000011101000001000010001
0001100111001100101110101111001110100001001101110011110111001111
0001010010100101001011111101010110100111010110010111011011110000
0100101111001110011001111111111111100011001001001101111110011111
1110101011001101101110101000101111111100011010110100001100101011
1011011000001011110010110011001001011010001111101010110000010010
0010111010000000010011010110001010001011100010111101000001011101
1011100111110000000101001011010101011100101001101101100101100101
0111001011111011100110000011101101001111001000010001001000111101
0101010100111011101001110111010111110101110100010001100000010111
0101000000110111001010110000110100101010011111000100001000011110
0110101001001011011110000001001101100011000111110011010110010111
0001001001000100000111000011001010111110101101010101001000111010
0001100100101011101110100000110100101011000001010010010000010100
0001010001001100000001010101001001010000000010011111010011001010
1100011101000011000101101110101000101100010001111100010010000001
1011100011011101010101000010001010101111111110000001010001111101
1001010100000111110100101110010010011010100110000001100101001110
1001110111001100001100100111100101100000001111100110010100101110
1100011010011000001100001100001010101001010001110010100000000000
1000000100000110111110000111110100011001000000000000111010000100
1110000100011101010000110100001000100001001100110011010010111110
0111011000010111111111011010111100001000101110011000001110000110
1010001100111110000111111000110001010010101100101100111101110100
0010111101011010001011001011010111000010111100011111111000001110
1100000101101111110101110110010101100101001001000001110111110011
0011110011011100101101000001111111110111100000100011101101001111
1111001100111111010001000101001110001010011101011000010001111001
1101111010000000110010001010110010100100100101000001000100100000
1001000101100010000011011101111010000001110011011110110001000110
0101101010000100000110000110100100100110000000100110011100000110
1000010000011110011000001001000001111111111111000110000010101101
0100001101111011110100010111100110100110000001010101100111000001
0111001110010110111010001111011001110100100000000011001001100010
0010101010111010110111000001011000000000100000100100000011100110
0110100110011100010101000100010010100110100001010011010100100100
1000110001111100110100100001100100101010000110101101110101111011
1000011010001110011101000111011110111001011110111111111111100001
0110010011101001001011101111110100010000101000010111100010011100
1000101001101110001100100000101111000001111111001010110101000110
1001001010000101001111101011011111011101001110111010101110101000
1100110110001001110111001100100000101100110101001011101011010001
0001101100010001010101101010111010110000011010011011111011111001
1010000011111101000110011100000100101001001101011110001001011111
1110000111100100010101000011010101111011110011000001011110110000
0011000011011010001110110010010100110101101101010001101110100111
1010110001011100100000011110001111011100001000000000100011100010
