0011111000110001011100110011011011000111011000110001001001101111
0001010011001101100110011001100100101101000001100101000001100110
1011111110101110001100010001011101010101001000111110100000110101
0110011000110001110010011101101100010011110100000001000000111011
0100111000010011101011010001111001100011000110001111001000111001
0001110101010111000001111110010010000010111001011110101111110100
1111001001010011111111001001100101100011000010010100010001000001
1011000110100101110001110111011010111001011110101000101001111111
0101110111100100000010010010111110111001110100001010110111100111
1111010010100010010000001100100100011000000111100010011100110110
0111110110001100101101110001001010111011010010100100110000101000
1010000000100010010110111110111001010111001000100011110111000001
1110000100000010010011110011000011010111110001000000010100100010
1001100011101110100101001101001110111111110001101010111011000111
0000010111011100011001101000101101001010011110111110100010010010
1001001011101000111000100010111001011100101100010011110100110001
0010001000011010000001011000000001000111111110101100101111011001
1111001011110000111000011010001011100001100100111000111001111101
1100011000011110011111001100110010110010101110000000111110110000
0111010111011000001101100110100001110010101111101100110001000010
0001001110010110000111111000101010010010000111111100110110111101
1110111100110011100000101111000111110000100000111000100110011110
0010000011000100111111011110001011101101011011010111011110000001
0001011011000000010100001010111001001101000100101110001001011000
0110011011110001000111010111100100001001110101010111110100101111
0101011010100100100011111011110111000110111001010101001111010011
1111110111101000000000101100110001001010111101110010110011001010
0100111000110000111101001100100010010100001111000010001100111101
1100001001000010001000000110000111010111100100111000000011001110
0110010100110101001111100101001011110000000110001000000010000001
0111011100011011001100001011101010110101010110011000100001110111
0110101010011110110110001111011011101010100000000000101010110011
0001101101001000000100100011100111010011100010110000110101011110
1001110000100010001000001010110001111011010100111101101101010100
1111100101001010101011000101111100001101101010001011011001101100
1011110001001000100001101111000010100000010010100010101011110011
0101011101101101011000101101110010011001000001001001100111010010
0010110100010011010001001100101000100110010000000011111000101010
0001011110011100010011101110001101100010000000100100001010011101
1111101011110100110011001010010111100101001110111111101100110111
1110000010000011011111100010111100000101111011010010101010010100
0101100011111100110111010100111110000011100111001111111100110100
0001101110010010111101001000101100010010111110000001100001101101
1010010100000111010110000111010111110100110101111100010110010101
0100000011110111111101111111000101011000011011010111010011100101
0001110101000110001100111111100011000101001011110001001111100111
0010111011101100111111001110110000110001110000000100000110001010
1011101001111110001111000010101101111101100000010011010111001000
0000100111001011111010111010000000110111001101010110100001111010
1100110000010001000111101010110100000000000001011001010001101101
1110011100011110110100010011101110000100001100111000010110100010
0110010010100111111101001100000101111101101001000011000111110000
1111110100001111010001000011001111011011001001000101010010110000
0101000101111111000010111001010011010101011110001001011100101111
1100100101100110000101100001001101011101011101111001011001000011
0111111101011110101000000100101011010100110111100101111110011111
0000101011111001001001100001000010011111100010001100111011001011
1001111000100101101011001101101001111110101000111110110010001111
0101000001000001100101111100010101011000111111111101001011001010
1100001101001000001010000010000011011100010010101000001010100011
1011111001010100011100100001000011010110111011011011111101010000
0011111110100011000110010010100101010000011111001010110001100001
1001111101100111110111010011110011100100110011101101001100100011
1001100101011011011110100010100100111110111000101110010100011111
0011001110010011001110101010111101111110010011010001110110000001
1110001110110001001001001000110011110101110110011101110001001111
1110110010101001010100100011000110010011100101110010000000000101
1111100010010101001110110001010001100111001111011101001001111110
1001011011111011001100000011001000010010000101001111110010000001
0011000100001101111101011100101010101010000111011100111111001011
1011111001011001010000001000110011100010000110000110001010111000
1100111101000000011001010010100011111000100111100111110100000000
0001011011000101111000010100010010011110101000100110100000111000
0011010000010001011100100111101001101111010100101001000011010011
0000011110110100011100010011100110100111000100111001011000100001
0000111101001100011100001011001000001010010001011111111110111011
1001011111001111110100111010111101011010001000001111101101010111
1010011100010011001111011110111110001111011011110100110000000100
0011010001010111110101000001101010011010001111110111000000111111
0000100101010101000011111100001000100111111011111111110111000111
1001100000101000001000000001000010011100000001010000000101011101
0000101001111100100001100001000001010000100010010111110010011001
