1011110101010010100111000000010001001010011100001001000110111101
1100101011011110101111000111100010011001011000001010001111001000
0010111010001001101010001011001101111010101111011010100010111111
0010010101011100100010110100110100011100101110101000110010111000
0110011011111001111110001111001101010011110101100011111100101000
0011010011001100001100100000001000001010100110100000111111100111
0101001011001011100001000111101000010111011110001011000110111011
0110010011111100111100111110011011011000000101111111110001010001
0110100101000110100010111100111111010111010101000101011000011010
0010000010000101110110111101100110110100111011111011000010010001
1110101011001110111001100100101011010110101111000101110000111010
1110100001011101110101100000110001100010001101011000110001111100
1001111111111000100100001000011001101010010010011110111010100000
1100001101000001110110000101111110001000011001100000001000100101
1011000100111011100010001010100010101111101001100110110001001101
1110110111101111111110110111010110001001111110011000011011111000
1100010101110111110010101110011010100100100001001000000001100110
1101111111011010111110010011011011001000101100011100111000011000
1000011011101101010010101000000110101000001000100101001110100101
1101010010001100011111100101111011011110100011110110101111110111
1001111110110101010100111011011001011001101001111001010010110001
0111110010101110111101101011100010000101010101000010110110100011
1011101011000010110101101010010001001110100011010110011001010111
1111101000001100101110110000110101110100011110101000111110001010
0110110100101000000001110111011000000100100101110110101010000000
0001001111110100000101111001001001010010010000010101000101101001
1000110110000100001111111101100001101101101001010111100100100010
1000001010111010010100011110111101111110010111111010110110000111
0101100010111000101001110000000111000100101010101010101011100000
1000000100010000111100101010101101111110101001011010110011101011
0101101000110000001011000110011010111001011011000000011100001110
1100001000101001001010000100001000101111101111010100000101010001
1110101010101010101101001110000011011100101100001111010100010110
1100010101110111100011000001000011000011010110001010011100011010
1111010011000000110010100001011100000110111010100101011111100111
0010000011010110011110010101011011000000101001010011000000011010
1001000101111100000111111001111000000110010101111101000001001110
1111110001001110110000110001001111010110110001000010100101000110
1001101111010111110111000010110010010101110110011110001011111101
0100110110111111010100010100100110001110011001110011110011001110
0010001011101110101001101111111011010101010001100001010111011111
0110110111010000001011100011000111001010001010100110001011110111
1100010010100000100001110100010110111110011011011000001010110011
1110001111100000100000101000011000111011000100100111101011010111
1000110010011100111110011000000000010000111101001110111101000100
0111110011110011101100001000100111001100001101100100111000010011
0011011100101101110000000110110100100010000010000101110111010011
0110100001000111010110000001110100111110010000110010011110101111
1110110111000000000011010011011111011101000000100100100101010101
1000111111000000011100111011100111011011011110001000001010101001
0010011010111001110000011000100111111111010010001011010000111110
0101001101111101011011000010000001010111110001000010101100010000
1011110101111010101000011110001100001111001010010111110111100100
0100001101000010010001101010100100001101001011001110001110100011
0110110011110111111011101110110101100111000111001101010111000011
0011101011011101110111011010100110110111000101101000011000011101
1110000010010110011001000010110100101000110111111011100101100010
0100001010000000000100110101001101001001101001011101001011100100
0100101011000110000110100110011111010101011100100110111110010001
0100010000110101010000000101100101101010100000001001011011111101
1011101011111111110111010011101110011110000001100111101000001110
0100010111101100110001101000100000010101010100110100100010111101
1010110101010001000110111011011100001000010000101100101100100011
1011111010100100010000010111010010100100001000110111011001101010
0011010000110110000111110110101100100000111000111000100010110111
0010100000010001010110000011000101111100000101010011010011011100
0011000000111110011100100000010100101000110100000010111101011110
0001110000101101000010000011000000011100010011010011000001001100
1001011000001011011011000100010110001001110101000001100110100101
1011000010111000000010110010110000101011101111011101000101100010
1001010000000010111001011101001111001110010110101110011101111010
0101010110001110010101101101010000010010011000010100001110010001
1000111000011000000101110111110011000011010110010110101110101010
1010111001011010101001000010001011011010000001010011011010011000
0101100001001010101000010001001101100101100011110001101100111001
0100001101111011000011001000011101100000010100111110011010010000
1101010011111000001011001101011000000101111011000101110011010100
0010101001000101010010010001100011011011000111110100110011001110
0101111000000111000101000010101101111110110011100010000000100000
0010001101010101000111110011001001000110101100101110001011101001
0000111000011101110110111001010100001111100100000010001111010101
0001101111100110001000010001001110111111110000001010010000100000
1011010010101111101101110001011101001010110010110111001010111000
0000111101101000101001100110001010101010000000000011110100100111
0001001110101111101101111001100010111010101101110101011011100101
1000100111111110111010001100011011011011000011100110010010101110
0110011101100111101111010011001101110011100111111010101001111001
0001001010000111010111011011110001001110111001010110011110011110
1110111011011100111011111101000001001111011000101001010110011000
0000101110110011111110100000101111100011001011100000101011100110
0010011110111001010110101101011010001000110011100100000100110001
1100010110011000101000101110001111000100000010010010101000100011
0001100100110100110011011001110111100001000011011011110010011111
1011011010100010010100100110100011111101101010101000001111110100
1111100111011010110001110000011011010111101110101100011011000010
1011001011001110111011001111000111101010111101001001110101111111
1010110111001100111111100110001001001001000010101001011011000111
0011101001111001011101111000101011100101000100111110011111110100
0101110001100110000011101010110010011101101010000011010110101111
0100101111100111011111001111111000111100001010010101111111111011
0101100010111111111000011010110000001010100101010001000010010110
1111100010110000011100001100001001000110010101000111010001001101
0001101101001011111011100111101101000111010100110111101011101100
1011100100010011110100101011011111001001010100000001010100001111
0101101111111110111110111101001101010000110110111011100100110010
1110101111000100001111001101000000100000100110111010010000010110
1111011001010001000001100110100011010010000100000111101100011000
1110000010010010001111101001101011000000110110011101000010110010
0111100011100110110110111011101101111001010111100010100011111001
1111000110011001100011100111110010101100111000100011000101001010
1110000111101001000010001001001110101111010001010000111010000100
0011001111100110101000000011100001001100111110000000001111101100
0000111001011001011001000100000111111000001111000110000101101011
0000100101010101100101010100010010001000011000100110111101100100
0110100000001101001101000011111001011100100101110111111011010001
0011001011111000101011111011111100010000111110100111010010100110
0010111101001111111010000111111100000011000101100000110011110101
1111100100110010100011001010001101110100110011110111011110100000
1011000111011011001111110100001000101011011001101001100001111110
0011000000111011101111011111000011000000011111011010011110011100
0100100010110010001011011110110101000011100110001100111001010110
0101101001100111100010001100100100011100000111011000010000011111
0010101101111011100110001100010001010010101110100011001111001000
1110101001011010001110001011011110011000001000100111001011001101
0100010110111100011111111110010010010001110001101111110111100110
1000111111010111111000000110110010010110001110011111101000011110
0101000000100000110001000010010011011110110100001110101111111100
0010010101010110001101001111110101011101001001001010001101000110
0111011010111101101010100011110111001011100010100000111011111101
1101101010111101111100111110110111110110000101000100001000011101
0000100010111111110110111111100101110011111000100001101111111001
0011110000111010110000011000100000010101101010111000011110001100
0011111010110101101110110110100100001000100000000010101110010100
1100100010101001101111110110011001111000110001110011000000010101
0001011001110110001010010011010111111111101010111100110101111000
1110101100001110000011001101010011101001010100000111101101100110
1110101100010111001110000011100001000111110101101110001100110111
