0101000001000100001101011011101000101010100010011000010100001000
1100100101001101001001101110110110100011011000000100110011111010
0100100000001001101000100111001010010101110101010100000110001111
1010100111111001101001111000000110101011001010100101000111101100
1000011100110111101110100101110101111011111001100001111000000010
0010001001110001111110100001100001110011000010011001111011001011
1111110000010111110111010100111110001010100110011000000110100101
1001010100010000110001000101010100010010010010010100111111011111
0011011101100101111001011011100101010110110101000111000011011101
1110111010110010010100001101110010011011101011101000000111011001
1110100001100100101111101110111011110011111101000110111011000000
1101111111100111110010111101110100010110011000100000110110001111
0010100011011001111111101101110010111101000101000011010001001011
0111001101000111000100000011001101011011011011001000101011001001
1100100100010110101001011001000001111011111001101000011000100101
1110110010001101001001100100001111000010000100101111001001100111
0010111001010010101001110100110100111000011011001101000101110110
1101001111011100101001100010111001011001010000100101001000100010
0101100001000111101010001001010011010100000011010100101011000110
0010001010101011001101100100001001011010101111011011010100111101
1010010000000111111101000001100100001011001000010101110011100010
0100001001000101010001001010100000100101101110011110000010110010
0011010001001010000010111101011000111101111001010010111000111101
0101101111110011010011011100100000101100001110111010000101010000
1000010010000111111100100001100001001101010011100010100010000110
1010100010000001110001110001111011000111011110010000001100111100
0001101001100001111010000110000111110111001000101110011000101101
0111000010101001111000001101100010010101011100000010010011001011
0001010110010101001100111011110111000111101000001000010010101101
1010000101110010010011100010010010100011101010000001111000100110
1111101010110101101011010011101000011011110101001101000000100000
1001111101010110010010111000011100110011000100000100101100110101
1001100001001111000111010000011100111010101010011101101001010101
1110001111011000111100110001001001110100010101011110101001011110
0101000001100101111101010011010111111001100001100010010011010010
1000000011010111111010101010101010100101011100000000001111100000
1001101001101100000101110000111101110011001111111111111010010001
1001111011100101110000001000001100001010000010111011011101010110
0001011110110001101100111010010001110111011000100010011001110111
0110111100100011011000101000000001110010000001000011110110010000
0000101110011111011110010011111100110001101111100011100101110000
0000111010001011110100111101000101100001101001001101001011111111
0110000101001100001001111001111101100101011111001000111101100100
0101011000100110010100011101111011001110111011001001101100111110
1010010001011001010010010110101011010001000110001000111110011001
0011001001111111111110101011011000101110101101110010110111001000
0001110110111010011101010010111001010101001000000010000100110000
0000010100110000000001001110011101010000101110000010011101011110
1101111101101110000011011011010100110011011011110001111101001100
0101101001010100001101001100001011111011010101111010010001000011
1101001101111001101010010100011100110010100101000001011000101110
0010101001001101011011101100101010100010001101001101101011100100
0111010101101100101110111100100000101011100001000111010000010101
0000100101001101001000111000101111100111011110010000001001001101
0010100011101110001001001000111011101110000001110110101100001011
1011101011110100100000101101000100100000101111001111111110010101
1001110000000110010101011110010110111100110100110111010100001100
1010010110000110100001110101100110010001101110111010010011111001
0010111110000111101010000110000110010000111001111111011100011101
0010011000101101110010011100111010000011110100110011101110110010
1011001110001011111100010110110010000101100111010001001000101011
1101000010000011011100111101101111111000111110110011001110101010
0010010011010011010100011011111000101111111010110010000110011001
1111100100110010001110010110111010110111011000101011011011001101
1010100001011000101100011001011101001111110101101100000100000111
0010100110011010111000010100001101011100110011100000110000010101
0011111100111101101001100001111010111000111101001010010110000101
1000011000011001110101111001000100100111010111010100110100100011
0001000101110001101110011111011001001101010101011000110101110010
1000110001100010011001011111111011000111100011001000111111101100
0111101100011001000101011101100001011011100011101111110001011001
0011110101101000111100111010001010010101100100000010111011001000
1011001100101111110010101010111001100100111101011110011011111110
0001111100010111111100011110010001001000001010001000101010111101
0010101010101000001100000010111001101101011101100101000000110100
0001111101100110000010101011111111000001110100000111001011011101
1001110010110110001101100001111000011010110110101011100010011100
0110110011001001010100110001101100010000010001001110110110110101
0100001100010010010111000110011110101011010010011101111010101001
0100011100011011101001010011010011110111110001101000100000101100
0001101010001101010101110010010000110111001010111101000010111110
0010100000011101000011000111101011011011110110110100111010111001
1101010111101110110101111000001010110110000100000010101001001001
1011111101011110111011000110101010011000000110011011100110100000
0000100111011000101110110000111100111100010101100100111110010110
1000010001101101100010010101101101001100000110110110110000101011
0110101010001001101100101011110010100001110000111111100101101111
1101110001101011111010000010110001101110011000001011011111101111
0001011001000011101110101110110110001101100010110101000010011101
1011111010111001111011000010011010010101011000001101011110010000
1001101110010110100011010101100010110010010011000001010101100110
0011101010010000111000101010101001010011010011111000010101001111
0001100100001110100101110010011001010100001101010111110100100100
0111001111011100001010100111011100010110100001010111110111101101
1000000010100100101010010000100111100111111110000011100111100111
0111110101001101111001001100010111000100101001100111100011111001
1100101011010101010001000100010001101010001100101100011110011001
1000101111110110010011000101100101000000010100100010110110100101
1001110011100001011110110011011111100001111010010011001010000111
1101100001001101011000000111101111111001000100011100001101011011
0010001001010110110101101101100011011011010100000110100011111000
1100101110100010100110001111111010111001000110001101000100011111
0011101000001001100111000010001101010110000001111000011101101110
0000101101111100011101000111000101111010100010000011000111111001
0111100011101000111010101000101000000101101110100011101000000110
1001111110110111000110110011000110101001101000101100011101000011
1010110001011001101100001000100111010101011111001001101100001111
1001101100111110101001101000011011101011010000101100100010000100
0000101000001101010001110011000111111110110101011100010110010111
0100111001001011001001000010110010001100100110001111010100010101
1011011110110000110100100111001011011110110010010011011010111000
1000110010000000100001001111010110111011010111001011100011110111
0100011100111001000010010100011100110101001101111011001101111100
1010010101101001110010000110001110101011000001000110110011000001
0111010001101011011010010000001010110100000111000110000010011000
0000010110101101011110000110010011111111111001001001100001101111
1001010100101101010001010111001001001111000000100111111001110001
1011100011110100010100110100110111110111011110000001000110001000
0111010100010001000011100000110011100010010101111011101000011101
0010010110110110000011100100010001010110100000111101010101010010
1000110011001100001010001010111111111110100010100000100000101111
1001011111110010100101000001010000001001010010001100010101001001
1011000010001100000100001011010101000011011111010111100011100111
1110011010100010111100110000111100011100100100011000001011010000
0111101000011110011001101011010011111011101111010011100010110010
