1111101111111000011100101010001011010100001001000010001010100001
1100010011000010110111101110110101111100101100011010111111101000
0100001101010111000010011001110110010001101101111011011101100010
0110100001010011110111010111110111000100010011101111001011011001
1001011101001101010010001011110011101010011010111111001001011011
1011010001110000000111100010011011111000010111111110000111010010
0000111010010010000011101000011111011011010001111001000011010101
0000001000110111001011001001101011110110011010001100100111101011
0111101010010000011000011111101011100110000100001000111000101111
1100001111011001010011010010100000101000101000101111010101111100
1111100000010101001011011001010001010001110010110001100101001110
0100010110010000110100001100011000011100111101111111110101000010
0001010110011000101010011010111100001001100111100111010101011100
0001011110110000011110110101001100111010101001100100010111100000
0001001111001000110101111111100000000010111101011101101000101010
1000110011110101010000000100010110011101100100000011010110011110
1101010001011011100010111011101011100110111100101110011101100001
1111100011110101001000011101001001011011101110100100100110001010
0011100001000110010010101101001111011000011111000100111100100000
0001111101110011101101000101001101100011101000110101101111111100
0101011011110001100001100001101101110110110110010111000001000111
0001000011110111000111101110110100010001011001101111001110011110
0111111101101001110111101010110000010011001110101110110110001111
1011001001111011010101111100010010000100000010010000010011110111
1010000100110110010111000101011101000110010010101110011011101011
0101110011000000011110100110001000101001011010000111101000101100
0100001000000101000010101111010001101100001100000110111110100011
0101111100111111001110010100111011110111101111101010101011011110
0000110000010100000011100011111110111011100011100111011110101001
1000010010110111101100101001101010000011001011000010000000010110
0000001111101001010000110101110001010110000011111011101010001110
0000011110011111111010001011111010011001100110001001011000110101
0101001110101011000010111101101001010001000001111011111011101111
0100111000100000110100100010100010110000000011110111000110100111
0010011101001000111110101111001001101110001000011111010000010110
0001011101100101111101101111011111101101101001001000101111010000
0101101011101000100010101111100001100010011000001010110101101000
0100111110011001110111101000001101110101001011101001110110110011
1001110001011001001011110100101011101000110101111111000100100100
1111010001001000000111110101001011000111111101011111010011111101
0010101111011111011101000110100110001010010111010011110001100011
1001011111101011101110001000011001110100110111010010111101011101
1101010011101010000010001111010110011111101101001100001101110110
0000000001100001101010100101111110111101101010100101011000000010
1111101100100000010100001101101101110110100001001110100100011110
0100100101011001101101001010010001101001001101011110101010101011
0010100110011010010101110000001100011111101011100010101101010001
1001101010011001001010000001100111001100011110001101011100111101
1010001010111001100010101101011100101011100000100101100110000011
1000011001101111111001001001101101001001010111000011000001100110
0001011110001010101100111110011001011001011100111000100100100001
1110111000010001010100010010111001110011001010111100110000001010
1000001011100001111010110001101111110111011100111110010011011111
0011111000011101000011111001101001001101000111000010110010011001
0111001001101111111110100000000000001100010001001011001100001000
0001011101110000101101110111100101000110101010011001110110100110
0000001101111000100101000111011101011010010011101001010111011111
0111011111000101101010011001001111010001111011011000011001110000
0011010010100110011010001111100000111000011100011000001101010001
1010001100100011100111001110110101100011100111110111100100000001
0011011100010110110111010101101011110101000101001011101100100011
1001111000100111011100110000100000011100110010011110111011111100
1110000000000001001100110110101111010011100100101010001101000010
1011110010111010110111100000101010111110001110010011110111101100
1110001110110101111010000100000001011010101101101110100010111011
0000110110111010111001010011010001000101001100111000001110111011
0010011110001110110111000001011100100100011100110000100000111000
0000001011010101111010011001000011110110010010111111010101110000
0100000000010111101111011011101100111110101110000100110110101011
0000001111010101100101001000010000110010101111011000010000010011
0011000111011111110011100110100111101001010011011011100001010101
0111011001000001111110001001010010100001100110011000111011011011
1001100011011000001011110110001100101010010000001010011000000000
0000100011101010001011000111100000001010000010001101000000110100
0101010001100011011011010101111110001101110110001110100001101000
1010000110100011011110110011000101110111100000011010111101001101
1111001101011010111101001110110111010101000100100101011000110101
1101011111111010101111000110100000101000100010011010011111010111
0101100001101011011011011000001110111010010101100000111011111110
0100010011110001010110000101011010011100101100100101100111011010
1001100001010000010010011011001000111011110000110110001011110101
1001010110101111110011101010000000000011100011011111000010001010
1001010000101011111001001110101010001010000011010001011001110101
1110101100000111101000110001101000000001101011111100011011110100
0000010100101110100010101110001001101110101110111011101001110110
1010100011110101101100101000110110110011010100100001011011111101
1111001001101010110000111111000111110110110100000110001010110001
0101111001101011110000001100111000000101011000001010001101010011
1100101111110001110011110000111101100111000010110010010000011110
1110101010000110111000110000101010101110111011001010100111001010
1101110011110011100011101110101000101111011000011010100111001110
1100110100000001010001011001100100111001111010010100011011000111
1110001011011011111001000001101101001111010111001010101100100010
0110011010101000011110000010101000011101011110111001100101000110
0101010100000011100111001111010110110110111000001001111010010111
0000001000100001100100111101110111001111010000010110001010010111
0100110101010100111000000100111110111110111010000111001011010001
0110001100100001010001001110100101100011101110111100111110110000
0100001011001110011001010100100101110101111111001010000110010010
0111001100010111000101111011101110010110100111011111011111000111
0000011101010001100000111010011001110000010000000000111011001110
1010000001000111011100011001000101011100100001011110110100111000
0000001111011110011111110101011000000110001000110100110011101110
0101111111001000111001110000100110111010101111111001111000001100
0011011101001010000001010111100101101001000011100101011001110101
0111000010000110101010101111110000101000110100100000010100110101
1101000110001001111100100000101001100110101001011101011111111110
1011000000011001100010000001010100111001000101110101100101010110
0011010111011011010110010100100010000110111110010011111011110000
1110001000001001110010101110001101110000100100001111111000001010
1110000011000000001101001000011101110110110010011111101110111000
0101101110010001001010010110011111111001001000000100000100011000
1001000011111100011011111000011111000110001101111011011100001011
1011001001100010100010000010111011001010101100100101000000101010
0000010110110010000011100000011100010010000111000001010010111111
1101010111101100101000101000000100111010000000000001110010000101
0000000110110001010000011001001001100110010001110111110100001101
1011100100101111000111101111111011000110110111000011011111000100
0100001001010000010111111101001000001011110010110110101100110101
1111011000011001011010110001100000011000010101100101101111001110
1111010111001001101001010101010110011100100001010010011111110111
