0101110100111001100001000010101010000001000010000100100101111011
0100100001011100100100101001001101010010000000010010001101000000
0101100110011011011110001100110100111111011101110100101000010110
1110001111010100000010101000000101000011011100111010111111011101
1101100111101100010001010001111100000110011001101001111111001011
1010000111111001000111110001100101101001000010001010110010111110
0101000101101110010101011011101110101000010000001010111000001101
1101110110001000111100110111110001010000100010111010000001000111
1010010110001101101000100110111011101101000011111011100010101100
1001100000001011101101000111111011011111101001101101010111100000
1110000100001011011000100011100110011000000111110111001001001011
1110110110010110011101100100010000111001001001011011110001110011
0000101110100010001001011011111010001011010000000110110110000001
1010001101110000010011000101110110000011000111101110100110010001
0100110011011111010011000000100111101011011101010011000110011000
1100000100001111010110110000101101011111110001111100100011000011
0111011010001110111011001110001100111010010001101010101011010110
1000111000101010011100100100100101111011100000111111111111101001
0010110101010110010101110011011001001000011110101110110100111110
1000100100110010111010111110100100011101011000111011011111010110
0101010111001100101111010010100001000000100110101101000010111111
1101011101100010011111011001010000100010001011010001001111011010
0110101001101100010111011010110001100000110001101101100011000010
0111000010101101101010001111110101001000100001111011001011011011
0100001110110111110011111101000101001101011100101111010110101110
0110110111101110111111110100100101000011010110101100111101111100
0110111110101100011111011101001111101110011110110110011000111010
0010000111111001100111001001010100110101000000001110100000001101
1101101110010001100010001111001111011110100101011010100000110000
1101001011000101011010111001100100000011110101010110111101110100
1011010100010000111101010001000010100010110001110010011011001111
1001110110011010001011001000001110001000011000001000100111000100
0110001001001000100110001110100000011011100100000001110010100111
0101110110000011100100001001111010001000100011111111110011000010
0110110000101010011010010100010111011101011111100000110111101100
1100100000011100001110000110010111110101001101111110000001010001
1111000100111101001010011111010101111011101010000100000101000101
0110000001001111110010111101110111010010100101011111111110011110
0110000010011100111100100101001000110001100001010101110101001010
1110111100101101101001011111110000110111000101111111011100000000
0001110011001110110000010100101111001000111011011000010111100111
0011010001000100111111100001100110101000100010000011111011101100
1001101111011100101000100100001011101101111110011110111001111011
0111001101111001001010001000000101111001101001111101100010100000
0010100010101110011111101001110100100011100100100111000001011111
0000011001000000111110110100010011110001110100010000101110011001
1000101000010111101100011010001011110111000101011011001011111101
1010110001111110110111100110001011111100100011111011011011100001
1000110111001111010110010000011100010110100100100110001100101101
1111110111100000010101000001101110001111100110111111110100110010
0110000010000101010001001001010110010010000011000100001010110010
0000111011110110101101110100100101110000000000010000010111101010
1100011101011001000010010110100101010011001111010100101111100111
1000111111101111111110100110101001100010101100100001100010010001
0011110100001110010001000100000000100000011111111110101000110010
0111100110000000011111011100100000011100101000011011110111110011
0101110100010110101001001101111100010100100010101101111011101000
1000111010010111011000100001101000011100011110010101011010101011
0011000010100101101101101100010010110101001000101101110000111110
1100110001010001011101100010101010010101011001001000010001010011
1110000011010010001110110111011101011000000010100100001011110111
0010111110100101011000100010100100110101011110111010001110110111
1000101111010000000100101110110110100111111010110000100101011001
0001000011010010110100001011000011110110010100110110100001001110
0010101010011001001111000111000110100110110110100010111110100010
0011010101011111110100001000001110001010010110111110010011000111
1011101110111000001011110100001001000110101110111111000101101010
0011011001101011000001110011011011000001001000110000100010000110
1110011111101010101000010101111000011101011111101101000101101111
1101011010110011100100010101011111111000100101110101000001010111
1110011010011111101000010111100101110111000110101101000101000101
0111010110010110000110111101110111101010000110000101011010011000
0010000011110010100001010111111010101100011010000000101100100010
0010010100111010111111100000100011110001101111110000110110110111
1111110000010111000010011111010100110110110010010101101100011010
1101101011111010001101101000011101010011001000010011101001111100
0111000100001100111110110000010000100100000111100000000101100001
1100001011101100100100000000101111100000100000101100101100101011
1010000000110110111101010101110001010111100111001001110011001111
1000011001010000101001111001010010000001110000111100000001110101
1101010111111110110000110011101110001111110100111100011001110010
1000001101010010010111001000110010100111010110111111111001011001
1111000101100111000010000101010001110110101101110110010001010010
1000011110001100100000111100100010111011000010110101001010011000
1111110110100011010100100011110111001101011111101001010011110111
0000111000000100010001010101001111101101000101101111011111100000
0000011000000111000100000100111110100010000100110101001000100011
1100011110111000011001000000111011111101000011111001100001001011
1100010000010001111101110110110001001100100110010100001111000111
0011011110100001001010001111000110101110001001101000011010111000
1101000111110000001110000000111111011000001011110001101111100111
1110001010000000001101011110100111011000100010001000110101010001
1001111110101101001010101111000001110011010000100011001010111000
0101001110101110100110101101011010011111101000110100011101110111
1111100010110000000011110001010011000011110000001101001010010000
1110011110100001001111010111001001000010010101100001000010011110
1011111101100011011111110000100110101011110111000001101011010101
0000001011010101110011110010011000000101001001000000001100111110
1000111010010100111010010100010101001100110100001000110011010100
1100111101000101110010010010001011110100110111101001001100110101
1011001010101111110001001100001010010000101111100110100001110001
1111101010010001100000010110100010001111011101000010000010110111
0000001001111111110010001100101000110100111011010100111011101001
1111011011111110110000000101001110100101111001010011011001001111
1000111111101101011010011110111101001001010100010101010000100000
0001110101101111011001001010000111010011100011110110101110000010
0000000110000101011011011110110000100001000101001010100111011110
0101101011001000000101101111101011110111100010010001001100001101
0111010011000010111100110000001010010101111010000001011011101011
0001101010011101011010000011101011111001110101111111100010111110
0010110010010110001010010101010011100110110001001011100010111001
1001010001001010001101010010010110101100110001101011000011100111
1010111010100101110111110011001100100000111001001001111100011010
0110100110001000011101010011111100111001011010100101011010110101
0011010110111110111101001100101110101110000001101111111110100010
0101100010001100010000101100010010111011101000111110100000001101
0000010011111001000101000010001101111010110101001000111010101110
0100101011010001010010101111110100000110111111110111011011011000
0110011111110101001110011000101011111010011101010001011001100000
0110011100111000000100001010111111000110010111110001110100000001
1100111110100000001000101011111010101010011110101000010010100111
1101010010101111110111111110101110110100001101001100000000001010
1110011010111010111000100011011011111101011111101110000001010110
0100100010101111100011101000111111001000111010011101011110111010
1010001001010110101001100111010000100111100011011101100111101011
0000100011011101110100001000011000010110001000110100001100000100
1101001001101011000000111000100101100011011100010001101010000010
0100011111011101100001110101001000101001101100010111000111100011
1001011101010100101110100010000001000110000111110000101111011011
0111010000001110000010000110010001101011100010011111000010000001
1010101101000100101011001000110111000111011101000000011001100111
1100110100011000101001000000110100110010110110000111111001000111
0000110110101101001101000111010000101000110001111010111010011001
1001111110101101001001101011110001100110010100010000000101100001
0100011010111110101100011111111100001111100100011101001100011001
0001101111000110011100000001010000010000001010011100111101111101
1110010101110100111010110100111010111111101001000011011111001001
1111111111111111001110111010000100101011101001110100001000010011
0111110011011101001111110001100000100101011111011101111000100001
1111111111001010110101000100110010111110010011001010010010010001
1010100111111010001110000001000101101110101101101010110010110011
1110011110111111100011111011001101001110101101101010010101101011
0111011001100010100111000001101100110101101000110110001011101101
