0110110000111101000001101000110000001000100111110101100100101100
0110011001101101110001110111101100001110011101101100010110010110
0100011100111111000010011100110100111000110111110010101011001100
0000110100100001001010101100010111110110101101100000001000000101
1010001000010011100110110101110001110000110110101001100101000100
1011110111111111000111100010001100000110000101111101000000010000
1101101111101001000001001001110111110111010100001001110000011111
1100110010011001100000100110100111110011000111111100011111110011
1010111101000011101110101011110000001000011001110110111010101001
0011101100000100001010010010100000100001011011100100000011010010
0000101101100110011110001110111100000010110010111111101101110110
1011100110011001110100011000001001100010011010101010101000011001
0011110000010101000111100101111011101100101100001101000010011010
1100110101000001110000110111010100010011101101110111100011001010
1011011111000101110110111000100011101111110110000111010100011110
1000000001001001101011001110001000110000111011110010111100110010
0110101000000111100100110011011000001111110100000010101100101100
1011011011110111011101111010100011011101010100001000110101111011
1001101010100000000010110011010010111010001101001000011001101010
0011101010110111011110000001010111100001110111010011010110001000
1000110101001101011100001010001011011011011100000011001001110001
1101000101110001000110010000100010101011001010010011110100010011
1001101110101001100101101011010001000000011011111100001110000101
1010111010111110110100000011111101101011101111110011000101011100
0000111101100110101011110100001101000101001000001010011001001111
1000000101011000110000101100000111111010011101101001101010010110
1111111011001110111001101110001001111011100011011001001000010111
1101100100001001011010001000001110101001111011011110100000110010
1101100111111011100000101111011011011001011000010000001010011100
1000111100010101101110010110100111001100111001100010011000101010
0010011111100111111000000111110001101100001111011001001110010000
1010010000100000111111011100001010011110100001010010101010010111
0010101001100001000110111100010100001010010111001100001110011011
1000011000010100111100011000011001000100110101010100010001111111
0010100100101101001001011000110011010010010100000010001110001110
0001100011000000011010001000000000100000101011000010010011010000
0111101010101101011101001000110011000010010000011001110110001101
1001011001010011101111101111100011110111101001101111001000000000
1000000110101111101000111010101000100111111111001010110111010001
0000011011011101000100000111111000010011011100011100011110101010
1000110001100110001000011000001101100111111111101111101000000010
