0110111010111111110100001100011111010011101100011100101011000010
1001100001011111011110110011001001100101101011110010110101111100
1100010101111110101010111100000110100111100111100000100001100000
1110010000100100001110010001001001011110010011110010001101011000
0000001111100001000001011101010100100001000100100000001111101000
0010000011111000010000110100100000001100110100111011000000100101
0101110101101101001101001111110100111100010011100100101001010000
0011110000111100010011011001000111011100101110011001010000000001
1010100110111101001101111010100110111101011110100011101100000010
0100110111001001110101000011010111010111110000111100000000101100
1001000000010110010011011101010100011101111110110000000100000010
1101001010000101111011100101001000010100000010110101001111110001
0101110110111010111111110101110100110000111001101010000001000110
0000100101001001111110100100001001011010001101110110000110000001
0111010101001110110100101100010001011011100110000101100000111000
0100110011111011110001111000100001100110101111010101000011110010
1011110000010011110010001011110101110010101101000100001001111001
0001101101101110111100110111111110011000001100110011111011011011
0011100110100001000100100110101010000000011011000001110011001101
0110010110111001011100111001111101000110000001111101100011110001
1111101010101001110011001011011000111010101011100100100100001101
1110110001011000111011001011001000000011101010101001001010000010
0010111000101101000000111111010001111111101000101110110100010110
0001111101000000101100111000011010010111111011101010011011010101
1010011000110011110011100100011011110100000001010010001011110000
0001101111101011111110001100000110110000111001010110110000011101
1101001010111001011100000110100100111001111000011011011111001100
1001100111010111000100101001011110000001111011111111010101101100
0000101111111111100001001101110010011111111001011000110110111000
0001011001010010100111010001000000000100010011111110010011111110
1110101110111111111011001101101001110000001111000010010111000010
0000000001110110000001000100100010101101110011001110100011111011
0111101110101000111101111101010111110011011111011001001000000110
1001010110001110000101100001001110010000010000101000111010000111
0001110001111000001011011101000000010111010011111001001011111101
1001001010000011110101010100100010000000111011011010010100010010
1001100101001001100011001001011110111011000101000101000101110100
1001011011110111101111110100001100010010001001000100001100011100
1000010011110110110001010110001001010111001110111001100111010010
1101011110100101010111010101001000000001110110111000001101100110
1010000001100010000001010110011011010111110010100000110100001000
1010101011010111010001000110110110010111101011100110111000001111
0010000001000011111111011100000111100001100100011101111100000000
1101111011111000101101000111111000011110101011010000010100001001
1100100010101001000011111000001111101110001110010101111100000101
0100110010111010001000011000010001111100111000011110101100110111
0001101011000011110000010111100100011001010100101010010100101001
1000111001100111110100100110010010000001001100011011100011001100
1100111101010011110111110010001100011101010111010000010100101100
0010011010111100110101111111000111000101011001110101100100000000
0011000110001100110110001101011001100110001000110001000100100101
0110111110000100100100101111001110100110111001110011000101010101
1011101110011110001111111111110111100100011010001100110010101111
0000100010110101011111100110011010100101000000010010101110000101
0111100011000101011100011001011101001010110100110101111000000111
0000011110001111100001001111110000110001100111100111000010111010
0111001011111110111011001100100100000101110011101010000111110001
0000000111101100101101000011100110111011101101100101101100001111
1101000001001000111001111000110101110010010010001100011001010001
0100011100100011101000110101000011001100110000110011010101100000
0001100000110110110101010011001001001010110101110110100100101100
0110011110010100101111000100101000000101100011011011111011100100
1011111011111111001000000100010011000010111110011110101000001100
1101101100110100010100101010001111011111011100011011100100001100
1110100011111100111100011011001001011110001010010010011001101110
0111101100110000100100110001110001010001000000111111001011001110
0001101000000000111101010100011001010001010000111101100011100011
1000000000000101101100001011010010000001100011100110001101110111
0111101110110101101001001101000001110011010110100110100101101101
0001011001000000100001000111001001111101101010100000011001100011
0011100100010000001011101010110101011111101110010101000101111000
0010110101110000111000010100000101100100100100101101000011111100
0011111111010001111111100101000011110001100100101110101101010001
0011011011010111100110101011011010111101110001100010101011000011
0010011010001100110111000000110100001100101110111011111110110001
1111010101110000111000110101110010000100111000010101000100110001
1011111111000000011001010000011011100000000111101101001100110101
0010001001000101100110000101100000010100001110111001100101111101
1011110001111100100001001011010111101000100111101110101011010101
1011001110101101111111011010001111100001111010110100101000100100
0011101010010011000011101100100100010001011110000000100001100101
1001100111100000101100110001110010111011000101101000101001001010
0001101000001101011000001011010000111101101110100111101000011111
0010001000011011001000010011010101101010000011110110001010011010
1010110111101000000101011101100000101001101111100101011100111000
1100100010000100011111001101000111010001000111000111000110100100
1110100101010100000100111111001000111111000000010110001100000101
1000101101000011011010110010000000111111011010010101100111000100
0100000000001111011011001001111000000011001010000110110000000010
1101111100111010110101101100011110101001000001111011001010010101
0101100000100101100110000011111001011000111100011110001101101000
