1101010001101111001100001001101101100100010111000100111001110100
1111010110100111010011000011111110110001000001001000001100000110
1100010010000101111000011110011011000110111001010010110110001010
0100101011000101011101010110100110011100111110011010111011001100
1111111111000000001000000001100111110100010011111011100100011011
0000010000000100111001100010000000110000100101110011000010110011
0111100010100100001000001011001011101000101001010111000110000011
1000111100001111100111011101000001110110100100101001100101101111
1010111110100000011010111011011111100001001100000000101110010111
1110000000100100001011101111110010010111001001101110011100111101
1010111110001011011110111010101010111100010110111110111000011001
0111101100100101110010011111010011010101010011010110111100101010
0111110011011100110110000101001111010001001001101010111001011101
0110100111111101110101110000100000111110000110010010110111111001
1010011010110111111000001101111101000111000101000010010011011010
0101011000000011010101001100011001011101101000100101101111011001
1111101110001001010101111001110110011111001001010101010011010010
0111000101001101000010101011110001000101010100010010100100010110
0000000111001010001010001010000010010110000110000100011000111100
1110011110001110001101010011001000100010001101100110000011000100
0000001110101000111010100110010001111110000011000001110110010010
0001111010111111011000110001100110011011000100010000110101101001
1110010001101110000000101001000011011110111100111000100000100110
0011111100000111001101011010100010011100101111101011001011101101
1000011000000111010000010000101000101110101110000011111111010010
1110000111000010100110110110111010011001100010110110001011100000
1101011011000110101011110011001000110000001111011101010111010111
1101101100101000101011010010011010011000010001001000001010001110
1110100001101011110001111111110010001001101100110111111010000100
1101011011101111000010011011001001101110010001101011011100010001
0011110110110010010100110010011101100100000110101101011111101100
1111010011000101010111000010110111110110001011011010100101111001
1000000110111000101100101010111010101011110110110000011000010011
0111110000100100001101001011011010010100010110101110010011010110
1011011111011010001010100111001110110000100100100010010011000100
0101011111011011001011011011000000000100000000111000000111010010
0110011001101110000100111000111100101011110000011101000101000011
1001000101111011000000100001010100110001010100011111010111100000
1000001000110001010011110100101000001000010100000100000111100010
1011001001000110100001101011000101101000000010111101100001001111
0010110011111010010100010010001101000010001101001110110011000110
1000111100110011011110011011010111110100010100110111011111001100
0111101110010101111011001100001000111110001000001110001110100100
1001011001110011010100010010000001100111000010010110000100100001
0111000101111010001101011100000110011101110010111001100101011100
1111001011110111110010010101011101001111011010110100111111000001
0000111000001111010001111101101010010001010001011011011011011010
0011000111100011001000011101100000000111001100000011011010110101
1100101000111011001010000010100111000111101011011011100110100000
0010001011000001111001001101111010111100100111001110011111010011
0010101010001001001011110100011010010101011001111111100100110010
0011110000001000011011111110001010101100011001011001111101101010
1110101100000101101100100011101001011000110001001110110100001101
1101010100100110100001110011000101000101111110101000001011001101
0011000010000001100000101111011010111100100100010110110011110011
0010110001111100110000000111110010001101000111000010001110011011
1111100110100010001111101000010011101110001110111000010010000110
1111101101011110110010010110010010011001100101100000001010011000
1010111110111111100110110010110100100001010001011001111111101110
1111111110101110111011111010011011001101000111001011011101000101
0010101001000101110001100100101101000010011101010011010001011101
1110000110000110110100001101100001101001111001000111101010111010
1100000011011110101111001000111111010010000000001010011101100101
0100101101011000001001011010111010101010101001001010101110000000
1100111110110100011101010011111000000100010100101110000101001100
0110011101011001100011010011110011110000011110111110101001010101
1110011110110010001110111001011001111110100111000011101010001110
0001010100001010000110101010101101110000101010011111111001010000
0110011010001100000011011101100001100011111100101111010101111000
0010001010101101000110000011000010100101111011101101001010101110
1001001101000000010111000111111001001000001111010010010010110101
0111001111010011011011100011010100001001111110001101000001001010
0111111100010011111000001101011101011101001001101110010000011001
1101101111100101101101010111010000001110011111011111011101110101
1100111011110010001111101101100001001101101100011111011010011111
0110111011001101001011110100001110110001101000000111110000110001
0011100110111111011000011111010001100000001101010000000100001001
1100111010101110111010110110010010110100111100111001110101100111
1011000011100100000100000111101100110101100001100000101101101111
1011011101101001000000110101011000011000011010001110100101101100
0100101111001100110001010111011100010110110101000100000000100110
1100000000111111101011110100101001110000000001111001110111111100
1110100010100110111100001001000110010101000001010001100111111000
