1111001101110010101111000111011011100011001101110101101010011110
0101010001000000010111001011110100111001111010001101011000011101
1100011001111011000011001000000010010110101010111001101110000111
0101010011111110000111111011010101101110101100101101111100100000
0110000110111011000010011011101101001111001010111000001000000110
1111100111100101010101011101010111000101011100011010111000001001
1001111000100011100000110111111001011100101110111110111110010010
0111111110000110001100000100100100011010111100010101111110101001
1001101010111110101111000000101000001110010110010001110000010101
1101100000010111110010001111001100110101101000011110011100111011
1111010101001011100100111001001100000010100100010010111001100011
1000001011110010100011100111110110111011011110001110001000000110
0001110000010101011001000001000010001010011100001000100010111000
1101011110111010101000000000110011111111001010111001100101110111
1001101011001111110010100010110001000010100010111110111010001000
1101101101011010110000111010100010011100100101111001011010100011
0101011011010111110000000111101111100100001101000101000110010110
1101010100010011100000001000010100001010010111000011100100111000
0110111001000001000101110001110011000010100000011100011010001001
1000001100001111101010011100010101111011111011110001011011100100
0011010010001111100111101001111010000101010001101001010110010001
1110011111111011110011100001110010100101110010110001011011100001
0000011011111011010101000011001010010101100100101001001010011000
0110101010100100100110110000011001001000110000001110100101110100
1001011001011101000001100110010100110001101010001100111000110000
1101110101011011101011011011010010101100010111011011001000111111
0101110110101010100100100111101111010100011000000111101001001100
0101111101011000101001101001101010100100101010111101111111111100
0110000000000111011010010010100001111111001110101100100110000111
1010001011011100110111101010100111011111001001111101101100100101
1101111001000011100101001000100000010100001110110100100000110100
0111000100000111011001000110111100101001100111111110110110000101
1011100111011101011000010101010000111101010010000011101110000100
1010101001100110010010001110011010010010010011000110110000011111
0110011011101110000011111000101010010011110000100011011111011100
1101011011111001111100111010101000001000111001111111000101000111
0111111010100101111000110000011110101111000101100011001000100011
0011101101110101000111110011100101101011010010011101001001001110
0111100110101011011000111110100100001011101011011001010001011111
0011000010001101010001101101100101111010001111111101000000001101
1111001100011111011100001000100110100000101111000100110101111110
1011011111011100000001110000000011010001001111110110010000111010
1110011110000000101110110000000110001011010101111000011010010100
1111010100110000000100010100111101010111001001111101001110001000
1011111110011000011001001110101001110110010010011010110001001100
1101001000111101110010110110110100110100010111101010111010111101
0111000111100110011001111010110110001101100110000011001110110101
1001101001001111110100001100011000011001010011011001110101001101
1100100011100110101011011010010110101000111111011101111001100101
0101010101100101101111100010000010111100011110100011101111110010
1011101000100111110110000101111001011001000111011101001110010001
1011010111000000111000111110011100010011001001000110101001000111
0011000100000000010110100011111100011000111000010110101000110001
1000110100011010100100011101011000001000110100101010011000011010
0100100001001100101010010101011011101001111100111011011000010111
0001011100100101011101110010001110101110001111100010111000000000
0110000101100101000010011001110001101100111101100111011011011101
0010111000100111110111110111011000001000101101101001101101101110
1110100000011011110000001100011001111010100000111100010000111111
1000010000110100011010101000111100010100101111110101010010100111
0000100001010111110000001110101110000001101000100100001101101101
1011110010111001010101110101010011111100100110110010011000110010
1111011101001011101100100101110110011011000110011000111100011111
0000010000011011010001101100001111001001111010011110101101011011
0111011101000111100000001110101010011010000101001100101100010111
1101010111111000101011011011100010100000101010010011110000101000
1011000100111101111011110010110000001110101100010011111100100001
1101001010010000111101011111101110001110010101101011101111001000
0110000000111011001001001001011101101110001001011000100100011001
0101111100100101111000111010100101111101011011000100001010100010
1011001111010111111010110101100101101101000111110110101101101111
0001011110111100011111010011011001100111001110100011110111101000
1011111011010111011001001110101100000100100010100000101111000111
0001110000001100101010011100101101111011001110111101000000000110
0101111100001111001100101010000101000101010111100110110110000111
1100000110100110000011011001001011001111000111110000101100111000
0100010001011010111001101001111011011000000010010101101001000001
0010101000011001110001101010101000001110101111100110101111001100
0010001101110011110111110100000000001010001100011001010110011100
0000110011010010100111001100010010001110000000111001010000101101
1000011110010010110101101001001101001111011011000101110101000010
1000010001111011111010101111100111001100111011100101011101101001
1001011000101111011011110011100101001101010110100101011100001000
1100010101110010101011110001011000010010001000001100011010100011
0111111000010000111110100100000111011101000101100001010011010010
0110110100100001110101100101110111111110101011000011110001001011
1110011100100100010010100100011001010011100011110011010111000011
0101101010110101001000110100011100110101010011101101000010110101
1111111000011101001101011100100101111111010010111001001000100101
0000000101111110001100100011101001111010110110100111101101101101
1000100010100000101101111001000100001011111010111000011110001010
0101001001010101100011001011010110110100100111111100011001110100
1011010011110100110110100000101110001010100101001010101101100100
1011001000011010111110010010011011101010111111111000100110101100
0110010011110111011010001111111110111011000010111110001011010101
0111110011100001101101000111001101000111100010001000010011100010
1011000001110010100001001011111001111000010111010000111110010110
1100110100111110000100001110000111110111100001011110000010100111
1100111010000001000011001100010100101011000010001111101100011101
1010101011111100010100001001100101011000100101001000111110000011
0110101111100101010110101100000001111001101111111010110000101110
0101000111010110000011100101010010111000001100100011100100100100
0100001001011111010110101011110001100010100101111010001110010111
0111110110110001010011000011010001110110011111100010110111001000
0111110000010000000101010000011100010010110101110001011111111101
1110000101110001001101000100011110011000110110111001011100000100
1010101000111010011000010010011011111000011001111000001011111000
0001111011100011010110101101100100110001011001111101111010111011
1111101010110110011101100101101011000100010110110111011101001001
