0011100010001110111110111011111010001101111011010111001100110000
0011110111010111101000101111100100110000110011101001000111101011
0101110101101101100110001111001000100111100001010110010010000110
0110011011000111100111100000110010011010001101011010100011000001
0111001111110000101011100010100011000110111011011111111101111111
0101110010110011111011001000011000100111000001110001001010001111
0110011100111001011110001001000111001110000010110000001010011010
1110000101000111111010101000101001011110100000011011111011101111
1101010011100001111001000111000110101101000011011010100001011101
1111111111001001101110110011001111010001101101000111000000100100
0101000000101100010111101001111100001111011001100100111111110101
0010010001011101010011110000010101101100011010010101001110111001
0010000111101111011100011000001110001110110011001010100011110110
0111011111000001101101001110110001001010110000101101010000000100
0100110101110100000101010001111011111101011000001011010111000110
0101011011110100100101011011100110011101100010110010100010010101
1001000011101010111110011010101000000010010111110001000001100001
1011100111111100011111101100100111010011101101000001110110110001
0000101110110100100010001110111101000101001100111001010100000100
1010110010010011101110010010011011100001001100010101100100000110
0001010111111111000110000010101010101111110011110100001001010011
0110010000000010111000011011010001101111110110010110100000101100
0100011000110101111010001111000110111111010111001001110001101000
1101010100011000000010100000100100101110001000011111110100010101
0000000000011101101000101001000111001010000110000010101111000000
0000010011000000100000000100011110101101010101011100110111010001
0100000010111100110001000111100000001001010110000011011011011111
0110100100101011100110101001110000000101001011000101010000001001
0001001011111110101101001011101000100000101010001110001111001010
1001001010001000100010110100111110010100111001010010110000010111
1100110100101110101100011101000000110111100010011111001101100111
1101011000110110100010000111010110010110010100000101100001010101
0000101101101001101010101010110011011011010010011100000110110101
1001110110110100101110100011010000011111100101111101111011101011
0010010010110011011001100000111011011001100100110111010011100100
1100011101010011010110011001000001100111000000011010101001110111
0011110011000110000111011111011000110000111110101100001110101011
1011110000111111100000111000010001111100111000100011111010111100
0101100100100001101110011001000111101111001010100110001101111101
1010010101101001110111000010110000010111011101111000110010110111
1111100111101111000100110111111110000100001001100111011010000011
0010001101111111010110100100000001101101011101000101011100011101
1100111101101011110011100010110110101011001010101100001000100010
1010000101101011000010000111000000100001101101100111111100110101
1100010001101001101100010100010010111110010101011000000010101100
0010011111101001100000111010011011011100011000110011001000001001
0001011100111001110100100011011011111110111010001000001111001011
0011000001100100111110101001101000101010101100001100001001000101
0110100010101111101110110000101100001011011111101101000011101110
1111010111011110010111110101001100100111010110010100100000110001
1111000100000111001001100101010101101100001011101100110000101010
0001110111110100001111110100111010000111111010011010010010110000
0011100100110100100001110000000111011111110111010110111101011101
0110010001111100001110100110001100110000010010001110010001011110
1000111111101111001111100000111111100010010111000110100110111000
0111011111001000010110001100100011100001000010011010000001000100
1001001110011000010011011111101111000111011011001100101011100011
1101001100000010100010010100011000010001000110111001011101101111
1001000110101100111010110011101100000100110001101011010101000101
1111010010101101011101100100110011011011110001011100010100100011
0001000111110101100101010101111001111110011000110100111001001101
0101111001100010001011011111110001011010011110000010111111010011
0010010110110100000101011010100010000010110001000111100011010110
1010110000001010100001001010011100010111011011011110100001000001
0001110101100001001011110000011000010010011001111001100010001011
0011010110110101111111110011110010110111100010011001101100110010
0010000001110100110000100100111110110101101011000100101100110110
1011110100000001011001000000001010001010011010100011011101101010
1000100000111101010001001010101010000000011111111101010111000010
0001000011111111001010011100101100001110100100110100010100010101
1100000111001101111011001100101111010000001111000100100010000010
0010110001010000000101001010011000010010000000011111010111011100
1101000011111110101111111000000010011101111110011000111011110011
0000111100110001111011000110101111100100111100000000000011010110
1010001001001100001001111000110101010001110111001111110110011111
1010001111010011010001100101001011100010111011011010111101100111
0100110001100110000101111001001010000001011000101011010101011110
1011010111100011011100100010001101000011011111001100001011011100
1010001111001011011011111101010100110011000001110001101101101011
0001001111110001111011110111111011101111000011111010000001101000
1100000001101010010010111110100000011100000111111011011111010000
1001001011001000100111001000101101110011000101011111001011011001
0111001100110001100001101101000110001111100001110101000110110000
1100110110000001110110100011001011001101001011011000101110100110
0101011011101100111101010100011001000110000111000010100001011001
0000110101101111110110100111111011000101111011111000010100011001
1100000111101011010010010101110011110100101100110011011011111001
1111000111100011000110001110010001101010110011101110111100000001
1011010011001001111100010001000101101101001000011010000010000111
1111101001001101110101011011000110100100000010101100001001000000
0011011110100001011011101011011101010110010000111000010011000101
0110000111101110100110110101101001000011110001011010010111111100
0001011011110101100011100111011110101010011111101011100101101110
0011110000100000110101000110101001011100101001000101100101110100
0111111110010000001101011000110100011100110001101000100110000010
0101110111010101010010101101110000101000111110010000000011011000
0100111110111100011001110111000011100111110010100000111100111010
0001111000110010000101100010000110011111000010110011001111111100
1011101101010100100100111101100000111011101001010110111011111001
1110001110100101101101100101101100000101101110001000101000111010
1011011010111111101111011001000000000101011101001000010001111000
0101111100011101001001000011000111111000001100111101000010101000
0110100100001010101001011000010011010011110011010110110000000100
0111110100100000010011111110011100001000011010100100001000011011
0111010100000110001101000100110111001011101110010001101110111010
0110110000101011011011010011110000011111010110010010001111100111
0111101000111001111001010111010110100000000110110000001110111100
0000111100111011101010101101111000000110101000001011000101100100
1110101010001101010010101111100010011011001001000011101110101101
0001100101101110101001010010111011110100101011111000100010110010
1011011000001011101000011100000111011010011000101100001011101011
1011100101010011100000100011111011100010100010100010100101100101
1000101111100011101001000101001101100100011100001010001111101110
0110110001100100111001011011001110000101001111110000001100010100
1000101000000101000000011010101100100110110111001111110110111111
1010111110100101111000101111001101110001101100101101101011111010
0101001000001100000000101101100101110111000001111000000001100001
