0111000010101111100101100010011011110100110100010011111010000000
1111001011100001001010110101100000000000110100010011000011011111
1101100100101110101101001011010100111001100000111001110000010100
1110110000100100001111101000000010101101110110111001010100100100
0010011010110001000001010110111000110010011111110000111011001011
1011011001001011101001000111111010011101010001110010100111000010
0000011111011011101000011011000000011110111011000100111101010011
1000110000000100101100011010000011001000001010000011110010011011
0001010101001111110111101001001010011110000000010100110101000011
0111011011001000001100001101101101101111001000011101111000001010
1110011000011011010010101001111010000100001001010100101001001010
1100101111010011010100000000101011110011001011111110010101110011
1010001001110101011000010000010100000111110110011110111011010101
1101101100011001111010010001010001111101101100010010110000001011
1001010100111001101000000010110000001001100011000000100110001110
0000101111000001000101101111001111011011110000010111011000001110
0101011000101100001001110011101111101110001001110000110100111101
0000100000101101101011100010111111010100111111110011011110011001
0001011000110011110010001000111101101100110101010011010110000110
0111100011011001101100011011101111000110101111110001111100111100
0011001011010011001000111000010101110011000010000011111000011110
0001010101001001000101111000101010111110111011101101100011001011
0011101111101110000111011000011101110100001100000000001100000110
0001010010000000100001110111111011010111110001110000010111111111
0011011101011111101111101100000101010111000111010000001101101001
1100010100010011011011010001100100010111011001010101001111011010
0001101101010000010011000101011101010010101010011010010110010001
1100101100010000110000101001010110011110000010101000111001111000
0000100000001111111110101100100001100111111111110000011100100100
1001111110011101011111100010001010000100101000111101000110011101
0100010011111110100101000100001101001110000110101111100010111011
1001111110101110010010001011001100101101011100000101010101101011
0010100011001100100110001011100010011001011100000100101110110111
1100110011011100001000010011101101111110110001101110110011011000
0110101011110001010011110111011111101001011111001101110000101000
1111000100101100110101010011000000100111101100000100100100110100
1101011111010011000100011000111101000110100111111101111111110100
1111000001101001001001000101011001101000010110111000000000100101
1011001011101001001010001010100101111000001110110000000111100010
1011000100111100001100010011000100110001011001111010000001100101
0011001010000011010100110100111100110011001010011000110111101000
1110100101001110011101100010101010011111000011100001111110010010
1110011011000110100000100101010001101101101000111110011110111111
1011100101101000111111100111000110011000101011010011010011000100
1001100011110011100000010000010011010011000010100110110110110000
1010010000110001110010111010000001111010110000110100110000001101
1000110110011011100011110111111000001110010100100101001111111100
1000101010101001101101001111101101100001110100111010001011101110
0111111011110011000101110001001100100011101000110010110010110010
0011110010011011011000000101000100000110000001001111100100001010
1100110010111101110001100001100100101101101100110001111001110111
0111011011100011001110111001101001000000000100111111011110000001
0110100000110011000011100001001101101011101101110110010100000010
1100010101011111110000101001111110110011000101100111001001010001
0110101001001100101110100101000111010100100110010001000111110000
0010001010011110100001010001111000001010110010010100110010111110
