1011110001000100111100110111111101110011000110100000100000100100
1011001101001011110110011000111101101111010010110111111000100010
0001110100001010110110111110010110000110010100101000000010000010
0111010100101011100010011000111000111100010111000000111001001000
1100101001001110001110010001111110011110111101000101001010110011
1011010001110110110001110010010101011001100100001110111100100100
0011001110001000111000100111110000101010101000011111100000010111
0111101101101101111011101101010011100111010101000011101111011111
1111001001101001000101100110100001000101111001001001100010000111
0011110100101000110010010001011010001011101001110111001110011010
0100001011110000000000111100000111010000000001101010010110111110
0101100011111100110111010110011101101001100101000001001111110010
1110000010110001011010011110110100101010101000011111000010110011
1001000010011001001011000110111101111011001001101101011110110000
1000111101100000101100000111001001100001001101010000010000101010
1110101010010101101101001110111011011010011101100001001110000110
1010101101101100100001100100110110000001101001010111100011101010
1100101000111010010000001101001101011010110011111010111101101110
0001100001001001001001011110001111100011010100010101101010101010
1100100001110011001011111011110110010001110011000011001110011111
1100010100001100011111000111000111111011101100011110010101000000
0010100011011010111110110110000101010100001110101111010100001010
1101100110111111000011010110110000000010011010011111111100001111
0010010000011010111110010000011000010010110101011110011011110111
1100101000011100001111011111110001000010000001101001000010100101
0001111011001011000001011111011010100011101110001010101111100110
0000000111111110001101101100101010010001100000100100011101101000
0010100110111010001011000000110110101011100101100110001011101111
0111110000011110110000011110000001110101101101110011000101011001
0100111101100100111110010001010000000101100111111010001000011011
0000010010111101100011100110111101001110101010000110001001101001
0110010001011001110101100101110011010111010111111010110110100110
0110001101100001010000101001100101011001000010011001111000100101
1011111111001111001011100110010110111101101010110010000111110001
1001101101101100111010110000000101001100000110100000001000101100
1100001000001111110111110101001010100111011010011111101111001001
1010001111101110101100100111001000011111000100111100110101010010
0010011010011111010111001011100110001000010000010010101110100011
0110001000010001000010011000001100110111110101010111001110011100
1011110011011111001101101001011000011110010001100001100010010101
1010111101010001011101111000101010101000000011011110001101110110
1100011010100010011010110001110100001011011100010000001010111101
1100110000110111011111000010110010111110101110110101101110000111
0110100100000111011101010111110000001010100010001000110010110101
0011100011111101111111001111111100100001101110101011101111101010
0101111011101001111111010100001101101101111000100001010010101011
1010101110000001101010101101101101111111000100011100101011011010
1001010010100010011011011000101111101100001000100011110000110100
