0111011000100110010010111110100110110001000000110100111101010000
0101010000011110001110111000100100110011010101000110100100110111
0011100010011001000100011110001101101111001011001110111110110110
0011101000101011010110000110001111111011010000010111111001100000
0101001010100101000000011110000101100010100001110000110001001111
0110000101101011101100110100011011001001110010101110101101011110
0101100001000010011001010110111011111110111100110100000000011010
0101011101001010110101001101001101110000010100000110011011101101
1111101100111010101111110111101111101000001101011011100000010110
1110111001101001010101110011101101001001011100101011100011000000
1010100001000110111101010000110101110010110111100101110010001101
1000111110110001111101011000110011000011110110110110110000001101
1100111100111101100110001010001100000101001010100110110111101000
1011100100100110001111100100100001010111010110111011101001010110
1010011101110011011000001100110010010000111110101011011100110100
0100011100110110100100010011001000111001111111111010100101010101
0111111101001100111110000011001110101101110101011001101010010110
1000110100001100000100010101101111101101111010101101101011100111
1101000110110001011110011010001010001110110111001011101001001111
0111011110010101001100001000000111100010110101001111110101111000
1011100011100101000010111111111010010110010001111111010000010000
0111010111101010101101000011010010011001101000011101010011000011
1110111001001100010000000010101011101111110101011110111110011000
1000100111010010101101011111100111110010001011110100100000111101
0001110101000101111110011100000001000010011101111001100010111001
0111001111010100011010100000111111110011010011111011100110100001
0001010000000001011110010001100101100110010101100100100101110110
0001111101011011011011101111111010001111000111100100101110110101
0111111010001000010101000101010100110001110011111011100011111000
1100010011100110011101101111100111110111110101010100010010100100
0100101011000111101010001110100000011000010010010110110001110101
0011001011011101101100010101010010110011101010001111110010001000
0110100111110010101000011001100001100011001100010111101001111110
0110010100110000010010010101101000100001011101110110110011101010
1110010100111100011011100101010010100100111110010011010111101111
0001001110110101101011010100001011011011101010001011111111011000
1110011000000011001000100100100010011110011110000111000101001111
0001000111000000101101000001110011010011111011000011011100010001
1100100110110100111010100000100100110011010010110001010100000001
1001100110110010011001010000001111000011000110110010100000100000
0100101000000011100011101100000111110011001101111000000000011010
0010001110101011000011011001001001001010111100000100111011100000
0111011001100000010010100100110001000110011001010100100101001001
1101010111111010100101100001010111010001110110001100101000101100
0011111000011001111101000111110001100101011000100001010111100100
1010011000011111000011110100010011101101010000000100110110101110
1001000001000111111110111100011101110010010110010011111111000000
1100111100101101111101001010111100100110011000101101101111100000
0001000011000001010100100110011100001001000101010000110111000100
1101001001001100110101100010001001111111110101111010011111011001
0101000011011100001100100001011001110110000010100000011110100011
1100001111100111110000000000110000110111001001011101000111010101
1111100110100000110111111011001100000000011001100001001001110011
1000000010111011100011111101111100001111111101011011001111101011
0100000011111111100110000001111100101100100110000101111111010100
1011011111010001110111010001010101101001111110110100010110010110
1001111110101111111100010011101101100000010011000100011100101000
0110101111100000000110111000001110010001010011000010101100100110
0011111110101000000110110000100011010110101001111001110011001000
0101000001100110000000011010100101101011111101101111100001100101
1101100001000110111010110100111010010011101111100101111100011011
0000001110101001000101111001010111101101001101111000101111111000
0101111101110110111100001100011100010010101001000101100010010100
0100110011110001000010100111110011011010101001101001001111000100
1111011101001110001010100100001111001101001000111111101011111100
1011010000011101111110000000000111010111001011010000011010101101
