1110001110100011101111010101001000110000111011111111111000110011
1001011101110110000001011100000010010001011001001110010111010110
1100011011000101011111111010010010011010001101111111100111000110
1100001110001000001001011000001111101101001111100111010111000011
0111010100101101010011001110101010100110101001000110011111111000
1001100101110001110011101111100111101110100001100011111110111101
0110011001001011011111111001000011101110000011101101001011100111
0000111011000001011001110100101010111100100011100111110111111001
0011101000001100010011010011010011101110101110011001001101101010
0110100111110101001100000001101010011011001010110001100010101100
0011111000100001001101000011000110000100100000111101100001110010
0010100101001111011000111010100011010111010001001010010110001111
1010101010101001110100100111111011111110000110010011011101011111
1010000000010101010111000000010100111001011110110110101101000001
1010100100111001000101111001001000010110101110110100010110000110
1000111010110100011010010001001011000000000000100111100100101110
0011001111010111111011010110111000100011101110011010010000110000
0000110110001011010001100110100111001111111000011111101001001101
1010011110011000011001101000000100111110110001101101110111010100
1110000011011011110010110011100111110000111110010001110101101111
1001100111000100011011111001110011100001001100011010011011010001
0001101011110001000111101110110110110010011101100000011001100110
1011111010000110110011000010100011011101001001000001101101110101
1001011100001110010111101101111001011000111111111001111011011100
1101000101011110111100011100101101111110101111000010011110101011
0100110111001001010111100001101100001111011100110111011011110101
0001000100111111110101000001100011001011101111110000001111001101
0001010100010001100010111010111101100111000011001101001000001110
1101110000101001001111100100001001001101111100001011111010001000
1101011100110100001100101010000011011000010000011101110000110010
0000011110010100011011001010111100011101101100000101000111011000
1100010101010001100001000010111111100001010100011100000110011110
1101010001010100011100011000010100011110001100010011011101010011
1000101111111001110001100101101110001001111111011010000000000010
1111100000011110101101110110111001001101001111100101001100000110
0010111110000110000010111001110101100101111010000111000110000011
0011001101110001110101111001110111010001001000101111010010100000
0011010011101100011001010011001110001101011010111000101100110110
1100110001001111000101000011010110011010111001100001011111010101
0110000100110110001010001011111000101011110111000010101111100110
0100101001000011010100010100000111100101011001101010011110110111
0011001111000100101110111110001101110000110011111100000000100000
0010011110101011011000111110111110100100001011100110100101101110
0011100001110000010110011111011110000111000010000000101000101110
1111111011101111101100000111110000010110110000110101111101111101
0010110001011001010100100111111101111110110110001110000011011101
1010011100110000011100100011000010000010101111111001101100011110
0100000001000001101000110100001010010100010111010011000010001110
0011011100111011010010000101001100010001010101010010111111100001
1101001110101001101010011111011111000011111000100110111110010000
0010101011001111001100100101011100010000010100110001001010110011
1010001001010101000000111001100010011011001100000010010110111101
1100100001111100110010001111011110110101000001101010000101110100
1111010111001100011101100000001111011100010100000100000001101000
0101000011101011000111101010111001010001011111000011000110111011
0000001110110001001000010000000000000001000010101000010001110000
0110011011000011000011111110010000001001100101100011010011001100
1001010011111001000011000101010101110110000000010001101110100010
1110101100001011101000110001111101100001001001001110110100111010
0111100000100101001001111000100000000101101010000000110100111000
1110100101100011100011000001000111001011000110111011101001111100
1111010101010111110110011010111010111101011110011010110101111101
1101110011101101101000101100111111101010110011100010100000001111
1101111101001011010010000100010010100010011010101100000110000100
1101100101111101110100010001000011100001000111100111001011011001
0111100111000011101101011010110000001011001000100110101011111000
1000001100000011111111011010111111101010110000000011010001001010
0001010010001010101001110100111010101100100100100100111100000101
1100100000110011001110111000101011101011011101010011111000100100
0010000111100100111110110011111100010110000011110100011001010100
1001101001101010110101000011001101010010000001011100100010111110
1010011000001110111110011000111100010110001110110000001000100111
0110010110010000000010000100001111000110100001101111001001100000
1011111110001001100101001111101101110001111000101100110111100101
0000001100111101010001010000111010110011110011110001101011001011
1011101101010011110001010101001010110101110101110110111011111011
1000111000100111100110011010011010010111111001100000011100000010
1101110001011001001110011010011000010101010010001001010110101010
1010001001100110100001001101100010111101101111011100100101100110
0101011100010000011011100001011100001000111111010100001101111110
1011101010111100011010000101001110010110101101010100000100100100
0110111010001011011011101110110010000101100011011001110100011110
0001011000011110110011110001100111111111010010100000100000110010
0000010100011110011101111100001001110111000100110100100000110010
1001110001000101111101011101101111101000111100011111000001000100
0010111001000110011011001111001010111011111101010110101010000000
1101000111000101101000010101001000100111100011011110001011101100
1011011001110000110010111001110011010011001110000101111100110011
0001001010000111100011000010100101111111111000000011010001100001
0010001111010000001101000001000011011100101001110011100000001001
0011001000010110100001110111001101000001111001011001001100000001
1101111100011001011000000001100101111010011011101000110100110001
1000110000000101010101111101010111111101001110011110111011111011
1110000001100100111110010011011001011101011010001111101110010111
1001101110111101011100111000000100010010011101011000011101100100
1101110110111101000100001001001000010001001100000010010010111110
0011001110010001010001000110101001001011101000110111100110000010
0111111011000100010000000011101100010101100010101011001000011100
0001110010111000000011011100100101100010110100100101011100100111
0100011110001100110001110000100110000110000010100111000100110111
1011100000111100110110101001101111111111100100111011000101011111
1110100001111110101110000100010000011100001011100101101100100010
0100010000000101101101101110010011110101110101011010000001011010
0111011011010101000010011001010001111110010000111001101010011111
0100100011110011100100110100110001010100001011010000001100100010
0111011110011001000101011100111101111100000100101011100111011001
1100110110011110110010001011100010000100011100000100100011011110
0010100110000110001010010111110110111000011000011100000000100111
1101000010100101101000000111101010010100001011111110111000000101
1001010101001100010011000011000111001111011010110000110011101110
1000010001110011111111110011000011001010010011011111111111100101
0000010000011100011011111001010110010110010010000001101001011111
1100100101110111011011000001010011011100110000100100100011101100
0011101011110010001101111001000000000100010001111001101010100010
0110001011010001110101101000001110111110001000000011010111100111
1100110111010000100010010011011100110110010101001010111000011110
1000000000101010011100000101100100000110011010110111000000101101
1001101011011110111001001010011011100101010100011000110100010011
1100011110000111111101000011001111001111100110110110010001001010
0101110001000101000000111100101100010001011110011100100011100110
1100011101010100011110101011001011100101001100101111010101111100
0101000000000011101110100110110010001101101000111110101000101011
0111001100101111001000011101111010111000100010000100110011111001
0110101001011011000101000011101001011010000010110000000011001100
0110001111110111101010011011100000101110010101101011101110101010
1111011011110010101110010000011111001000111111111100110111100110
0101001101011010100111100001111000110001100111010010001010101011
0110011101111011110101110001010111111000011000101110101111110010
1010011101011100100001111011011110110110001111111100111001010000
1011010000110000001001111011001011100111001000110001111111101111
