0010010010010101111000000001010000100110101011110011101110100100
0001111001111111000011010011001000101111101110101111100101010011
0010110000101101110011001101101011110110111101001001110101111011
1011100111000101001101110010011011001100110100010001111010110000
1101101000100101111100000111010100100101110001000001110010000010
0001000101101000100111101100001100111100111111100101101011011001
0110111111010011100100001101110011000001011110001011101010011101
1001100001110011111101101001100000010011111101100011100001000111
1001010010101000111001110010000001110010111001011110000111000101
1010111000011011011100011000000111000101010101110111010000011110
0000010001001010101011111001111010001110110010010101010111110101
1001101001000100110011100010011111100100101011111000000010110011
1000111001101110110000000011110100011100000001001111000110110010
1101101110001000000011000110001111000111100001111000100010001100
0000110010011101110001111010000111010101101010110111001101000110
1001111101111101111001011010010101101101010000001011111111101001
0101101110010011101101101101011001100011001010001001110010010011
0110010100010111011101111111101010100101011010011110010111011001
1100101001110011000011000110000111001111000101001101001000011010
0010011011010111011110000100011110011000011101011001001011010100
1001110011100100011111110101000010011111111110100100101101011110
0000000000000010011111000111001000111101001011110011000000100010
0001110110111100000101010010110001100110110001111000010101101110
1010001110001001110100001011111100101100100011111010010001001101
1100011101110011111100010010001101001101111110011011000010000101
0101110001010011010000001111111111110011111001110101100100000111
1110010101100110010100000010010110001010111110000101010011111101
1010001110110001000110100001011100011001010011000101011001110101
1000010011011000001111101110101001100101001100010110000001001100
0111110001011010101101110010100011000101000010100011100001010011
1010000001001110110111000110111101010011011000001001001001011010
1000000001001100101100110001100001111000110011001101011111101001
1001001010110100100110110100011100100101100011000111000100000111
0101111010011010001111000100000011001001001010110001100011011100
0011001100000111111010000001000111011000010001111000010010101111
0111011111100110110101010100101110100111101110010101010011001000
0011110111111111110110001110011000101011100111011001011011110110
1011001001101110011111000011001001100100100010100000000011110101
0101010010000001001001000101001111100111001100101011011000101101
0110000110100110111010101010101010110001110101111100010000110111
1000111010100100000010000111111110110111110010000111000110010111
1011100100110110110111001010010001010001101001011010010100010000
0100110000010101110000000010101101111011110111110100110001100110
1100010000110001011001000100110010111101000111110110011001000101
1000110001011000011000001000010111000100101010111100000100100101
1011111010101011101011000000110110101111001001000011010100100101
1001101110111101001010111101111100101010001001011001100111001110
0100000001111000111110000110100000000101101000101110010100110001
0001010110101110001101101100010001000010001110011100111001100101
1110001111001101110100101001111010111011100101010011000001000000
1010111001010101011110001011101111000001010100001000001101101000
0111000011011010011001100100001001101001100101101100111110111110
1100110110000001011000101110001000010100010100100101010000001010
0011101101000111010001111011100010100010011101010101010100110111
