0011000110111011101110101111011000001010110101100000101101110111
0110010100011111100010010100111100100011101111001011111100100001
0001101111001000010011111101100100001100001101101010001100010101
1000010110000111000001000111011100100010100111001011100001011011
1110001010001111111011111101101001001001101111101010100111010100
0011110000110001000101001111111100111101010000000010111111011110
0011010101101000001100011011110111111011010111110000010110111100
1011100000001010100101110111110010110110010111000110100010001010
1010000011111101111100100100001011000001010111001001101011001100
1000101100010000100000001010011011011011010101101001001100111010
1110000110000011100110110010000100111110010100000110111001110100
0011000100111110001111111110000011011111110001111101111010110000
0101000101001011101100110101000100011000101001110000001111011101
0000110011000011100010110000110001100110001101000111011111100101
1110001000100111010011011110011111110111011111111001010101111000
0111010111101011100101000010001101001101110000100110000101110111
0000111100011111111000100000001111101111110110100111001111010111
1011101001001010010111101111000011001100100100011110011101110001
0111000111110000010111000100110000000000100010001111111011110001
1110010001101000011000111001001010011111101001101111111001100101
1111011111001110111101111110001011110000011011001111110101011000
1001000101101000111101110010110010111000011001010010001110010101
1101100111001100111110101100010101001010001110110011111010110011
1111101110011000110101011111100011001011000011001110100101101110
1010110010001000111011110101000111011110000100101000111010010101
0111010011100000001001110110000110100110100001000110110110010000
0101100011001110100110111010101110010010010011011001011101001101
1000000011100011001101101100101101011101000101011001011011101010
0111000111100001111011111010010001111001000001110111000000100111
0010100110111111100000100100110111010000011101110010000011101101
0000110010010001100101101010011011010111101010000101010001010101
0100111110100001001101111001101001111111100100011111011111000110
0101101011100111001001110001101111010011101001010111100111010110
0000110101011000111101111011010111111101000000011110001110111011
1011011111110010100010101110111010111100001000011010111100001101
0011110110001111010010010010100000101111011111110001111001010000
1010010100111000110000001111101110001010111010011000011000110001
0001101101100111010000100100001001101110011110100101111001001000
0100001111011110000000000011001000000001101001101110110010101000
0001101101101001110110001011110110001111111100100110110010111011
1011001110010100101010010010101000011111000011111101100100110101
0100110011001011111100010011000001110110100100101101010100000101
0000000111011011101110010010001010100111010111001110001011011111
0010101110001111011010111100110110010010011111011000000011011101
1001110010001011111011110010111111101100110111011011111011110101
0101111010000111101010100101000111111011000011111011101110000111
1011100111010001000101001100110001011111110000111101000001011111
1100111001111000010100001100111100000000001011011110000100111000
0000110101000111010101111100101010101000101011110111001001010110
1101101000100001101000100100100110001010110101110110100100010000
0010110000000001111110100001000101000101011101110101111001010010
0101010100011011110100110110111001110001000010010011100000011001
0010101100101101111001000011110111010100111000110101000110101010
1110010001010010110000000000100100010000011011110010011100110010
0101101100001011101010001011111110001111011110110111111001111111
0101011110110001010011100100010110001000000100110111010100101001
0010010111111001110000011000011101101000101000110100010001111110
0000101001001011000101010000101011001000110111100100111111011001
1011000110110000011110011110110111001001011001101000000100100100
0000010100110000111111101100010101000010100001010110010010110111
0010100001110001111000011011100010101110100111101001000001101110
1011111111011101111100010110000000100100011000001110110011100111
1011110100111011101111100111001001101011110010100011001100110001
1100001110111101111101100001111100011111111010000011001010101010
1100000110011111111110101100000100101010010111001110011111001011
0011101000100000011000100111111010001011011000001110010111010110
1010110100010110111000110011010100010100100100001001000110001001
0000100010001010010110100101000101111110111110001110010111010111
1101100010101111010100101111101111000111001110000000000100110010
0111101100010101011010010100000011001101110100100111110111111000
0011101100000010001100010011000010000010100001001100100010011101
1001100110010011110001110111100111100111011000001000111001101001
1100010011001110001000011101111010111111101110101001110111010001
0000000110100000100100100110000010100010001100110000110000101001
0010011011000111110111111010010111010001101010100101100110011111
0110100011010001010001000001001111100100000000110100000000101011
1111000111101110000111010100100100100110101111000000001111001010
0001100111111101011010100100111010100001011101101100011111110101
0001100101110100010100101111001001101101100000011011001100101010
0100101101111111001000110100001010101111110010101101101001011001
1010011111111001001100110011101011111010101001100110011101111001
0100000111011111100010011010010010101010000110001111011100000101
1100001111001011111011100111101110101101001100110010100001011111
0101111011100100010110011100101010011110111001001100101011001001
1000111000001110000110000100001101010011100010001011100111111001
1111101000001000011010111101110001001000010010110100111110110110
0000011000000010000000011100010100000110000101011010110101010110
1010001100011101100101011101100000001100000011000011100111010011
1100010000111011111110011111010111001001000111001110111001001010
1110010110110101011011000001011100010101010011111111101110011011
0001100010111001101111101101110011110100000011111011110111011001
1110001110011000000010010110011010110101101000100001010011001111
0101101111101001100000000001110010100110010000011001101010001001
