1100100100111110000011101010000101001100101000111010111010001011
0101000111110011110010001011000110101001110100111011000111111110
0101000100110010011000001111110010001101000111100001100110000110
0110011001010010110100100111000011110000010101011001110100001101
1001001011101001111010101001111101100001001001100100100100110000
0111110101011000111101101011001100000010011110001000100000110100
0111010100010010011101100101010010110010001001011100000110010010
0100011000110100111110010011011010110010110111000001110110101110
0001011011000110100100101000001001101110001101000111001001010101
1101011110011111001101110000000110001011101100001101010100100000
1010010101001010111100001101011101111110110010101101110000001000
0010100100001111010000101010000001100110110000010010000111011110
1001110001101101111110000011011100110011011100010011000100100110
1010001000011010011001011101001011101100010100101000000000001010
1101011100101001000101010100110100000111010110110100110010010100
0011101100010101101110010001100110010101101110100101110110001110
0001001001101000100100101011101110110100000001001000001110001110
1010001100010001101010011001001001111111011101000011011000110010
1110010011110110110001111111000100000111010011101000001111011010
0111111001111010110000000101110000000100110111101110111110001100
0011111010101111100001011111001110100110111110011100110101110011
0110010100010000010101101010001001000100101100001001000000110010
0000101110110100111101011000001010010100101110110101001100110100
0110010010011101000000100111001110111010110110111000111100110110
0011010110100110110111110000110011100101010110100110011001001000
1000100001110101010011110011110011100111011111100011001011111000
1101101010111011100111110100100111010000010101100110101101110010
0010001001110101111101100010101111000010001011110001100111011001
1000001001111000011111011100000100011100111001110001000000101010
0011010011100101111101101111000110001010111110010111001101001100
1111011100110101110010110011001010101001111110111110001110110000
0010110101100011001000010100110010011001101011010001000011001100
1100001011111111101111000111101010111110111111011010111001000000
0011000110101110111100110011000001000110011000000001000010000110
1001110011100101101100101010001011100001111000100011101001010111
0011100010100111001011011100010010100010101100110111111000011110
0111011010011111010010110101011111100111111001111110001100001000
1111111000001000010000001111000010011101001011001000110010000110
0010101000001101010111001101100111100110100111010101010000101010
1001010000011011101100101100011001000000001111001010101111011000
0111001010010000011100100001110000101110010001000000111001010000
1101110001000111000111110110000101101011110011110011000111001100
1001111101111110011110000001100000000001001001011011110100011011
1101001001111011010111010011100001000011001111111011100001111000
1100001101001100100011010000110111110111000010100100001011010100
1111111101011010011111100010010000110010111010101101011100001101
0010001010110100010110000101000110110011011011111110010111000011
0101100001110100011101111101011011111010000111000101011010100000
1100110011000110010110010100111000010000101111010100011110101100
1010010000000111101000010110011101001101101101001100011100100100
1011111111101010001010110001111000101111110111000100111001101111
1010110101111110111101001101100010001010111101101110101111111001
1001001110001011000100010001110110001011001101111100000010101110
1111001000011001111110010010001001101010100111010110100101101011
0100001000010001000001111010101111011110101000010110001011000010
1100001111000011110010010010100110010001110000110101101011011111
1000010100000011110001100000001010001111011001111110100000100010
0110001110101110010010101010100110011100010011001000100100110010
1010101100011010100000110001101110100000100111100101100100110111
0001110010001110110100101010101011101101111011010010111011111001
0110101000010110100110101111101101101001100000111110000100111011
1000111001010011110010111110000010011100011100100011100001111011
1011111011000001100110111110011111111110110010111000011100000110
0001100101111001001111110001101110001111100110000000010100010000
1011010110011001010110101110111101001000100000010110011010100100
1011100011011011001011100011000000000101110010101001100001111100
0001011100101110011111010101100111010000000110010011011000100011
0001110101100000111011011111100101101010010111111001011100010101
0010001101110000001111011000001000110110110101001011010111001101
1110000110001111000110001110100101110110100000110010000110110111
1000011010110000000011010100001111001101010000011100111100101111
0101101100101010101110001000001001001000000001100101011110000011
1000110011111001100011101000011001011011101110001011101101000001
1010010100100000111100111001110001111111100111000111101000101110
0110001110110001101100000101111010000011100010110010111011000100
0010101111101011010100110110111010101111000001001011110010010100
1010010110001001010010101100010011110110100010000011011101111100
1110101110101100111000110011010000010010010010010010010110000110
0001111110101111000001010110001111111100101100011100001110001111
1100011001010010100100110100001101100001110111100000110100000010
1101110001011011011100111101001000101010001001101001010000100001
0110010000000001111001001000101110100110110100000100100110001001
1101101011001101100000110110100011111101100000101011101001100011
1010101101000100010011000000001011100100101011000100010000111111
0111100001011000000111001110010011111011010000110101000110000000
1101000011000101000000011000011100001110110001010111100000000100
0001100010010111110000001101111100110101101010001110111100111010
1010010111100111100101011100100010101111010110000011110111110110
0001111101000110000100001101111010101100011101100110111000000110
0101001101010101001000011100111010101001111100110011011100101110
1001100010100011000001010001000110011001010111100101101100110011
1000111111010100010010000110100100000010001111010100010110001111
1001000001101001101101001010010001100110101001111101001000100010
1001101001110001111000010110111111011100101000010110110101001010
1010000000100111110110101100111000100001011101001000010111010110
0101101101011000001011111001010010010101101010000011011010100011
1000111100110100001001100100111111100101100111110111011010100111
1100110110111001001101001100001101010110101000110111011000100000
1110111001101111010100001101111001100100001011110010100110100101
1010100010001000100000100000010101000100111010000110100001110101
0001111110010001110110110001000011000111011111100111010010001101
1000100110010110110111000010001011000011011100110110110111111100
0001110100001110001111001110101111000110110111000000011000111111
1101111101001010101110110111011001101011101100100010101100001100
0100011000101111101100110110000101011110001100111010111000110000
0010110111101011101000111111010110110110100010100100101110000101
1001110011111111001010000010100110001000000001010101011010101011
1010011011110000000100000011111111010111101001011000001011011111
1101000111011110110011010010101010011110100011001101101000011101
1011110010010111001010111010110100011111000001001010011010110000
0101101110110001101011010011100000011110111000101010100100011011
1010000000010100111111011100100000101000001111010000000011111011
1000011010101010000100101000111000111111100100100101111001101111
0100110010111000001010011010011011110010000101111110010010001000
0011001111001111000010001101011111001010110101011001111101100011
1101100000001010001000110011010110100000011101000101011111001101
0100101001111000100111100110011100010000000100000110110110000000
0001011010100100100010111101110010001011001101000100110010010001
0100100000111100001110110011001011011111100100001001010011011010
0101100110110111011100100100110101100000010101011110100010010001
1010101010001001011000111111101100101111111000001011111010101101
0011011101100001111010101111101101111001011101111110101100000011
0111110001111010110100011100101010001001111001001011101011010001
1001011100110000101100100110001110111001101100111010101000101000
0000011110110011000100001010111110100111000010001001110111001101
1000001011100010010101110000001110011101000100011011000010100010
0010100100110011010010000011111101010010000011010000001111001111
0101011110000000001011000000110101001010010111100111111110111011
0011001100110000111011010010111100011011100100101110111011010101
0110001011000111110010111100010101011000000101011101111011001000
0010000110110100010100010111001111110111101011000101111011001011
1100011100010011010010100110000010011101011111101000100000010101
1000000010010010101100111110010110100000101011101100111100101101
0001001011100000100100100110101111101011001101101100000100001010
0111000110000110000010110000110000011101111110001010011001110011
1100001111110011101000111101000101110110111001011110001010010011
0000011111000111010100001100011111010101001111010100001110000000
1000100110101110011111100110000101100011100110011000100100110110
1111101001110110001101011110101001011001101000111010001110101110
1110001101010110101111011110010000001110111000010100100111011000
0000000010000111100111010101101100110100100111100110000100100000
0010101011110010010110101111110000110100110011001000111110000001
