1101100111110100100001000011100011110111000110010101100000001000
0011000111001100001101001110010010001101100011111000111101111101
0101111111001011011111001111000010011011101001001001001010001001
1110111010001111110011001110110010100110011010111001010000011111
0010100011011010101010110001001111111111011011101000011100100010
1001001100101001111001110101011101000011100010001101101101100001
1101101001001001000010101110110111000010101001000011100101001000
1110000101111001101010110001011101000001101100011011100011100110
0110111001111010011111000010110111101101000101100100001000011111
0000010101110110001100000011111000100111000110000110111101011100
0010001101100101110101110010101011011101010110010000000011010010
0011001101000001011111010111000110101011110000010110000011100001
1001010100101011001111111001000000101111010000001100101100110000
0101100001100101000000111110100010101011011001100010110100011000
0000010111000000100010011010101110110001111101101011101110100101
0011010011011011101011110011010000100110100100001011010111101110
0100001010110000000000101110100000011111000011101110011110111100
0101101000010010100100100100101100001010110100000101001111110000
1001110111100000011011001000010011001100111110001110001001111010
0000101001010011110000101001000111001000011011100010111001110010
1010101000000000100100101011011001010100100011110000010001110100
1010011001010100111100000011001011011111011111010101100010100101
1010001101001000110001010000100111100000000101011111010000011010
0110110101011111000010100010001000001000111100101110011110101000
0001000101101111000010001001101111000101101000110100010110001110
1011100110010100101111011100000101101011111101100011011001101110
0000101110110100010001000000011010101100011110101001101010011011
1011001011100101100010101000011000111011001101011001011100110010
0001110011010110001011110110011011110000001111011110110011000110
1011101100010001100101101110111100101011011011010010110100001100
0110001000100000100001001011001000000010100101000011010101011001
0000001100010011100100000010001101000101101110001010100011110011
0001011010011110011011110011000100010001101001000001011011000101
0111110100000001100000100101100001000011001011111010101101110010
0110001111100001101110110011001000010001010101101100001101110101
0111000010000001110101000001100011110000110111000011000000101011
0001011101011100000101010111001100101001110100110110001111110111
1000000110001001100000110100110011001110101100010100101000111000
1101001010011101111111001011010011100100010100010011100110111011
1111001011000111010001101101001110010000100110100011000010001110
0111110010100001010011100000011010010000010110001101110100111011
0110111101101010000110011000000001010110100101100010111111100111
1000001100101111010111111110010100000101010010100111111010101010
1011100100000111110000110100011101010010000000011011111110110001
0100010000100010001101101011110100111101101101000110100011010101
0111111011100111101000101111000111100010100010010110111101101110
1010100010100111100001101011001110001101100000001001010100110101
1100001101011100110000000110111101010100000011110111000000110010
1100010000111101011000001010111000010000001010110101111100111100
1000101111010000001000101110110001101000101101101111111100001110
1100010000110000100101100001101111010010101111011101110100110111
0010100001100101100111000010001110110010101111010011111100001000
0001100100011100111001001110001110100100000101011100111010100000
1100001110111101001010000010010101110100101100100100001111101000
0000111101000001110101001110110000010010011100011100010001000100
1100000111100110000101111000010110000000100110100111110011001100
1111111010000011001001010110110011111000000100100001100111110101
1001100000101010100110000100110010011000001100111000011010100010
0001000100010001100011100011010110100111010000100110111011011010
0010011011001011001110111110010111001001110000001001100001100101
0110000000101111111100011000110110011010111010100100011100010110
0011010110100011111111111011100100001001101101001101001110011111
0100011010101000111010000000011011000110000110100111001000001011
1010000010110001110100010010000111000110001111010010100100000001
0110100111101111101101011100111001111111110010000100110000010000
1100001001101100001101011000111111111011000110010010101100100010
0010100010001010011001110100000001001101110000111001101111000001
1010000001011011101110001000010101111100100001110000010010101110
1101000100000100010011010000100010001000011000011100001100001111
1010000011101000011011000110111011011000100110100010000001100011
1110011001111101000001101110011111101101101110001010100010001110
0111111010000001100011010011011000111011001111010010100111010111
1010010010110001110011110101000110011011110110110110101111001010
0110010001001000110111100001111111111111000010100100000110001000
1011111010111000100010011101010000000111001001000001111110000011
0101111001001010001101110011001001110101101011111110110110001111
1000001001000110001011001101011001001001100011110101110010101111
1011011001111011110111000110000110000001101100011100101100001010
0000001011011010100110010010111110100000110100001101000101110100
0011100101010110011011010000000101010111110110000100001001011110
0100011100001110101000010011011001110100000001111011101011011001
0111111110010101111101011001111000011101001111011000010000110110
1010110001111101000000000000110010110111110000001100000101111110
1000101010000010000000000110101010000001011011110011110100110010
0100110011101110011101000000101010101001110001111110001001100001
1001011111000110100111001111011001010111000101111001110110100101
0110100000000110110000000000101001001011101011101100001101000011
1100011010010010010100101001011101011010010010101000111110100000
1111000111000111100010000011010101110111110111110011110100110111
1001100000110110111011000100001001110101010101001110011110100010
1010101011011101100011010110011010100010001000011001111001011101
1111110100011101010101001110110110111100111010110101000111001001
1101000001110111001101000111001100011111101000100000011010111100
1111100110100110010011011101101010011100001111000011011110101111
0011000101000110101101000000000111101111011010100011110101100010
0001100010011111110010000001010010110110001010111000010100110100
0101011001000011001000001000010110010000011111110001111001011101
1101100000100100001100010111010101110001111001101011101001011000
0010001001010100011000110001011110100100101100101100010001011010
1101110001110101101000010100000000100001100101100000110100000011
1111111101011110100010000100110000001100101101101110101001001010
1100111110001100001101110000011111100110101101101001001010111001
1101101111110010111010011101001110100010011000100101101001111001
0010111000111111110101011110000001000000010101000101000001100001
0110100110101111111001100000011110010011101011111011001100010111
0001010001001001111100101000110110011110001100001100001111101011
1100011001000111101001001101010000001010010011101010101001000001
0111100001011010011001111000001111111100010001110000001010100101
0011101011000010011011011110111100101001101111101000010010010110
0110010101000100111101000010010101000110010100011100011010010101
