1000110100101111011001001011100111010101011010101111010010000110
1110001100100111111001000111101110000011011000111101010010101100
0011100001111101011101100001010010110101110100101011111101011000
1000100010101101111010101110110110001001110000011010011001011001
0111100111110000010000011110100010110010100101101110000100100010
0101111011000001000111001000010110110111010010010100100010111000
0011110001001110110000101101001001001001010000010100001111100111
0010010001001000110111110111111011001101001100111000010100111010
1011111100100011100010011110110010110111100000111110101000100001
0010000001000101010000011101101110101010011011001001100011101011
1111110110100011111010011100011110101010101010110110101101000001
1000110110101011100001000110100001010111001101000101001001110011
1000110000101010001000101100001101011110100001000110000001000101
1000001100011110101011001110001101110011000111111110011000101011
0100000110111101001100101110110000111000011001100000001101100110
1111011000010100101010010111100111110010100110111111011010010110
1011010000111111110000001010010101011000111001001001000001100100
0011000111001001101101100110100001101111110000100000101011100011
0000011000011010001001110010000011110100110101111011010101000001
1011010111011011000111001001111000111001100111101000110001100110
0000111001111111011100011100000110100100110100101000110101110100
0111000001111000010010110110111010000111100100111010111100011100
0010111001010011111010111010000110110111000110100100010111100101
0001110011100011100011110011001100000001100010101100100110000110
1001100011110101110100100111101111110010011111111111000010010001
0010111100101001111101110000100110001000101010100001011111000011
0000101100000010000011101100101110110110101010001001000010100011
1000111001101010110101000101101001011111011100100000100000011110
0011011011110011001010101111100111100001011111101110110000000111
0010001111110011110010111101011101101101111001110011110100110101
1101011001110110001001100001000000000110111010011111101100000111
1000010010110010110110010110001111000110001010100010011010101011
0110010000001001110011100010000011101111100001111010001000110101
0010010100011011111000111011000001011011011011110010101101001100
1100010110100011111000100111011011100011110010111011111100110101
1110111011000111101011101010001101001000110100111011101100100111
0010100110010101010001111000111111111001100000010100010101110010
1010010111110001110101000101000100001111001001010100111101001010
1001010000111011011000110111000010011100111010011110110001011011
1110001000010000000101101000111101011000010111101011100101110101
1000011001000000100001111010111001111001000011001100110110000011
1010101111000111100100001001000001110110111011110100111101001000
0101011010110100000010101000011100001011101100001110000100100101
1010010001100001011101101100001011111101000010001011011110001010
1001110001110001111101010001001010111101010010000101101100101000
1110100000110100111101111000100001111010011110000100001111000101
0100000001100101111010111111100001110000111110001101010010110100
0100111000100110100001101001010110100010010011101101011010101011
1110111011100001100001010000100000011111010011110111101110001010
1110001001100101011011111010000010001111010011010001010101111011
0001100011100011010100001000110000101000111000011100010000100110
1001111110001010011010111110011001100110000010110010100110101111
1011000100010001010000000000100010011101111001001001010100110011
1010101000100010110011101000111110011110101111100001100010100011
1011110000010001101000111010101010111111001111101111011101100011
1110010100001001100001111010100001001111110101111111000100111001
0011110111100101011100011010010011010111100011111000011110100110
1111101101010011010010101110101100001000110101100100010010011010
1101100111010100000110000011001101001001010100101000000010001000
1100111010010100010001100110101000100100001010011110100010111100
0010110110101110101010110011000000010111110101100000010001000101
1001000011011010110010110011111010000001010100001111010011001101
1110010111001100111000010110000110010011111010000010011110000011
1100100100100001100101010111001100011100000100100101101010101000
0100011010011110011111101101111101101001011001111000101111111001
1110011111011101100110000100101111001010001010010001111111110101
1111110010111011111001000001110100011001100001111111110101000101
0001111100111101001011001111001101111010010111111011001110111101
0011110110010101010000010101111010011001110001000010011010101000
1101011010110110111100100001000100010110110000101101001101101110
1101111011111101001100010110110100000000101111000110001110111110
1000010010011000110010011100101100001110101111010111000001110001
1011000010101101110001111101111000100111101101000000010100111001
1001011100010011011110000010010001011001110001101000001001010110
0110001010100100010110101100100111011000001100001001100010000000
0110110001011101101001010100000111010011011011000010110110011100
1011010001110001110111101010100110001100011100010100000011101001
1110010111000111110001101000011100001010010000000110000000010001
1001000000100000100000100110011010101010000110011001010010010001
1111100101000100101101110010001101011111001010000111101100110000
1000100101111101111111001010111010001110011101100001101011011111
0111110110111100111101010010000101111111000000001010010100000100
1111101001011000111110111000000111001111111010101111100101011000
1110101010100111111011111111000011110010100100001011111101001001
1111110100010111100001001010000010101011100001100111100110001101
0110001010000100001101101111010010000000011101001100110000001001
1011111101000100000011001100110111110111001101010110111011101110
0100111101000101011100100010000101011110011010111110011110001011
1110100000001010001100101001011000001111110001100110101100010000
1000110011000101111011000010110110100110000111110110000011010001
1110101011100011010100011000110101101110111110011010111010111110
1010001000101100100010111000001100000001010010111100110001001100
0100011101000111111110010101001101011010111111100110110011101110
0100110011100100011101011000010010101011101101100000111001001101
0001001111010011001111110001011001000111101001010001010001101101
1101110100001100111110011111100010001011100000000010000101001010
1001101011000000001000001110000001110101010111011011100100100100
1101011111111000110101000011100010110010011110001101001000011001
0011101010011100000011011010111110000110100111000000111010010100
0011010011000101011001011110100001100111010011011110000100011000
1000000110000010111111101001001111110000010110001101111010101010
0110110000111110100011111000000010010011000010001010010100110111
1011001101110000110100001000010110001000101110011101010110001111
