0010100001001100000010110101100110110011100101011110100100101010
0111101100101111011101100010100001010010000011000000011000001101
0001001110101000110000011011101101101111110001100000110000001000
0110110101111100100110000100110011011011111010101110100100101001
0010100110111011101110110111011101111110010000100010110110100100
0001111111101001001110100011111000101101111000010010010111000111
0100001100001011010000010001001101010011011001000100011010111100
0000100010011000010110010100000000010101011000011101100000000101
1011110111101101101101011101101010110110111111001010011100011001
1101010011101000001111000111101010000000010111101110100100101001
1010100110011001100110001110011000111111111111110000010111001111
1011001100000001100000111010110100011000000101111001111100100100
1010010010000001000000101010111001000100100111010001011100110010
1010111110001010010110111011011111101101001101110001010111100100
0001010011100001110011111110110110000101100010100010101110001110
0110000100100101000110010111111100010001010010000001111001111010
1111011100110101111011101101110110101011110111111100000111000011
1110011100001101011000110110101111010001110010111001010111111101
1001000011011100111110100100100100000100000111001000110001011110
1000001101101011101111001011010111100111010011000001100111000110
0000110111011010000011001010101111001000101001111001111100100111
0001101101010111001000000110011010000001000100000011100101110101
0000101000011110000001011100001100011011011001110100110011001110
1111100101000111011101001111000101101111101010010101101001101100
0110101000000000001100100010000010100111001000111001001100000111
0101010001100010100101010010011101101011101110101010011000110111
1111111000110010000000111000101101000110000011100111101111100000
0001000101111001110010011110001011101011111111001110100111110100
0011001010000110001001111000101110000000110110000001011100100011
1011011001011000010011110011000011010000111001001110001001001101
0000101100010010010010001000011100000011100100010000011110110111
0011000110000100110000110000010110011111110110101100011010100011
0100111000100100000100111011110110010000010101101111001111101011
1011111001001010111001101001000101010010000101001010110001001010
1110011000011011110110110001111000011101011001110001010110011001
1110110100011000110001100011101100101001010100100011000100010011
0000000000001010001010001000100111110100001110001001010100110011
1101010100111110011011101110000010100111110111010010011010110001
1011101011101110110001100101010000100100111000001110111010111010
0100000011010110101010100100111100001111000110110000010101000000
0110000011111101100100110010011101110011101011010000000011000101
1000011111101010110110101100000000000111000010000010010001011100
1011111101011010101100100100011111110110101110001000101000110001
1000011101100010101000010111110111011000101011101011011000010010
1000111001011010000000010000111111000001000001010010010111000101
0010100001101000100001010000100010101111101100011111001101111100
