1101001101010000010010111010111100000010001011010000100110110011
1011010111111001110011110011111100111111101101000101000000000110
1000011100011111101001011011101001110100110010101111010101000001
1000011100100001001000001100011010101101101001010101010111010001
0000010101110011010010010110000111010111000100010110100111010011
0101000000110110011101000101111100110011110110111000100001101010
0010000110011011100001011010110001100010100010111110000011101001
1001011011100010000111111111110000011110011001111000101100000010
1100000011000011110100100110100010110111000000001000011010101001
1101011111010110110011101111000000100011011100101000011110010101
1001011000011011111100110000101101000101010101001001000001010000
1011000011100110010110101010011011010001111100111011011100011101
1110110110010011001111000101010110011101011011001100000000011010
0011001100101011101101100001101110000110010101010001001000000000
1101110011010011101111111111001111001011101001011011111001111010
1001110111011101111001111010000001111000001001010011100101100001
1100110110101010010101010101111000110000001111101010101010111000
0001111111000111001010110010111101111101101100111111011110001010
0111100000010000011101011100111100011111000100000011101100010111
1000001011000010110010101000011001011101000011011011100110100010
1100110010000011011111010010010110000011001101111111110100000110
0000000011001001001001010100010100110100111111010111010111001100
1011101011100111101110011110111100111011000100100101001010000010
0001000110001011111110010000111001100111100000011010100100010010
0100100110100100110101100111000110001110101101100011000110100110
0101000011101110100000000111111110100000110000101100000100111001
0111101100110111001100101101111001000101110000001101101110110111
1110001011101011001101001110011100110110101111000100101101101101
1100010000101010110101100101001011000000110100110011001110110001
0100110101101000100110001010110101110001100010111100111000100001
1111100011111111110010111110000101011101111010001000111010010111
0010001101111110111101111011111110010100010111011100100101100100
1111101111110010010100100100011100011111100111000100001000100001
0000010101100010010101101100111001001111101011001001010001110110
1100001001001101001001100000110010001101110001110111100101111010
1111111110001111011000011101110001100100110101100000000010000001
1010010000000010110001101000100011011100100001101100011000010101
0100101111000001110000100010101010011100001100100100010111111010
0000111100001011111111011111011010011111000110100111000100011111
0001011000010000010101010001000100001011110111110111000110001100
0011000101000001011010010010010001110101011110101010011000011100
0111010000100100101010000100101110101110011101101010001011001001
0111011110011011011000101111110111101001100100110110100011010101
1111110101000111011101100110011001010000100011000110111001010001
0011101000010110010100101001101101011001011111000111101001010110
0100010010010010101010011001100100010100011001011100111100000101
1101101011001000100111001100110110110001011111111110001111110011
1110101110100110101011110010001011100101010100101000011000101011
0111110011001101111011101010110110110001010011001100101011100110
0010110010100110111110010110011000111100000000101101000101101101
1000001101110001010000111000101100111011000000111111010101111001
0010110100001111101000110110101111001100100011000100000001000110
0011001111110010111011001011111111000010010001000110100111010001
0101100101111110011101111010010110000001101001100111111100010110
0000110001100111100100011000001101000101000001101110000011111100
0000001100100100110001100101000010000111111011000100010011010000
1001100100001100100010011010111101100100001101000111001110000110
0110100111100110101010101001101111111010011101001010101010110110
0110100000000110011011000010001101111101011110000000010111111110
0010011001110111110000101111100011110011010001000010011011100101
0100010000100101001010010011101010101101010010001100101101110101
0010110010011001000000111111000000101011111110111000110000000101
1011101101000111011000100111011111101111000111110000101110001011
0010111000000111101100101001111101111010010010110110000100100110
1000110000111101001011111011101001010000110110011101010101010111
0010000101110101100011001101011001000110110101111011010011111110
0111000110100000010000110001001100100110010110011111101000001101
1010001111101001101100110001001011011000101110010110110010100100
0101001000010010010110111011000000110101111100001010001000010111
1101100010001001110110111100010101111010010011010011000000010111
1100101110001101001010111001110101111001000110001000101111101110
1011001100000110110011000000011001011111110000011011011111000110
1000001101000110110000100110000010011110010001110011100111110001
0011110010010000111010000111000000100001011111100111111001110110
1111001000110101011011111011011001000000101011111011100110000111
0100101111110101101100101101001000000011110010011100011110100100
