1100010100010010110001101101111111000110010010001001101101010110
1011001001000001010101110010001001000000111110101111011011101000
0100101010010011101011111101110010101000010001100010111000101100
0011000000001100011010110010000000100101010010111011011101001011
0001110111010011100101110111110000011011101101011111011100100001
1000101011001111111100000110100011111010101001001010000110001010
0011100010111101110001011111001111110101110110010101100101001001
1111011100111001001001011100110101010010110001001011101000001100
0111110101000111010110100100100100101001111010110010111111110010
0011010110110001000110110100001000000111010101100100001011001001
0010001000100101100111100011000010110001001010000010111011100011
0001101011111000011011110001000010000010110110001101111101111010
1101111111111010101110101101010110000000100111110010011000110110
0001110010001010101000000000011111011010100000101110101101111110
0010010111011011011010010010011011101101101011100100110111100011
0111100101110100010110100111111000001100000000100111111111001001
0110000000110101101111100001101010110011010100110001110110101011
0011101100000011110000110111011010010101010100000110001111111110
1001101111001000111111101011110011000010010001001101110101011110
1111101011001000010100110110111001101101111011010111001100010001
1101101101111101101101001011100111001010011110011000110100110011
0000111011101000110000001111110110101010110000101000111011000000
0010010011010110100100111111001000111001100001010011010000011101
1011001011110011001101000001100100111000101111100101101110111011
1101111001010111001101110111100100010000100111010110001000011010
0000011100111101110110111111000111011101110010101000011110100011
0100101111101110110011001111010010000110010111101000110110010001
1101101001110101000100011101011000100100010100100010110001011000
1110111010110111010001000001101000110100010010010010001010000001
0110001011000111100100100101100000100010001111110000000110111101
1111011001101101110010110010001111001010001001111101001111100101
0100001001000111101000110000100010010001100111000111011000110110
1000000011100111000110101111001111101111011010101001010000000000
1100111101010111010001111110000001111101011010111000110101001101
0110101111100101101100111011110111100001111111100000011110101001
0000111000100011101010000100100111010111111101011001001000110100
1001010000110001000000111000110010000010011010101011001000010111
0111010110011100001000110111010100111100101011100100001111100000
0111000000000011000000100000000010001011001011100110011011110100
0001010010100001001010110011110010000111100101110001100010100000
0001100011000001101101011101110010001001000100011000010110110111
0111101111110000111010011111110010001101100011100001101100101010
1100001011111010000111000000011100010110100001111110011100111110
0000010110010101110110000011100101000000000011110111101100011010
1100010101001110011101101010101011001111101000010000111111111010
1010011110101100110001010110000110111100111000111100110100100010
0000000011100010011111010101101100000111000011110100111110110101
0100011011110010010111010000110111110010000101000110111001000101
0111111000010001011011000100011100001010111001111111100011001000
0001000011000100110000000011100000001000100010111001011110001000
0011000110101110000111010100010101011010011110001011110111010010
1001011110011011000010001001011101000101111100010111100000110100
1110101111000010011011001000100110111111000001001011110001111110
1010000111000101111111111010010011010001111101100110000100001110
0011101000000010001111100001111111010000111001011101110101010000
1011000100100000010101011100110100110001100010011111110000110010
1111110100110010111001100101010010001101011010010000100011000100
1111010111101110011100110101110000011111110001100010101001001101
1110000011001111101010110110001000000111010101100011001010100100
1100000000001000101110101011110100001101011001100001001100010000
0100111000011101011000110111000001100110011001011101000110100000
1110011100000011001101111110110010001000000110110110000001111001
0001111000011000001111010000101110001000000011010011101100000111
1101100001110100000011000110010110101011110001111000000101011010
1001111010001001101110000111000010011100110010100110000011100110
0010101101110010011100011001001111011101011011110100000000010011
1111000111100111000011110001100110110011001110110100111111010111
1110101110000001001111101111100000001110000101010111100110001110
1100011111000110010101111000101110000100111110101110101011100110
1100110101111000100100000000001001111011000011010010111110111001
0000100011101011001001101110011101000000010110110001010010001000
0001111111101111000100011111101111100001000010001000001110010011
0011110101010010001111100010110100001011001011101000111010111000
0101010110000110111001011101001101100110001011001101111100110111
1110111101101101011011101000100011111010111101111011100101000101
1010110111011011001011110100110000110010101011001010111100010100
0001111000001000001111110100111000111100010110000111000100011000
0100010010111000001010010110001011100010101100101110000100100011
1000001001000010111101011110110011100111111101001101011111101010
0001101001011101101001010110011010011011110010111111111101101111
0001101111100011110000000101110111100111110110110001011011100111
1010001100001010001011110110001100011001101111011110100100110111
0100111011000010000111000110110101001100111010110001100011011011
1011100011001100111011001001110110010000100000011100110000110000
1011010011100011101001011000110100110010111001011100100100101001
0101011011101110000100101110100011001011100111001001101100010101
0011010011101011001111001100000010011110111111000001001101101100
1010000111111001000101010111110100110111111101100111010011111010
1010000100001010001100011001000111010011001001110111011101000111
1111101100100110010111011110100000111111010101101011101001000110
0001001110010000000100001010101010101110000001110010110011000011
0101101111101011111111011001010100111101000000111011101110111001
0000001100111101011101011011000110010110100011001111110000001011
0111110110110000101011000101100101101011100100000110110000010111
1010100100100110110011101010011000110111000110000001011101000111
0010101110011100110101001111001001010010011000001101001001111111
0101100110101001000110110011111010010011100100100111010110010110
0111010110101010001100000101000111111100010000100000111111011100
0001011010111011010110000111001000111011001111010001101011011111
1101101010000000100010111001100010101000001111001110100011111101
0000000100110010000111001101011111001110010101111000001011010110
1101000111011011011000011101101100111101011101101001000011000001
1011100001011100001000101010001000110001010011111001101000101010
1010100010010110011111010011000110110111111111100001000001011000
0001010001001000110010110001010001101011101000111101111010001011
0000110100111111011110010101101000011010010110011000001001111001
1110110000000001011011111110101100010001010000000000001100100110
1000001000010111101010111110100111010001010010111110111110010100
1110010101111011111100011101010011101011000101100111110100000101
1011011100100111010011101000010001101001011100000001101010101000
1110001111000101010001110011101010001001000111000111001110101101
1000101110000000111100101100100001010010101010111001000011101010
0110101010010110010010110100100101101100001101111010010100000110
0101011100001101011001000010110001011111011101100010100011000101
0101100010001000101011100111000011101111100110001010100100000101
0011100110101100000000110101100101111010000011111000000011011010
0101010000101101011010011001001010101110010000110001011110011001
0000010110000111101000001111111101100010011110100001101010001110
