1110011110110001011000011000011100000011111100110100011000000110
1001001001111100110000110100100111111101001001111100110000000111
1011010001011000001000010110111001011001111011111000010011000011
0100101101010000110001010110001000100001101000010111011010110101
1101100001101000000010001001010000000001010100001110010110001111
1000100100001100101001111001001001110100010100001110000100110001
0110001100001010110111110111000110011100101010111011111100000100
1001001110000100110111110010111000111100101110101010100100010101
0101010110010110101010100001000111101100000110011111010100111110
0010110101110101101010000100001001010010011010101000011010100100
1110111011010010000001000111000010010000000100000110001001101101
0110000000101001100101010100000101110010010100111010100001000101
0111010010001011101111011111101001110011001010100111110000011010
0101000110101011101011101110000010111001101000000110011001110001
0001001100000010110011011011011011000011111100010101010110000001
0101001101011011001011000000110111011000111001010100001011111011
0001100010101001111001010101110101011011010100001111110011110111
1110010100111111011110101001000010100000001110001011011010001110
1101101101010111111001111110101000100101010000001011100111101011
0000111111010010010000000000011000111000000011010010010110011010
0110111000000101100111011101000011100001110000001011111011100011
1101001100100000010111100001001101010001111100111001101110011011
0101011001011000001101010000111100101010100111111100001000111101
1110110101011011010001001101100000001010100101010001000011101101
0100100011100011001110110101000110011100111000101011110101101000
0001110111010001111001010100111101110111001010010001101001111001
0001100010011111000001100011011011011000001101010001110110001011
1010000100100111100111010101110010001000000010111101011101000011
1101110111001000001001000000010110111001000011111100111001110011
0000011010100101100011010011011011010011011100101100010101101100
0001110101110001100111010100010110100101100111100100010001011100
0011010111110101101111001001000001101100110011110010110001001111
1010000010110111111110001111111101011111100001001111100110100101
0010011101010111010110111011100101101111111100000001000000110101
1000100010111101011110100000011010011011001011100011100001111110
1111000110100011100101001000111110101111110100010000110010011000
1011100101110001100011111101101111101110001000111100101001110010
1011010011010001001100101011100011101100101001101000111000111101
1010010000111110101111010100011000110010111001010101010100111101
1100111101110110110011110100111111100000111111011011111101011011
0010001000000111100001110110111000001100100000000010001100100101
0101100001100000100110111100101100111000110110001100110111101101
0000000001100110001111111110011011110010001101010010010110101110
1101111010111110100101011001111000111110110000011100110101111111
0010001010111111010001011000100000110101101111111011111001001100
1011010010100111000101101011100000000011110011111110011101001101
1110000100011000110110101000111101101001100010011000010011000101
0111100100011011110000101101010110110111000111011100100001101011
0011011100111000010111110101100101000100011101000110111101001001
0011001000011011011101000110101100001101100011001101010101011101
1100011001001000000010100111000000000100110001100010000001100110
1010100101010011011010110100101111110001100000010111110100110001
0110011011111110101110100001110101001001111011111100000011000101
0001011000010000101000010111011000111111011010100101110100110111
1010110011001110000001000110000110110101110101111000111000010001
0100100000100011011001001010110101010110111110101011101100000001
0101100101100111101011000010111101100111100010011101110010100000
0101110000000101101101110010001000111110000110101110101100100001
0100010110001110101111000101011001111001100110110010011110101001
1100111010001111000000110000110000011100111101001000110001111001
1011110100011110000100101011111011110000101101110111011111111000
0100010101011000010010011101100101011101011000100101111001101001
1001000101000001010011000010101111101010101000011101010110101011
0001111010001101000111101111000011100011001101000101010000110110
0010101111101111001101111100000000000011110000000011010010001000
1101101011010100100011100100000011101111101001001100000010101100
1110010001101001101000111000000101001101000011000010100000111000
0001100011110110011011011000100110100001000001111111101100101010
1110100100010111011111011100101100011001100110111010001100101001
0011001110100010011001010110100111000000000000100000110010011101
0000100001111100110000001111101011110111111011110110101000001100
1111000000000001111111000110101010101010000000010110110000010101
1110110010101110110000110000111001001001110111100000001101101000
