0011011001000011011110001010010010110110011100101101100000110110
0110000111001000100101111010001110010000101101110101111100001011
1100100111010110111101111011100110110011001110111110010100111001
0011001101011100001000111100011100100011100010011101110100011111
0110110011100100100101110011011101001010010111011101110101111101
1101111100110001010010011110001100011000111110111110110010110011
0010110011001011000010000110001110011111011010010100100100111010
0000101101100010100100111110000111011011100100111100011010110100
1011001110000010000010111000111010111100001101100000010010110110
0000001001111011001010010001111100110111000110000011111000010001
1111111010111011101001001000000101001000011100111101110000010010
0101101101101000011101001000111001010110011011000110100101110001
1010001011011100111111100101001000100010110001110100000010111011
1110000110000001101100011010011011001000100011010001111101100001
0011000010011001100100101100100100010100010010111011111101001101
1101101000001101101001001110001110011111111101101111110110100110
0011001101010000000100011100101001010111100000011000101111100001
1110001100101100101111000000100011010011000110001110000101111110
1101101001101001101000000011110001100101100100110101000010110010
1001001011001010100010001011110110001011101011110101110011010101
0110100011000000110111011000100000110110111100110111111101001100
1100111011111101001000000111011110010110000001101110100001000011
1110111100010011010110110100100000110110110001101101100100100000
1000101100011001001001110111100111101110011110000000100111110100
1000011101001101110010101010110101101010100001100100101100101111
0001001001110100000110000110100110100000111111011111100000110111
0110000110111001011101100010100111001001111100011111100110110011
0101001101100101100111000100110010101100110011111011110011111111
1010001011111010001110101100100000010101000101010011011100011010
1111111111110001110010100100100010001000111110110001010000011100
1010111011111010110110101000100010101001001010111101110011111000
1001111101010111100011110101100110101000001010001011111011111111
0011110001011101101111010111011111101001111011111111100111000010
1010010110100100100100010001110001011000110010011010011111101110
1011111101111000010010110100001101100101000001101001110001110111
1001010110100101111110111101000111101101001011111001000101011101
1101011000101111101101000011011011100000111111110101110111101000
0011001010011110110010011001000000010101110110011101110001000100
0001001110110100010110001000010011111001000001110000011110000101
1110110110110100011011110001110100111010001001111110110000000000
0110010001000010011010110110001010101100111011010101100101101101
1110011001011000011110111111001111110001010001111010111111100101
