1010110001011001010011110000110101110001000000000111100010110011
0100111110001101001101011000001000011010000010000111111011001011
1000011000110000001110011011011111101011010011000001111101000100
1000101011110011100011110101111010010000100010100111100011000000
1100111100000011010111010010101110001000101110011011101010101001
0110100000110000101110011010111101100011010011001010100011100000
1000111100000110111111010001110010101001111001111101111111110011
0010100001001101011100100111011001011110111111010110111111110111
0111011111101100011100100101101100111110100010001100010101100111
1100111110100010111100110111111111010111000111100001111111011100
0001010110110000101100011101001001011010010010110010100101000110
1100111000011110110111101101100001111010000110110110100010010000
0110101110000101100111100011010100100011101110011110010110100000
1100010110001011000101001001001100010111111000010001111100010010
1000110111001111111001011000100111001010110010101111101001111110
0101101000100001000000010010111010001000001011000001110010110100
0110010011110001111100111100100111011000000000110110101101110111
0011100110101101010100011011011110000000001011000010101110010001
0101000101011101000111010010011111011110101101101101000001011000
1001011000110101000111011011011001111100100011010110110110101011
0000111111011111111010111010011110010011010111010100100101101010
1100111100111101000110010110001101011100100000101000010100000101
0100000010101111100101100110011110001001111010101100001010111010
0001101110100011000000011000110001111100000010111101011011110000
0111011001010000110100101111111010001101100100100010101011011011
0010101010001100110000001010111101111110011011010011111010110010
1101100000111010000101000001111011001101110111101100100111010010
1011100100010001100011010101001001111011110001100001011100111111
0110100110110111011110001000100000111101111000110111010100101010
1011001001001110010111111001111100011010110000001001111001111100
1101101110111001001011011011111011100010101111101011000000001000
0100111010110110101110110111010001101010010101000101011101110001
0100111010100111110010001000111101010110000111001100011111111011
1001101101110111111111001111000011110100010011000110110100010000
0000010101100011110101011111000010110010011001100010100011001010
1101000110111101011100000111001100100100001110011000100000101000
1000000011100100100001110111101001110001101111011101011100111010
1111110001100000100001111010011110111101101100011001100001001001
0010111001101110000001011101001010001010101001010101001001101010
1011100100000001001011010010010100011111010011011011100000000100
1000000110100001001010011110101001110100100000001110000000010000
0001000000110101011110110110111100100101110011010000010111011000
0001010010111101010000111101000100101100111001001101100110010001
1011101011000000000110110001100000110001010110100101101011111101
0111101011111011100111101010000011001001010100100110101001000111
0010001100001010111101110110111010011110010010110100110110110000
1000000011110110101000111110111000110111111010011110011101101100
0001111100100010011110110101101011111010010001101010101010101110
1110001011101000011111101110101000000110101111010100110100111101
0000110001101001111000011010010100011011101100010101001010011000
0001111111101110110100011011011000100110010001111010100101101111
1100000000000010101110101111011111101010011001010001100100101100
0111100111111110110001011001010000111010000110000111100111110000
0001100100101010011111010101010011010111000000000010000111100101
0001101111011110101011010111000110111101011101101111111000000111
1100000101101110000111110110001000100001011101011110011110001011
0100000110101011000000001010100011001001010100110010011111111011
1010001010010011011101110010011111111001010110101100101100011100
1111111010000000100110111100001011000111111011111110111011001101
0101100100001100000000001001100110001100010111110111011110101000
1000011010100100100010010111100001010111100001010010000010001000
0001000110110110101100011000000011000010101011001001110101000111
0000000100101000000101101001010100001111111100111010001101100100
1010111011011011100111110010010000100000000000100111001110100010
1000000101110101111001011110110010110010111001000110110101001010
0110110011111011011011110011111110001110110110011010011000001011
0000001001111100111100001111010011101101100101101001001110111001
1110001100001011100100110110011011000011101110011101000100001000
0010011101011110001100110110111110001000100101110110011011111111
0000100111111011100110001111010011011001011111000000101011001000
1011000011100001111100001011010010010100100101010010011011101100
0111010100111000000001111110011100000001000010101010110110001000
1001101111110110001111010000101110001001110011001000011110000110
0110100001101010110110100010100001100111101001111011000000110110
0000001011000111001001001000101100001001111111010111110010011011
0001010011100011110011010100000010011001110110111110101110110100
1111011100000111001001000000111100010000011101110100001001001110
1000000111100100011100101010100010110111101010011010010100011010
1001001001100110101011000101010101011100110110011001000010010100
0000100101110010011100010001010101111111110011000010010000001110
0110011010011001101000100110011101001000011100101010011010010110
0110110000110111011111111001011010001011111011101010000011001100
0111111111100001010101001001111001100100011100011111001001010100
0111100010000001010001001010000111111010101100101101000101110001
0101001100001011101101110010001010000100010011010011101011011000
0000110000101100111100111101111001101011111011110000000110111000
1100000101110000110001110000110100000011111001000110000101100101
1100010111100010111010010100100001001110011110000000000000111011
0001000110100110111000000111110001011001110111101011100111101000
