1010011100001000110100111110100000011110001101010111010101111101
1000001111000110000110000000011011111111010000000111110001001011
1110001011010000100000100001010101010111001101110101011000010001
1110110011000010001111011001011001100101111101101000010101010110
0101000000000100110111100110010001001101111110011100001101011011
0011110000110000001010001110010110110101000100010110000001001011
0010110101000010110010000111110101011000000011111011110100011000
0010001100101100011001001111000110110111010100001110010001110100
1100110110100001111111110100000011111001100011110111001001100100
0000101001001100011110110111001001001100010000000011111111111100
0000011101100010011011010011100111001111011000001101010101001011
1001101100101111101011010110110000101011000110100010011101011111
1111101111000100111101111111011001001011001100100111101011100011
0111001111100000010011001011001000011110010101111000000111010010
1010000110001101111010111111010100100101011111000010011000001000
0010010001000000101111100100011000100111111101011011110101000011
1010011101111011011100100010101101000001111101100000000101101111
0011111001101011001000001010100011101110010011010001110101110101
0000101011011101100100110100011100100110101101110000111101100111
0010101101001001110101010001110100011000010011001100100010100111
1000011100001110111010010110111010001000101000000100010010111011
1100110000001000101000101100011110011000011000011100110001101001
1011011001010001010100010110010111111110111010000001010111101101
0010101010001100001011010001101110111001100101011011100001110001
1101011110111101011100111010011101111101101110011000100011011011
0111111111101001110010000011011000011000101100000001000010110011
1000010101010101110011100010101000111000101011000100100011000111
0010010010011001111110001101110010111111010111011100111001101101
1100100001101001111010011101000101000010101100001101110111101011
0010110110011000001100101001110010111011010111000100101110111110
0011101111111100011100001001000111101101101001010010000011110000
0100101110111001111001110000111011100111111101010110110101000110
1100010110010011001001110111110011000110110001111001100010111001
1011100000001001111010010001010100111011100011100000110010100011
1101000111010011101010001111100101001011101110111100010100000010
0101001011010100001111010111100000000111011010000111011011110100
0000100011001001011101011101000000000010010000110000011000011111
1101001101000111110100010101011011010101111011010000000101110001
1001011111001000100011011101110110001111011011110010110110100100
1101111111001110011110000111000001011110011100010010010110000000
0110110001100001010011011111011010110011101100101110001101001001
0101111111111111100100110110000110000010100011111011011101000101
0100001011101111001000010000010111110011010000001000000101010101
1100100101000000111100010010011011001011001100011100000001100110
0010011010000100100110100111000001111110110101001010111110110100
0001001100101101110111100001111110101110110111101111110111011000
1010000111111101000101000100010111010001111100001111111110001100
0000101000110110011011010100111010001001010101001111110001111110
0111110111011001110100011010011000100101001111101111111110011010
0101000101111010000111101001111100101110000110001011111001010101
0111110010101100101001000010101101110110010111101010001011100101
0101111000000110110010001001011110011010100101011001001110100011
0000100101010100010101100110101110001101010100001111100010001011
0100011101101010110111011111100010001101110101110010001100010011
0100000010001111100001101100111010111110011010001110111010111010
1011110110110111001001101110001000010100101010110011110001111000
1001010110011010000101101001110010101011100001111011001010001100
1001001101110100100101001100100000100011000000100101100111110001
1011010001110011100011000011101000101111110010011110111001101001
1000101111100010011101101010001010101010010110101011110000111000
0000101010110101110101111011111101000011001010000011100101001010
0111010110000011010110000011000010010000000111100001000101110111
0111001111101000111101101101100110000001000100101011011000001111
1010111110101010001001011110010110100111100101111100010000101001
1001000110000101110110010010000101100100000111000011100001011001
1000101111011111010011011001111100110001011101111001110000101101
0000100111000010010001110110010101110101111111111101111111100110
1110010110010001001001100001011001101000000100100101000101100011
1010110001011011011000000110111100110101001001011010011001111010
1001001010011000111110111100101001100111011011111110111011101100
1001111001110110011100010111111110100011101110110111110101111101
0111010110100011001000001000100100101100010011100101111110111011
1110111100000000000100001011110000000110110001001111100001001110
1101011101101110100111101011001111101110101000001000101000011000
1100100001001100100100100111111110111011010001111110000001000101
0010101001111000111001000111000100100011000100000010000001111101
1111110101111001001101100000000001011001001111111011010100110011
1010111100000001110011110110010001011000101010101101001000100011
0100011100110001111100010001110000100011011011110110100100010000
1011101111011001000111010111110110001100001110111101000101000010
1111111010100010010010011101010111101110011111110000001010100111
1111110111001100001001101101011010000111101111001111011000011000
0100010110110000010010001110010100011010011010100101100100100111
1111001101011101110010000100001010001111000010011100011110000011
1011100000000001011011101100011110100000111111101000010010000011
1110111110101100000110101111001100000011101001110000000111101100
1100110011101111101110111001011010001110010011100111101110110000
1000100000000101100011000110101000000110001011110010110001000011
1101000100100100001110100000111100100110011110001100100101111010
0110100001101000000000010100110100111010011110111000111101100000
0011100111111011101001101100101111111000110001011010110110101000
1001101000101110111001001110010100111000100101001011100100001111
1000011011101111011110111101000010011111001001001110001101100101
0010101100101010101010001110000110010011001010011111110100000101
0011111101111101101011010110011011111000010101000110010110111011
1010101111010010011010101001101011100111000001010101011101111000
1000000001100110101011001110110101110000100000100001110110011011
1011001010010001110011101111110011000010110101001101110000001100
0100011100010001110000101100001001110100100010001111010010000010
0001010100110010001011101010100000000011101001010110010000100111
0100010101010110000110111110110010000111001110011000111011101111
1110011110101000110011001000000010110111001000000111101000100101
0111001100001111010010011010100011001000111101110010000000100011
1011111000110101110001100100010000100110111111101110110110000101
0110001010100111101000001000101100001100111011110111110010010100
0100010110001011000110101101011000001110011010001010000010100111
1101110011111101100111101011000111000000100010101101010011110011
1100000111111111010001001000101000010011100100100110110000011010
0000110111000011100110010001010001000011000100010101100100011110
1000001101100100011000111010100111100111110001010001111101111010
0100001101111101000101111101111000100011011101100111010101011011
1010010000111101101101100101010111000101011100000001001111100001
0101000111101101111010100011100010010100100110011100001111110110
0101010010100101000100100000010101001101000101110100010001001110
0101101011100100000011110110000110110100011110011001100011111110
0010011110010100100110111110001110011110110010011100010100100110
1000011111001011011100110011010111000111100101001111000111111000
1110100110111000011111010111001100100111110010001111111110000100
0001001001101101101110011000000111100011001100000110010110011011
1010111111110111000010110100011111011001110110001100001110111010
1100010010110010110100000110010111100010000010110101110101111010
0010111111101001111001101110011111011010101011111111110100100011
0100011111011101110010101100001010110010101001001111010110110011
