1100011100101100001011010000100101110110101000010011110100111101
1110101100001111011110110111101001110010111110101101100101101010
1001001100101010000101111111100010010101001011110110001100001000
1001111011000011010011101111101011100011100110010101110110111100
0011001111001100110111011001011011001000000101101010110010100011
1110010111101111001100011011100000011110001001100000010011101010
0101100010011011110011000110011001001001110100011010000101111011
1100000101001111001101011100111111101110000010010101111011000001
1111100100110100011111010101100110100010100000100000111000011011
1001101110100111100000000010101101010110000110000001011101010110
0101110011000011110100101000111011111111100100001100000011111011
0011110110001001110011000000110101000111000011010101110010111110
1011001000011000110100011001110101010010000111111001110100100001
0010011100001100011001000101011001110111101011010110000100001110
0011011100110011101010010100101100101101100101111110000010101001
1101001000110111111010110110111010011010001110110100100101001011
1110000001011100110001101001001001101010011101111000000111011001
0111010101011100011011000110110101000110100110110011010100100100
0110001100000110010011101011010010010000101100110011010100110010
1000000000011010011000101111101001100011101101111111110101000000
1100011110111111011001101011111000000101010110001100110000110101
1111101010011011010010100110111011010000110100000000101011000000
1001011001010010000000110101101111110010111001101110010011010111
1001101011011000011111101101000100001101001001111111011101111001
0010100001100000101100010000001110011011110001010111101101011011
0000001101111010001011010001101110110011111011011011011110101010
0111001001101101001011000000011111111011111001000011110110111100
1110001000101011000111110101010110001011000110110011111110000011
0010010100010000110000110111000101110101010001110011010101100101
1010011101110000110111101010100011101101110000101101011100111100
0011010111101111001000100000001111000100111001011001100001101001
1001000001001101001010001011011110101010100000111010000110001110
1101101111101101111100000111000101110101010100100111110010111111
1000010110001101001000011010100011011010000100111111111011001000
1001111001111001000100110100100000101010011110111111101111011010
0010001000000000110110101000001010001111011111100011111100111000
0001100111111010110101001111100111011010001110100001010000011111
0010010110101010101101110110101110010101000100111101100101100111
0100000011111011010101101000010110010110110010001010011000100111
0001010011011000011111111111000111000110011011100110110011110000
0001011100001101100001011100111111100011101111011111110110101100
0100011100001010001010010011110110010000100011101011011000010001
1011110010001001010001010110011111010100000100110000101100011000
1111000011111111000111101011001100100001110111101110011011010001
0101101001001100010001010101000100011100111110011101110100011100
0001010010011010011101111100011000100100001100110010100010000100
1000111001001000011000000011011000101001110010011101001110101011
1010010010011110010001001101001011001000000100010111001100100100
1001100110101100011101000011100100001111010001000000111000111001
1010000010111000101001010011110101000011011111100110010010000010
0110101101100000010100110100111000011000001101110101110010100100
0111011010110100111101001001100101111101101001111110101100001101
1110110101011000000110100001100101110010110100101101001111001111
0100001010101011111011101100101110101011001101110101111101010110
1011110100010011101001000110010000101111101111110101010001000001
1110010000100000100010100000000110100100011100101100001101001110
0101001111111111100001111010101100000010011111100111010010110100
0100100101001101010001110011101001001111001001100100000100001100
0111010010101100100000110010010011011110100101011100001001001111
0010110111011010001010001101110100101100010011111100000110111010
0111010001110001001001101111100010110011111111010101010011010111
1001101111111010011100000101010001110001010011011011000111101101
0001100001001111010100010010011100100010101011110110001001111110
1010101001011111100000110010011101000111001010100001001110111111
0011110101010111110110011000001101010110011010011010000100111111
1011110111100111100100111010011010110100100110001100011000000101
1110010110110000101000100110001011011111101101101101001111001011
0101001110100110111100000000010111011001111010011011010110111000
0011100111101110001100001011011100000000011101000010010001010000
1110110000000000100101111011110101110010100101100110011100100111
1010001010100111110100101010000000110101111110000010111111000101
0000001001001101010111110111101010000000100011000101110110000100
1001101001010100111010110011001111110101010011100000110110010000
0010010001000111111000100011001000010011100001111011011110001001
1111010010101110110011000000110100010111101111110001101100010101
0000000000101101101001000000000110010111110110111000110001110100
0001101001010110010100001010000111000001010101011000111111010010
0010101011010000101111001110100101000101001100100001111100010011
0111000100010101110000000101110011010111010010101000011001110111
0011111111000010110011111010100011100100010011100110010011010110
0100111000101101000101111000010111101110000111100000100111100101
1010110010101111101000000101001010000010010001101100111011110110
1101100010000011000110001000010110110111101101101101111100000101
1111010011110111000011011110101001010110001010000000101101011110
0000000101010011101001110100111101011000111111110010001011110011
1111001100011111110001001111101011100000010111010011101101001101
0010100100011010100101110100101011000011101110110101100111110111
0010100001011010100110101011001101010011001110110101111101110111
1011101011000101101110001001000001111101111111101111101101100010
1011010001101110101000011101110001110000111100010110100000001101
0101001001010000111100000010000111100101000101111100111110000000
1110000011111110010101000100001011010000111101110100001011010111
0010110001001101000001001101011010101101001101001111101011010111
1101110000010111110111110011101101011000110000001110001010100111
0000011011111011001111101101011110011101100110011000110000111110
