1011011110010010000100000010000111000011110110001111111001011001
0010001111101000000000111001001111011100011001001001011100001111
0011011011111000101111011101101110100010001010101010010101011111
0100101011010101100100010110100000100111110101110011011111011001
0010110001110110100110111001100001110101100001110101111011101011
0101011001110111100000000011001011101110010011001110000011011101
1101011100110110111011011101000001001101110100000101001010100101
1000000001010111100110011101111110101111111101101111101101111101
0010111110010110011011111001011100010110001010110110110010010001
0010000101110100111100001100011110111000010111110111111110111101
1010100100100101101110100110110101100101110101100110001101101010
0001101000110001011110100011110101101011100001111000001010011011
1010101001100001011000010000110001101000101010010110100010011101
1001101010000110110000001111000010101111100000010111001101001000
1011010000011001111111110010000110111011100001011000011101001000
0000000100001010110011110011001111010011101111101101000010111000
0001000010000010101110100111001010000101010110001110000100000110
1100011010110111110001101001010101101111000111111000110001110101
0110001110101001110001110100101001100010111001111111011110101010
1100000010111111111011100010000010111100100001000000011010010110
1100111101100111110011101001100001001000001100101011011110001000
0011101110101011100000110011100111001010101110001111001100001000
0111001000111010010100010100101000001111101111011001100111001110
0100010111001000111001101000011111111101111100011110101110101100
1101010001010111100011101110000110101100001010011110000001101010
1010110101000101110000011001001001000000111101110001110001100010
0000100111000011001001100001100110111111010111100110101111011101
0110000110001100110010000001101111000111100000100011010011010010
1110010001011000011001110001010001001111101000011101100101001001
0010001110101011000010101001001010111110011101011011101101001101
1100000001000001001010111011011111111001011001010101010001000110
1111101101101001011011110100111110011100010101110110100011100000
0000111100111011111000011111011011101110110110111001001101101011
1000000011001100111111101110101101000101111100110111111101100001
0100111100000011100111101001101110101001111000100001111101110001
0011001111111010101010111000000101100101111111101010110100110101
0111011000001001110100100110001111000011110010101111001100100011
0001011001101010110010111110111011010101010100000001010011101101
1110010101010101111110010100110111100010000011100001011110000000
1101000000010110101010110101111100101111100101010000110100010111
0010111000010011110001111000010001010101001000010000101110110011
1111111010000000010110001011111100000101111111000000110001001001
1011010111100101011101110110100110011111001111100110001001110101
0001000100011010110100001010111111100010111001000111101110111010
0001100001010011011000000010010000011100001100010011100001100100
0010000011001101101100101000000110010101110100000010101100001100
1110100011100011001110000001101101100000010100100011010010001111
0001001001001111101010001100101111010001010011011110011111110110
0110100000011010100101011111011010000110000110101110001100100110
1010001100011110001100011101011100010000110000001010010000111101
1101100001000111011011101100011011100110011010110001110010101101
0001111010001011011000001111111001010111100010010111001110110001
0000110000010101011011111111100000011000100101100101110100000011
0000111100100000000100101100101011110101010011101000101011100100
0010010110100100010000100100001010110001001111001101100111010110
0100110101000100110010101001110101110101111011110110111100001111
0010000111001110101011001100101101011011001101001110010000110010
1011100011110101101101100001101010010110111011111100110001100010
1111011111100110100100011011000101101100111101000011001111010000
1010010001001100010101110001101111100101010101101111100111001001
1111100111100001111111110001010011101010101010100101000111100110
1100011100011111100000011010000110110110011110011100001001111011
0010101110111100101100010010011110010000011011110101001111111101
1100001110011100010010000101010111100011011000000011110001001100
1000001010111011011100101001010011011000010100110101001011011111
0110100001001100000001001011001101010000011001111111011101111111
0010001011000011000011011111010110010000100010111000101101010011
0001011010100101001001011010011010111111111100110100011101000011
1011111001010101110100100011010100010101011001111111111110110110
1100011111101000110100001000111011011100000011011110011101010100
0011101001110000011001000001110011100001000110000111001111001111
0110000111001001001011100100011111011011101110111001011111101001
0100010011011110100000011100110001001100001001110010001000111011
0110110100101110001101001111101001011111001100011000010001011100
1010010100001000000101000111100010000000110101101010111101100111
1001011000010101111000010011010100000001011011111001000100110111
1111000111111100011111000011110111100000101111010101001111100100
0001010000100101110110011111000100110110011100000110110001101111
0001011001000110100000110101111010111010001011011100001000111101
0111001111001010100001010110001011011010011100001000110001111110
1001010000000001011000100001101111101100010110100011000000001010
0100001011101010101110010011001010010011010100000111111100011101
1000100101001100011100010100001100000001001101111111100011000100
1010111110001001101000101100000001001101001011101001000110011010
1010111101010010000101010100010101001101001111111000010101100011
1011001010101011010101010100001101010111001000111111010110100101
