1101011101010010100111111010000011010110101010001011111110110111
0001011101110100111011100001001111101010001011010010000011001100
0111001110000000011100001111100010011101101010101000101001110101
1111111001001111010111000100101110111101110100001010111010100111
1001010100001010101001011110000110110010011111001010100100010101
0010101100100000101000010011010000010011111000100111001000101101
0011110011011000000101000111101011101110110000001011110000111001
1110101000110111100011001100101010000000101001011101101110011011
0111101101010011110111001101100010000101101110101010101100111110
0101110001000011100001100111011011111111111010100111101000110101
0001111011011000100101110100000011001101101001100001001001001111
1011110011111010001101110100101000100110000111100110100111011000
1101001010111001011100011110110110001100001101110011110010011110
1111111011101011001110010010000110111111011100000011010011111011
1111000011001111110011010101010011111011111001010110101101101101
0010000001100101111011010011101010101101111010110111011111011111
0001010100110101010100000100110001001101110101001110000110100101
1000100000011100010110100101000111110101111100000001001110001111
1010011011000110001100100110010001001111011010011110111111100000
1110110001110100010011100010000111110100101000111110100111110001
0100001100110110010101011101110010101110001110101010001111100111
1101100011110000100111110100110000110001011111001011101110101000
1000001101010100001011010110111100001101100101010100000101011000
1111001100010001110111101011100000000101000010000100101101111011
1111000111000001111110011011000101001001100000001010011000101001
1001011100101110001000101101000010110110110111000111111111110000
1110011000100111010011000011100000010100111011011100111011101001
1110100100001010101111101000000100110101101111111101111100010000
0011110100001001011010110000011110001111001101101101101101111011
0101111101100010011111011110001000111100010101000000101110110001
0101001101100110100100111100100011001101000100011011001111011101
1001110000101100010011000111000110000001011011100110001100011001
0000010100000011011111110100100011010100100101110101010011101111
0000011000101010110000111110111000010011000011010001000101001111
1101110000111010011000010111101111001001011010001011001011111110
0011001000010000111010001101110110000110011110000100010111101001
1011010101111111101100101011000000101111001111101000000101101001
1111111010101010000000011100101111110000011111111010111100111010
1110001000011100001110011001111011011001010100100001010000111010
0001110000111010110110110000100010010100010101111100110100000100
1011001101101110110100000101101100010000101011101100010000010111
0000101111100101111100111011111111001000111110000100100001001100
0110100000111100111001000101000010111011011001100000000011100101
0111100000100100111011101100111000001010000100110110110010011101
1010100000110110010001000110110000110101011101101111111111011111
1101111111101101000000011010100111100011010110011101010011011100
0010010110101001001100111111100110100010100000101101010010100000
0010111111001011011100110101001011101100111010100000101110101111
0101111100000001010011011100100010011101101111001110100011110001
0100001000010001001100000101001000010010011000000100011001000011
0001010011000000111101010000110000110000011101100011111101000101
1001110110001101011001110110101001000111111111010011100000010110
1111111110000011011001101100010000110100100111111110111000011000
0101010000101000111111100011011010100100101101000100001011101111
0110011110110111101001001100001000001101111111011010001101110101
1110011110111100000101101110010011011000100010111000111100111111
1101011001111101011100111010001100110001010011001001110100101100
0101010110111111111110000010101000101000000110010000010011110101
0101010100101101110010010001010111111011111011101111100011100101
1011011010010101000000101101100101010101101110100111111101010111
1100100010111000110000001001111011111111001011011100100101101010
0111001100000011010000111101000010111111001101011011100101110110
0000111001001101001111001100110011111010101000011111111110101000
0001010011001011100101000001010100100011001110101111000110010110
1100100101000011000010110101000010010100101110011100100010000111
0111101110101010000000010001111110111101000000010000011000100001
1010101001011011111001000001001101000010001111100000100011001101
1101010000111001010111110010011001011100010001011100011001001101
0010100111111011010100000110011001101101100101001011100110001111
1101000101000111010101000110111001111001010110000101111100000000
0010001001111111101101010110111010110011100011001100100110100000
0111011010100010001110010010100110010101100111110010110010001000
0110000100111010101100101000010001000101100011010000100111011010
1000000011100011110000111011110110101100110011100000110100000110
0001100001001101011011100100110001100000111111111111100000110101
1101101001000001011111000100111110101001100010000011110110101011
0111110011110110001100000111011010010100100111010110111000110101
0100110010100110000101010000010111100100010101110111100101010100
0011010000100001001100111100010111100110100111100111010000011101
1000010001011111010001101101011000110000010000000101110001011000
0000111111100110110111111010010000100011100110000001000110110111
1011101100000000001101010000000011000111001100001110000001100100
0100011100111111000011001101011011010110111011000011100101010111
1011011110000110110110010011001100100000010111100000010100110101
0011011111011010000110101110011100000101000101010101100111100110
1110000011010110100001101010111001000101010100001011011010010101
1100111101100011000111100001100111000111011100010000000010100000
0011110100001010101001001101011111101101100101111100011100001110
1111001110110111100000001101111010010110110110101111111011100101
1010001100101010110111011001110011010111101010010010010110000111
0000011001011111001100111100101001010011010111110101110001011010
0001101001100100111101111011001000000111000101101000110010100101
1111010010101101011101100001011010011101111001011101110011010011
1011001111010101110011100101011011001100100111100011101010011100
1001110111011000100001010011011010001111000010010100011000110011
0001101111110000010111110101100111111100001100000111100011000110
1100100110000110011000011000101101001110011001010101101111011111
1011001100001011001011110001010100110101001001110100001111101011
0111011001100000011001001010011010100101100010110000101001001110
1001110101011000101010010100000010101011010010011000100001101000
1101110001010000100010000010101000100010000011110101101101100011
0110000010111101000001010110111111111000011000001100111100110111
0010110010111100001000110001000011100100011011010100101111001010
1100101011010011010111001100111110111111110000011101010001110101
1011111010011001101000010111001001110001010101100011101000101001
0000001010000000011011101100110100000010101000010111010001001101
0010100000001100101010011000111001100100001010101000001111010110
0110011001011011000011100001100011000000111111010010001000100110
1001110000001100011111011000110000100001101111110011010111111101
0111010110111011111010010011001100000101001011001110011110010110
1100101011100010001010111110011100110101111001010001100101100110
1011111101010010101000001100110011010111000011000100100100111110
0111001011000110110100100111111111111100100100101111110001100110
1010101011010001011110111111111011111101110100100011100010111101
0011011101000010101100100110011101010110100110101001000100011111
0100110001101110111111101100000000010001010001110111100001101001
0110111011000101000000011110001001010011100001101101000110000000
0111011101110011101110001000100001011110000010111011100010000101
1101001101011111001010111010010011100000001011010010011001010000
1010100010101000111101001001000001100111011111100110000110010100
1110001110111011110010111100100100000110000110110111010000110100
0100010011101101100000000000011010110011110101111111000100010101
1110100111000110101101011000010111100100111001000111000010100110
1110110111101000010010111001000110011101110010100110111000101100
0110001010101110110110101001011111101110010110001111111001001000
0111110011110000001000101000111101100111110110111110001101100101
0011110111000011100000101111111010100000101001111100011100111011
0001100110101100010110011101100110001001111011010111101011010100
0010010011001010011100000010101110111001010111111011111001000101
1001011110010101001111101011101011111100101111101010111001111101
1001110011100111010100000100010100110010001110111111001010100110
0011010000001010000000110101111000001000110111110010111001110101
0100000100110010110011111100010000000101011100001100100010111110
1001100010101100110001111101111101101110010111111101100000110101
0011001001101011001001101011101101101111110101110000100011100000
0110011010111011110110100001001111101000000100101011100000100001
1110101000010011101111110001110001000011010001100001101111101111
1110111010011001010100110001000101101100111111100011010100001111
0101100111011011001001100000010011101000110000001111001011010110
1011100010000010111000010001101100100010110110100100010001110110
1000011111001000000010010011110000111101111011001101011110110111
1010101101000000011100011000011000101000110001011000111000101100
