0101011001100111100011000000011001111001001011010111000000010101
1011000011011111100001101101101000000110100100001100001101111111
0000111100101000110111001000000001110001111111110111101110001011
0110100010011000100101001010001011111110001110101000111001001101
1011100101011110100001111100100100001000010010111001001101010011
1111100111110110010110110010111011010001001101000100101010111101
1111010111010100111110011110100101011111100101000110110010001110
0100001000101011000110001011000011011100100111001000110011100111
1000010000000001011100100010110011010110010001111011000011100001
0100111011011101011001011011110110101011110010110000101010101101
1111011000101100110010101011100111100101100111011011011010001001
0001100110111100101101000101001111101000110101100000010110001100
1101001100001000000011111010010110010001100100110110001100110111
0101101011100011010101110101010000100001111100000100101010011000
1101010010100111100101011001010100110000001110111101111010000000
1100011000110110010001011110010111000100111100101001101000010110
1001010101110110101001001110010011101110100111101000000011110011
1011110000010100001011010100110010000001000110001011101000111011
0110100011110110110011111011101010101110011111001010110001010010
1010000111100111100111011000011011110010010011110101001000110011
0101110101111111011000000001001101001011010110100010000100110001
0100010011001010010101000101111010101101100000011100110011110111
0100101001000011100011001101110101001001101111000001110110110011
0010001000101110001110001110101100101111100010000101111110011110
1101110001101111101010101100110111100010111101100000100100111110
1100100100111000111010110111100011110001000100111101111100000011
1011000000011010011001110110110011110100011110010111101110010100
1001100010111110011110001110101010101110101000001101000000101111
1011101011100000001101101100001010111001011100101011101001010010
0001101100011101100111000100000111101111010001011100001010010111
1011111111111000001110000111100001110010110000000101010010101000
1100001100010001100101110101000010001011110110010111110110001001
0010000101100111101011110000011100001011011011000100000100000000
1100011001010101000011110010011101110000100000100110110001000110
1000100010001101010011001010110010100001100111010000001010010010
1111100101011110101011100110000110001101111011001011010000110011
1101010100000110101111011011111101000000011001001111011010001011
0110010100010100000110110011000010001000010000110010011110110010
1100110000100000101011010010110101010010011000000001100111100110
1010111011010000110010011010111111101000011001000011111111101101
0000000110110001100100000111110001000111000110101000101110001011
1001000001011011011111010001110000001001110101011010110011001111
0110010101010100100011000010111111101101000001011101111000001111
1101100100001010100001010000110110111100011011110111100101111000
0100100110111011110101110101010101011001010001001101100100101111
0111001000110110101100001011110111100011111101000101101110010001
0110101011000010110101010000111000010000011111000111100110001000
1001110010001000010010011000111010101100001010000000010100001111
1101001101011011111000101000011111001001000010000101000001110011
0010101110010111011000010000100110001001000111100011100101011111
0101011110110011110010011101100001100010011010110001000011111010
1101011100101101101101111100011010101001101011000010101001011110
0110001101101010100111101111011001100010100000110111111111101001
0111110010101011010001001111001000111000110111010000001001000010
0000111110110100111000001011110110111001001100111010001010101011
1001000010101001010100111100110001011111101100111101001100010011
1010111011111000110111000111111011110111000001000111010000100000
0100000010101101010000001001001001001011100010000101011001000000
1010111001001110000010110001000111110010001110000111000011110101
0111000111101110000000100011110110111010000100101110100110111111
1010111111101110101110110010101000011100011001000101100001100100
1000111110110001111100001000111110011001100001101100001111011101
1100110001011111101010010101110010110101000011001110101010100001
1011101101110000010000110001000110101010101111000101110111111101
0100010000000001001011000010011100111000010010110001100110001011
0000110100110110110111111111000010111100101100101100001001110110
0100010010110110001010101101010010110011001000101011111111010101
0010111000010011010010111011001011100100001100110000010011101000
0111010001010010100010010000110010110100000001100001110001111110
0110011110101111011000001011101000010101001110011000110101100010
1111010010111010100011001010001100010111101110010010001011100001
0111010000111000101010111110110011011010111100110111111101100111
0011100011011010101100010111101101001001001011010111011000101111
1110011111011110001000010010001111010101000010100111100110000100
0011000101011111001101100100000011000110011001001101100011010010
1000111000111111011011101111100111101001001111111111001100111010
0010000100010101000001110001100111100111111101011111110011111100
0100111001110000100001111101101101001111011111111001101111101101
0101101000000001011000111111010011110001010010001110111000010000
1011100010101011101010110111101001111100110100111010010101111111
0001000001010101111111111011101101100000001100111100101011101111
1000101001000001010001110011010111011011100111000101100101001010
1100110111011111100001011010011000101110100110110011100000011011
0011100111110011000100001110001000011100100110000010010101100010
0010101101010111111101001101101000110111101100101010111011000101
0010010010111001000100100110010011000000100010010111011001011110
1101110100111101111011100111100101011011011001111000111110010001
0110110100111010010010000000111101011001110100100011101101001010
1111000110001010100011110110100101000110010010000101111101111100
0111011100101000011101110000011111011100100010000010010011110100
0101001001001001100100010110100001010010001011101111000001110111
0011111011000110111001100001100000000111100110111100110110101101
0000100000101101110111000101110011100110001110000011110111010001
0000110010001011111111100111100110001111011010111111000010111010
1001111000111100011100111011011101110100100111100011001100111100
1011100010101011010000010111000010011111001101000010001010000011
0010010100100111001111010011011010101101100000000000110010111101
1011010000011100111011101010011110101010011001100110101111111010
0101100110101011101001111000111010100100111110111011110010110101
1111100000000010010011000001100111101000011101011000111010010110
0100111100000101001010010011001100110011010001010001100010000100
0110100010010001000100001001001101010010100101100001111011101100
0001110111010000110010100000010101110111010110110011001011110010
0011000101011001110100111100011111000110101011011001011010010110
0101000000100000101000100011000011001011101011101101100011010001
1100101001011100101010110000000110100010110000011011011101011001
0110010010100101111001010000101000100101100011010010100101000010
0001111011011000111101011100111100110101101001111001001000110100
1001001110110000101011001110001101100111101000101111111001010010
1110010101101000101101111010100010100100110110001000111110010011
1111000011011011001001000111010101101011001011101000011100010101
1011111001110001100101010000100101111000001011110000010011110010
0111110100100001111110010001010110100100110100101110100100011010
0101000000110100111110010010001111100100010111111010101110101011
0001001101110110111100000010110001011100000011101100011010111101
0110100100011101100011001000100010001000100000000011110101000001
0100111011100111001010000001110001110011101011011110110000101011
1100000011010001011011101000110010111010101110011100110000101010
0111001111111011110011100010010011000000001101101011100000111111
1011000111101101111001110000010000111110101111010011100101110010
0010000100101110100100100100010001100110000100001111010001010111
0100100000011111011000100100100000010100101011011010101010001000
0010111001101111101001111000100010001011111100101000010110101010
1111001010101001011110010001000010111000001010000101101100100101
1101110001011001011000111000100101011110000111100010001010011010
1100000000000111010100101100011001101011010100100011000010110100
1111110010100010111011111110101000111110101000000101101010111011
1011001001001000010111010001011100110111111101101011101000011010
0011001101100010001100011100111001001111101111110110110001101000
1010010100001110110101001100011001101101001110100110000111010010
0010111010001111110011000100010011010000110100100110011101100011
1000010111001000100001110100001001011000001110011101001101000000
1010111101100100011011110110111110101101001000000010001000111011
0101000110101010000100000001000011111100011111000011101100011111
