1101110001111010111100100111110101010000101100010010100011000001
0101001110111010110010100101110010000000011100011011010010101011
1111100110011110110000011111011000001111011111101100010000011100
1100010001111011110101111011000111001111100101000111110100010001
0100110010101111101111101100101100111111110111011110101111011110
1110010000111001011100110101111110000110011111001001001111110011
1001101000010110111011000000100001110000111111010110111011011001
1110111100110010110010000011100100010100011001101111101001011011
0000001111101100000001101000110011101011001100110010000011100100
0001101011110100111011000001001001001000100010011100110111000001
0110110100101100010011100010111101011000101100001110110010111111
0100001111101010100011010111010110001001101111000111001110100010
0110000111110000010010111000111101001100011000000001010001100000
1000100100110000100100110000011000100010011000000010001010000110
1110001101101110001111111000101100000011011100010011011101101101
0000101110011001110001000010111111000100100000010100101111010110
1101101001100110010010100111111111110100111011011101101110101101
0000011000000111110000111011010101110110000010111100000000101110
1000011100111111100001100010010100100110010100101000101011001111
0111100011100000101000010010100111101001010110001001001101010000
0011010011000101100110000111101101010010110001111111110011010100
0101101110111101110001111001111011000110001101000101100101010000
1101100101010001110100011001110100011100000110110010110000000010
1101011100101011000011100111100101100101001110001101011011111110
0100110110100001111010000011101110011100010111101100101110101001
1100011110001011100101111100110110000000001100001000010011010011
1111001111011111111100010101100011100010110100000100111101010101
0111000100001011100101111111110101111100110001111101110010000010
1010010101001000100011111111111110110001110110000011000000101001
0011010100111100110011110101110001011010011010101111011010100001
0011011111010011100010101111011101100101100110011100010100101010
0101110011101000011111000101010110100101101001010000000011100101
1000111000101011010010100000010110110011001110001001100111001001
1011100001011000000001100011000011010000001010000001110010101010
1011011100101011101001110001010010000001000001011110011111011010
1101101000001000011111100000100000101111101010100011011101010111
1000111010100110001010100100011110000011111110110110010000101110
0011001101001011100000010011010011111110010111010101110001111100
0110111111001001010010000110100010000101010001000011011000001101
0011001011001110000111101111010001111010011000010100110101000110
0001000001000110101101000110100100010010010101101000010011100000
1100011101000011100110100100010011011011111110000100111000111101
0011001010110001111101010011000101011100000111001111111000110000
0000000111011001110110011101111001101010010100101010001011111000
