0110011001100110111110010011100011101110000101110100011100111010
1010010100011011101010100100101100101001110000001111010110011001
1100001111000101100101000100011011110010011001111111100100011101
1011111010010001000011100001111010101101010111011000111010010111
0000001101101001011100010100011110110100101001001110010000001110
1111110101111001001010000010010110110110011011110000010101000011
0010101000011101000000100101111010000100101000000010101001000010
1110001101001011000101000111001110111011001111010110000010110100
1001100101101111010011000110100000000101100100000011111100011111
0011001011010010010011101110100101111001010001011010100010100100
1101101100010011110101110111100010000000000100001010100110010101
1011101001010110001110010011001101011000111011001010011000011110
1000000101101100111111100001100101011010110010000010010010000000
1101101101011110000101001000001110100101000110100011001010110101
1000000110010001001101010111000111110000001100010101010111110011
0110111101110101011100110010000001010111001111101100001111011100
1010011010001111001010111100101111000001100010101110001010001011
1111100011001101000001011101111100111011101100000101010101000010
0101100110111000100010111011000010001010100000111000000001011011
1011000101011011110011111101011100011110100100111001111101001010
0011011110111010010001010111111100000101110001010001100101001010
0010111100100110100110111100001010111111011111100011010111111001
0011000010101111110101111000111100000001101001101110101011000110
1010110011011101000000111011001001000111100100100111111110100011
1001110111100101010001100001111100110000111011101010111011010100
1111001000010110110000110000110100001100000110011110001001110101
1100101101001101111001011111110101011000101101111100001000001100
0000010011001000110111001001001001111111001010000100100101110001
1011001011111011101110100110000000010010110111111101011010110001
0110010011101010111011101011000100111100010000101100001011111100
1111001111000100111100100001101111011010010010100100110111111101
1101111100101110100011101000110010110010101110010100000011111101
1010011000000000001010101110100011110110001011011100111000110101
1101001011101111101000100111100100100010110111100010000001011001
1011100111010001101011010111001111000010010000110110001000110000
0001110000100101100110101000001000110010100111101111100110100101
0010110100101010110110111000110101011001011011110000011100110110
0101001010111111110010101110011010000110101110010101110101010101
1000111010100010010100011001101111001000100011000101111010111101
1101111111011101011111111010001100001101000010100110100111100000
1000101100001000100010000000101101111100001101110000010100110011
0011101010001000001011010100011100110010111110101101111010001010
0011000011100111010101111101000011101100111101110001110110000110
1111101101000101110001000111100111110000010101010001101111000100
0011111000001000100011000000100111001011111101001110111110010000
1110111011110111100001000110011000001101100010101000001100100100
1000000111011100111110001101000011100010110011001000101111101001
0100110101100100000111011111000000110000010101001010011010001011
1011001110000100101011100101100101111011100011011100101001110110
1101110010000110011000010000100111010111100111110111111010001101
0001001010001111010101011111011011001110111001110011101000111111
1101010110000011111100001100010100100011010011010000011111111101
0110001111001111100011010000110011100010101010111000001011111101
1010001000001110001011111000010010000110110011011001101011010011
1001010011111100111101110110100000011011111110100000100111111101
0000001001110011011011000100000010000001011010110001000001110000
1111010101011100111110000111100001100101001011000000011101011010
0100101010010001000111111101010000111111010101110001000100101011
1000000111000101000001010000010100100111100001110000001010001100
0010001001100010000000010010000100011011110111101111001010110010
1001010100111000111011001010100110111011110101101100111000110110
0100110100000110000001100010000011011110110000010111010101000100
0100111101001101000111001100001010100100100100101100000010111001
0111011000011010011100101110000011110110000100100000111000001100
1110001001110010000010101000001000100011011001001001011000011010
0001100111101100101100010100001001001100010010011010101000011110
1000100110010110001001111010110011100010111111000111011110101100
0101001110011010000001001010011111110111110001001001001010011100
0110010000111010010100100110011100010011100000111000011001011000
0111110100101011111111110011001111001111101010000010001110100011
0011000000110011011000011000011011000111011111111010110000101010
1010001001000111011010011110111101100011011101101101110101110010
0001010101100100101101111010101001001101100000101110011110010001
1010111111111110011010111011011100110000101011001100001010011011
1000110000010000010001100000110110100110100001101010100000110001
0010100001011011101010100010010101101000010111001100101100001100
1011110011101110011010010001011100001101001001100000111010111101
1000110001101000010011000010111110001101010001001101000011110001
0101010000010000111001001110100001001100100010000100010111001110
1011010011111011100111111100110110010011001101001001011010010010
0011011010010000010011000001101001111100111101001101000000011111
1101100110110010111000011000001001101010001111100100100100010110
0001100000001110101100001110000100000100110111110001010101111010
1110111110010100001001000011000010100001010001001110111001011111
1010001010011011011110001110110101011011011000011101100100100101
1000000100110110000101011110010010100010110110001011110001101100
0000111111010101000000111001011001111100100010010010010001001011
1101010000100111100101111001010010110111000110111001110100011010
1011110101010100011110110101010010010100101010001001100000001011
0001011011001111110101011001111000011100111101111011100000111100
