1111010110101010111010000011000000101110010111001100100001111000
1111010110001101000101110001011000011110001000110011110111001001
1111101011111100111001100101110100110010010111111100111001110100
1111110100101111100110001011011101110010100000011011011010101000
1011000101011010001101000011000011111000110011001110000101110001
0000111010111001111111001110101010011011010001000111100100011101
0010000001101001011011110001110010100110110000010010110111100100
1111000000100111000010011110000001001001110011111001110111111101
0000001110000010100011101100010101110111111100110100111011100110
0010000010110011100100010010111000001000101111101010000010110011
0010000100100111010001101011001010010001100100111101110011100010
1110110110111011101100000011001010100011101110010111111101101000
1110101110000011110100111111100010000011011001111100001100011111
0011110101101000110101101011110100010111010001010010001100010100
1001101110000101010000111111011100110011111100001110111010010011
0001011111011111011011000100100010111110011000000001110101101110
0111011110001011100011010101001000010111101111100101010001001001
0101011011001010011111010100001111010110110110001111101111101001
1110000101100101010010100100011000111111100000101100000111011011
1001100110111111011010010011000000100111001110011001110010000010
1011010000001111001000100011011010110110100110001000101110110111
1001101111101011011001100010101110001101100101001101000001000100
1011001111001111100010111000100001011110001010101010101101000011
0000111101101110000000001010001101001011011110101100011100010001
1000010000011100100011011010101000111100100101110001001111111100
0110001110011000001000001000101101000111111101111101001111010001
0110110100110111100001010110000000100000000010000100011101001011
1101001111110000110111110011011000011111000011101110110001111000
1101110100101101010110001010001000100111111110111101110100111001
1101110110000101101100011001011001111010011110010100101011101010
0110111000011101110000110110111010001110100110110011110110000010
0010010101001011101011110010100110110111111011010110000110101101
1100101010101001001010001100101010100011111110001011000010110000
1100000111001101111110100010111010100110010001011001110001110100
0111010011101101100101001001001011010010001111110000111001100000
1010100000010010011111011110101110111100100101010000101100001011
1001000110111111101011111000110000110100000011111111010001011101
1100010111011000111111010010011001111101011000110011101000001101
0110000100111001100111110011110111101100001011100001011100111000
0000101000101001010000001110111011000110001100011000011100010001
0111110100100010111011000011100101001000101000001011010111000101
1101110010010010101100000000011011101010011000100110001010011110
0010001001001101001011000101011110000000010101000110110110111001
0011000101010110100001100011010111000000101111100010100101100011
1000101100100100011100001011100010110110000110000001011101110000
0011000110111011100100011000101110110011111100010111011001110011
0011101011100000101100011111110110001110110111001100000100001101
0001011110010010010100010110000111011111000100111001000111000110
0100001100001000101011001011001001010011000111011101010001001110
1010100010101001010101010100001100110010100100001001001011110001
0000100001111000100011111000010001011101111000001111011101010110
1110100010000001011111011000001100100110101010010111110001110101
1111110000101111110010100011110000101110000110011010011010010101
0001101111101111000100111011111101011010011011111100010010100111
0011010111101101101111111001110001101001110011000101110010010101
0100000110010010011110000010001001100110010001101101001101111110
1110010100110011111100011100100011001000100011010110101100111001
0111001010101100011111111011011111111000100001010111111000101110
0111101110011100001110001000000110001001111001000001011111110101
1001100101000110100011111100100001110100010100101011000010110100
1001101100101011111100110101110100011010010110001000010010000000
1111010000000101101000000110111011111011011101101100100101101000
0011001001111100111101000001011010010000100101111110100110101101
0100010110000101010001010010100010111001111110100010110011011000
0001111101000000001100111001011011100011001010001110100001011010
1010000101100001111111010000000110110111110011011110011101011000
1001101010011110010001001111001111011110001010100111101101010101
1110101001000110101001010000011010001111111010000111101101101100
1101011110110101010001100011111001010110110111000010001101010011
1110110010011100111100100010001000010010010001000110011110011100
1111010101010111111011101011111000000110011001011010110100101100
0110010001111111110000101101111111010011010010001010010110100110
1011000011110100001010101100100010001001001001000110011011101110
1110010000010011111100101001000101010101000111010011010000010101
1000101100110011010100111001101110001000011100111110000101100001
1000110010111000000110001101011111110101001011100001011110000111
1010110101101010101011010000001010000011100011111001010111010110
1110000000011101110000100100110001100110011100000101101011101100
1100001100110010110101101010110101111010000110110100000111100011
1010110010010001011010000100001011010000010100001001110111000100
0010000011010001001011010101101100110111010100001100011000100100
1000001101111010010100010101100111000001011011011111011111011111
1111111111010011110101010111011100001001001100111111010010100101
0101010110100101001100101101101100101111011000111100100111111000
0000110001111100111101110110010101110010110001111110001011011111
1110011101111010000000000100010010110100011000000111001001001001
1011010001011010001100011000110001111100111100001100010100111001
0101111101001111010110011111010110001110001001111100010110011011
1101110111000011100111111101110000110101011101010100101011000101
0011100110101010111000110001111001100101110111011100001011000100
0111111110011100100101000010100011001001011100011110011111111100
0110110010111001100010011101011000000010100110000101100011001011
0101110001001101111101110001010100111101110001011101111100011101
0000011110111010001011010000110100000001101010011110111111100001
0011010101001111110011010101111110110000111000100001101010001011
0111001111111100001001100111001011110111001001110010000100001011
1001101110001010000110000001001000000111111001000000001100101101
1110110001101011010001101100010001001011000001100100001011101010
0011000110010011011011000100000001100101101011110010011010011001
1011111001011001110111000110111011100100101000010111110001010111
1011000011110000011011000011001100110001110100101001001110010111
1111111101100111000000100001111000101110110101110010110100111111
0011101110111100110011010010000101000010010111010011100101111101
1100100110000000100110100100010100101111000101101011100001000110
0101111101110111000011000111000101111000110011101010110000111100
0100110110010100000000001001110000111000001001100101101111010001
1111110111100010110000001001110011101110100000101100110010110011
1000101110100111010000011100011011100010001000000100010111000110
0011000101000011000010010100110101110110001011110011011001010011
1101111011010000000000011010011111100000111101111010000100100111
0001101010011000001011101101111111010000111011000101011000110001
0100001000010000111011001110101010011100100100111001100010111110
0100011110100110010111011000001010010110010010011101000001100010
0010011001001001011001111000101011001001111110010010001001000010
1001000011110111011000110011011010011011101110110110010011110010
1000110001100001001001110111101101000011101001000000010000100001
0101001100100101011100110001111111000000010110011110100110001001
0111111011100101100111100000000101110111000011101100101011001000
1010000001101001110101010100010000011101110001010100110111001011
1000100111111111101001111110011011110111110111111101011011010110
1010100000010111000010010110100001110101010010101101000011011001
1000010100000100011000110011011000011111101010111111101011110001
0010001100001000011100011010001111101110100111111001101010101010
1101101011110110100000001111011001001101010100000000011011001110
1010101010110011010000110010101100010001000111010100110100011010
1110111011001000111100011011100111001101110000001001110011101111
1100011010000001111011011111011110100100000001010110010110110110
