1010100001011010011110011011101110000101011100011110000000000011
0111010011000010011110101110101100011100111110101110110110101111
0100000111111010101100110110010010111011110111100010110011000101
1000100110010101111101110101101111100011011101010010011000101000
1100100101011010010011111110100111000111000111110101001111011110
0111000001100100111111111111101010001100110101000101101001000001
1000101100110010001010101111111111000100101001011001011110100001
1000101111010001011111100101100101000100110010110001010011001100
0001111000010001010001100111011100111001011110010010111111011010
0100101100000010110111110101100001001101101110100001010001100101
1101111101100011101001111000001111111010001000011100101101011100
1000011111111001001000111011011000100011101001001000110000100111
0101100110111000011011000111011010001000111111110111100111110110
0010000001011011100001101111011110001000100110011000001100111011
1101011011010000110100101111001111110000010011010011000000001111
0101010100000101111000101110010100101110000101101000111101111110
0001110011000011111010101010000101000111100011011111101010011101
0110101000010111000110011000000000000001111011000110101111010010
1100100101100111111111011000010011110010000011011000111111011001
1100110110011111110011001011110101011000010000110111111111100011
0010001111111100100101010111110111000111100010111000000011110101
0110111000111010010110101100010110101100111100010101110000010110
1101111100110110110111010010100100001011110100000101110110110000
0111100101000101101010111010110001100110111000111001011000101001
1110110001110101110010110100000101000011100111101101000001010100
0010101000100010000100111010001111001101010101110110001110100001
0011000110101001101011110001000101011011101110101101100110000111
1101110000011010010011111000111001001011010011100000111110101000
1010001111101100000111111110111110011010000110001110100111100110
1100110111111101011111001011111100001101101001101000101101110111
0011000001011111000010001000111111000100110111011111101100001100
1000101101110000011000010100001100010110110110110001000111011110
0110101010110111010110001101101111000010100000100101000101010011
1001011110100110011010101000001111010111011001010011111011011100
0001101000010101010100010011001011110000100010110001101011000001
1001101111100101011010010010100000011110101110000001010011100101
0010111101110101101000001110101100111011000101100010001100011000
1000110001001000001011101100000011010000001001010110110100111001
1011001011100111010010001110110100000010110111011001000101000101
1100000010100011110010100001100011100000100101001101011001011111
1101011001011001000011000101110000011101001000111011110100100010
1100001000100111011110001101101111100000010000011111011000110110
0110111010000010110100100011000111100101111011000100111011010111
1011001110010111000000101011011111100111111010101111001111001110
0000011111100110010001110111000100100001011001101011101111001010
1001001110101000000110011001011111111110000110011111010101001100
0011111100111001011001111110011111010010010011100000111001110100
0010011111100001011100001110001011011011100110000100001101000001
0110110011011000111100011100011111010010111011101100100001111011
0100110101011111010101100010100111100000111001010010001011111101
1110001111000101100101100101000010011010001111111110100000111100
1001111100101111001111010011111011000100111000001010110110001011
1110001001100111010011011000001011100001000100001110100011011011
1010000100010100010000110101101110011001010101100110010010100100
0100001111101100111010011111111010011011110001001011010000011011
1011101011100001001101010011110101000100000100110001110011110110
0101001010111110110001011011011000001101000110011100000001110000
0010000101000110110101000000001010000111011011110100011001000010
0011011111001000010111001011111000010001101010001001000110111011
0011000011000100010000001110001001010110001000001110110100100110
1101111001010010110100011111110111110101110000110011100011001111
0100000000000011101110010001001000100001100110110000001101101010
1101001101011111001111001111110001101011111010010100001110000011
0001100100110001110110111101010000001111001111100100001101100101
1111101110000101000011101001001000001111010110100110000001111111
1000011001011111000100010010111001000001111011011111101011110100
0100110101011000110010001010001101010000111100011110100110111101
1101100011101110100100001011110111111100100011100000101101001100
0111100011100111111110110001011101011101101100111111010011100100
1011000111011111001000001100000110010101111010011101110001100101
1010110000010111001001100011110001011000010110111110000100000001
0110101011100001001111101011100011011110001010101001001011101001
0001010010011111101001110011111101110101111000011100010101000101
0111111111011010101000101000010111011100011011010011010110101001
0101001110101000011111011101011111000010111100001111010110010110
0000111101011111011110110010110011010111100001001110001110111001
1011011101111100101001101011000001000000101010110100000011010110
1011101010110100011010111001100111101110010010110010100001001100
1000101010110101011010010101100111000111011001101001111011001110
0000101101111111101110010101000110110100110011001010100100110110
1110101010110110001101011101010000100101101100010010100000011011
0111011010101000111010100111100100010101100101010001111010101000
0100010111101111011011101000100000101100000001111010110011000111
0101101110000010110000110111000011101010000000001100010111001000
1100111100111010011101111000010011011100000010110000101101100000
0110010111110001000001011001000101100111111101100000111100100011
1110010101011010011010000101100100111111000000001000100110111001
1110101100111011111110111001100100101110111001010011101000101110
1100111110100000000110010010100011010100101010001110101011010001
1100010011010110100100000010111110010110011111111001011010111100
0101011001110111110110011101000100000111001011010001011010011010
0110000110000101101110111110101000001000000111101011010001011101
0001111011000101101100110101110110100000101110110011101001101110
1111011010111111001111010011011000111010010110111000010000111110
0001011010010000000111011000111011101100001111111010111101101001
1001111000000110000110111100000110000011001011000100111001011011
1110111111101000011011001100110001110010100101100100111110010000
0111111100101101111110111111110111110000001111111111011010000010
0001111000001100110111000000010110100001011101000101011111111010
1100010100011001000100011111111110111010000100011111100000000100
1011101100111110010000111000110011110001110100101001011011110000
0111101101100000101100001011100011100011001000011010011100110101
0011111001000110001011010010000110110010011000011101000110010011
0100000000100001110011100111111110000101110000001110000001110100
1111010011011100001100110011111110001100111001110010011111101011
1110100011000000001111000011110001000101010000010011110110100100
0101110100111010110011110001101100101010001111101011011000100101
1001010010101110011000100101000110110000111010100001010111010101
0010110010000101001000111111100011000111110010011101000000011111
0000011000110110011000011100000011011011101111001101010000101111
0001000011000000111111001110110100001010001010110110010101110111
0111101011111011111101111011011110001101010011011101101001001101
1001011100010011010011101000111111011110110010000101001101101101
1110011000101010101000001111100110011000010001110101101011111100
1100001101010100011100011101111011001111100000101010001000101000
1000111101100110111011100010010110101111000011000100101110101010
1101001100110001100000010111101010100000100100110011101111110001
1010111000100000011101001100010110100001010010010011001001000010
0011100100000001100111001110011001111010011000110010000011111111
0100001110110000100100110101100011100111100000101011110000000100
0010011011111111100000010110011010011010000110110100000100000010
0111000001000000001000110110101110110011101100010000011101000110
1001100111110011101110111101110101101100101001010001000001111101
1010000001110110000011001110100110111000010111010011001110011000
1010010100111110101010101110001111101110000101111010110111110101
