0001100100110011100001111101000110010111010001111110101101001111
0100010001101001001001110111101000001000001111001100001100010101
0111010110011011000010111100001100011010000010110001100010101111
0100000101100110110110111000010111011000000010001111001100101100
0001011111000100001110111000110000111001100011111100001001001010
1111001001100110100001010011001101001011000101001010001000111111
1001101001000110000011110011001101111111001011000010010011101011
1011111110010100111111110010011110011000101101011010000111010110
1100010011010010010110000000111010010011101000111110101011011110
0001101000101111010110001000110000011100101100110001010110010111
0111111100001111000000011011100000100101100000001011010000111011
1000010111101101110010010101111000000000101011110111011010100001
0101001100011110111000010011011100111100100100011010111011010011
1000011000110111010000010110001111001001101101111011001011011101
1011010100001111000110010010100101111101001011000010101101011001
0011010010111100110110010101000110011001011110011100001000110001
0100100110110000101100001111100001011010110101101111111111111000
1001011101110101110110100100110010100001011010011111111111101100
0100111111101010101011001000110111111010011000100011101111111010
0010011100011011010111010011110110010001101101110110101100101100
0000111110010101001101111110101111011010110001101011111001111000
1101000000000111110111101011100011000001111111001110011010100000
1011010100000101000100011110101010100111111010011100100011011111
0110100011010010111111000001100110011101110110000101100111000011
0001110111100010001000001011111101011100111101110011011101101101
0011110110001110110111010100111100001001110110100110000011010000
0110110011010011101110110110100110011111001001110000011101001101
1110000011001100011011011010111010100011010101111000000011110110
0010110110111110110011100101101010110001011000010011000010100110
1000001111111111100111001011000101111010111110100011111001111100
1100000100010011111000101101011011000011000010110000101011011110
0110000010111001111000000101100100010111111111100011001100010000
1110110111000001001110111101111001011110100110011101010010010010
1110011101011100101111101110000000101111101011100111100010101101
0101111001111010001101001111100110100111000000100000101001010110
1010010110111111111010100011111011111001101100111010011010010001
1010110010001100000101110100110100101010100111001101111010100011
0011111111000011001110111011010011000001011011111110100100011111
1110010101010101110110101101011010000001011100001010011100010101
0100111111111001010110100011110111100111110010011100100101100101
0000011010111110111111001010000010110111001101001110011011110010
0000000001000111000011101110010100110011111101001010011101100110
1000110100100011101010010111111001100100110100010101000000001100
1111010000011001000110111100001100001110101010101010000111001101
1000110001100001010111101110000011110001101110111101000001001101
0010000100010001010110111111011101111110001001101001100010000111
1100110110000111100101010110101111111010111000100001010111011001
1101011000011000000011011011100001001100001001001000010011101010
0110011011101010100011110011101110010000010110100011010100001010
0001011001010010111001001111000111110010011111011100010001101010
0010111110000001011000011100010011111100110001111111011110011001
1100110011010011110010101101000110101011111100001000001001001100
0011010010010011110011000101101110111010101011111111110011001001
1110100100000011011010000011010001010010010010011011110111101000
1001111011010010110010101101000010100010101111001111011010001000
1101110000010100000010110100111001000011000000111111001100101011
1011100101010000000100100100001111000010011001110100010100011111
1000111101111111011011011001111001000100011000001111111110100010
1001111000001110101110001101100000001011010110001110111001100111
1100111111000100001100000000010111011010011100011101001101111001
1100101010111100010010101111110000110100000001011010001111110010
0010101100101011100010101101100100010001110010100101100001000001
0100100101011011110000010111010100010010011000011100010010110011
0000010110000001001011100110101100000000000110101010101011100011
1111111110001010010111100100101110100110110111001100010001010100
0111001000110000010100001011010111001001101111010110111100100100
0010011101110110001001001110000110001110011110100110011100011010
1001111111010110111011011000001100100000001010011001011101101100
1111100001010110111000111010101101011111101100001101010010110000
0111111011010111000100000000101110010001110010110010000100010111
1001100001101111100110110100100011000011011100011011110111100111
1000101000001000011101110110110010001010011101101110100101000001
1010010010110100010111100100011000010100110101011010101001001010
0100100100010011101010010100011010001100110011110100110100101111
1101111110011111001010001010101011000111100110100000000110101000
1111110010101010010010101010111001011001001001110010111110101011
0000101011000011101111010101000110011100110011110010110101110110
1101101001001100001110001001011001000110111101000111110010011100
0010100011000000111011010101111110100010100001010001100000010001
0001110000110100111100101101111000111100011010111101111110000010
0110010001010111001110101100101110101111110010101110001110101010
0101100111010011100000011111110011110111010001111011111100111111
0100100111011110111101000110110100101001100001111010101011001100
0000110101011110100110001100101111101001110100101101010000001111
1101010111110101100111000011111101011001001101010011111010011000
1111110000111011011010101100000000011100011011001101100011101101
1101010110010110010000100100101110110111111110001001111011100010
0000000011100111000000100100101110101011011111100101111100100101
0100111100111011101100001011100110101011110000101100000001101100
0111101010001101010001101111000111111011010011000100011001011110
1111110000110010000110000111010101101000100101101100011001001100
0100101110001101000101100010110110101001100110001011110000100001
0010110111011101110101001100101000111101110001011110010011001100
0011101100110000110100000111101111001000000010001000000110101101
1111011001101101110000101010100001001111110110010000110110110000
0110000101011011111000110101011101010101000010001001010010000110
1101000000000001100011000101101001101110100110110010111010110010
0101100101100100110010000101111110110000110111110001001001100011
0101111111001010010000011101000010011111000111001100000111010000
0010111011000110100110011110011001001100101001010110011100111000
1001011101100100110011000101000110111111011000101000010010110001
0100101001101100111100100101001111101011000010101011010010001100
0000110001111010001011101101110100010001010000111110000110100000
0101111111110000010010111110101000111010000111100001010011001100
0001100110111101100011000010111101011011101011101011011001111011
0010111100011001101010100110011001110001000110001100100011110001
0010011001101100110000011011010111110110011010110000001000011000
1011010110101101010011100110010000010010100100001011000010111111
1011001110100001000011000100110010101101100011111001101110011111
0010110101010001101011111101000110000111000110101101010011001000
1011111000111101000001001000000010010100000010010010010010011111
