1010010110010001100010001001010011111010011101101010011001110101
1000110000111101011011111100000101001110100010011011000100111100
1101101011001010100101110000000000000000011101011110001010110111
0001011100101111101010001110100111000000000100111100010001111100
0001000000101000001100100010110111001100110011011001101101011111
1001011011011000010001100110010100011010101000010010011001000101
1011111110111110011101001001101011000110001110110100000001101100
0001100000001010101100011110010011010000110101011110101111010110
1011000000010011011010000011001001101100000100100001000001101011
1011101110100000111100100101101011011110110101000110000100010110
1101111010001011011001101111000110000111100110110000001110111010
0111111101100100010110011000011110101000010001110011111000100010
0100101001001100001100001101111011101101000100000000001001010100
1001100010010110100110110000010001100100011101100011001010111000
0001110100001000010101100001000001100001010111101110111000100111
1101100011010101000000110101111011000010001100111100110001010110
0110010101110101110111111010010110101011001010100000101011110011
0101000011000001101110001110001000111110110111001011011001011001
0011110000000001111010100101010110100100010000001100100110010001
1110010100010101011101100010000010100000011111011011100001001011
1010001110100000000100101001111001101001001011011100111101001101
0001101110011010100101011011010101000001001010000111101111001101
1100101101010001101101110100000100111101100111110001101011000111
1011100001111010011110011111110000000100100001110110001011001011
0100001000110111111111011111011001001111111000010111111101110101
1010110001010100100001110101110101101010110001100100111100000111
1011101010100111011100110111100110000100111000011001001101011111
0000100100110100000111010101010001100001001101010001001001000000
1011110011001110011100000001011110000010001000110000110110001111
1011111110110100000111100111010010000000010011011000100001101011
1111011010000111001111110011111101001010011100011101101001011011
1001111011000111101111110110010100001111101001111101110110100011
0101110101101011001111010111111010110101101000100011010110101010
0011111000100110001101010101101101110111101000010010001001001000
0101001111000111101001001101111000101100101010111100001100110001
1101001111010000010111000110111111001100011010010010001110010110
1111001000101100100100000110111001111101010000011000110010010111
1111000001111101100000100001011001011101100011101110011101011110
1010110001001001101010010011001100111110110100101001110110110100
1110000110110111011100100000110111101101001010011100101000110000
0000001000001110011100000000101010101101101100000111111100110011
0000100011000010101001111010100010010101010111000010110011011100
0011001110111111111110101010101100010001000100001101100010000010
0001001101111101100010100000011011100001001111011100101000010010
1001101110101011100010000110010000010000100001111101101101101101
1001011001011101101100010100100111011110110101110101111111101000
0000100010110000010101111010000100110111000101111111000111101101
0111100010001000001111001100110001001010010001000100001000110001
1111001000110011010110111101101110110010011011010110101001110000
0100000110110011011010110000100001111001100100010011101000011010
0000101010101010010100101001010010110010110101011101100101000000
0011000110111111111001001010011110011010111110111001101101101011
0000011000010111000010110010001101110011011000100110101111011100
0011011000011100001111101000111001001011011101101010100001011000
1101100111001001000111101001001111100000101110110000100001110011
0000110011010001110100010001001100101011101110100110111000110111
0101000111100000100010110000111100111110110100011101101100010001
0110001011000011111100110101110011011110110011001010110011011111
0101000011111011001011011000011111010011010001011011000001111100
1111100110101001111000101000010100001001010001011100110000011000
0011110110110110000011101010001001111111111111001100011010011111
0011101110111101000011100000000110000101010100011001011111101010
0111011010001001000000111111001011000011111010011111101000100000
1011111100010101001011110100000011001100110001110010101110010111
1100101010100011000001001101010110011100000110011010110001000101
