1001001011110100001011110101010111110111011111111101001111010000
1100101100011101101010001011011010100011101011101110110011010101
0100110110000101010100000111000011001101111111101111100100000100
0101011000101011110001110111110101000000101100011011001101101000
0000001101010010100100100101001110011101101111111000011111100010
1101000011100100010001110111011010000001111011100011011011001110
0110000011111101010011101010110111010110011000101011110111100101
1101100011001010001011100100111001001100100111110010101110101001
0010100101100001100100111101011110011011011110011111001001110001
1010111101001001001011111111011100001101001110101011000100010001
1011010000101101101110010100100100101001111110100100100011000101
1001101111001010100011010011111100101010000010001010111011000110
0000110000011100111101101011101010111001111100010011100110001000
0110011000110010111111001000001011001010010110111001010011011101
1001011110000000000100011000001100010100100101101011110110001010
1010001011010110111101000010011000111000010011001011000010100110
0111000101000111110000001100001010001001100000011011010111001010
0110110001001001010000000101011010001101111001010001101000111101
0011001011111111000010100101011011011010100100010101011111001010
0010100100010000000000000001100101111010000000110001010110111101
1111000001001110100110111010011111010010011100011101011111110011
1000000010010110011111101001111110110011111110111011011110010010
1000100100000111110111011001001010100011100111101011000010101101
1001111000011011100100001000010101001110110011011111011010011001
0011001010100010100100110110110110100101011011111001000011000010
1000110000100010110101100011001101110011011111000010101111100011
0010101011010000011101000010110001111010011011011100000110011111
0001000001011010001000111010101001001010001101001111011000100111
1001010001101000011011101011111001000001001111011100001100101110
1000110111100000111110111100011011101101100011010010101001001010
1010001101001000000100010100101110111110101101010001010000000110
0000101100110001111010011010101100101111101110110011001000101101
0011001000001000101010010101100010010110101011110000010101101001
0010111111110000001000010100100111110011101101001010111100001001
0010001011000100110111001101011001011001000010101101010100100110
1111010100000000001111010010101111111010011110011101010010000111
1010011100100010011110001101111010101001011011111000011000110011
0101000101101100001001001010000101110110111111110011001000000110
1111100101101000111101100000101110010001100101110101110100101101
0101011010011000000001010011111110001101101010101110101110101011
1000000011100011110000010111011101111011110001000001111001001011
0001111000011010111011001111100011001101100111111001101001000111
0001010010100111101101011000001111101111011100110111001010001000
1010111011010110000010010110110111000101000001000010111001101000
1111010001100101111100111100011000101001001000100010010101111111
0101100000110110100100001001011011011100101001001101111100001000
1010110010101101011111000000011001000110101011110110101100111100
0111001110111110000011101110110001000010100110101000001000011100
1000011111010111100010100101010010000000110010000000100111111001
0110101010010000110001111110001011010000000111010100111111000001
0100101011001001000101110010111110011100001100111010101011001100
0001101011100010001101001111100111011110010110001001010101110101
0111101000011101000101011010100110101110110110101000011011011000
0000110011111010001010100111010100001010000100011101101010111011
1100100001010000011110011010110010111111001000000101110101110011
1100011000001010000110001101111010110011001100010101101010001001
0111100100111010100010010110101001101111101110010000011110101001
0010100101111011010011011010000111010000001110110110110101001101
1010011110011111100100101111011001011110110001110001010001011101
1100111011101100110101110000000000001001101101001111001011110110
1110001011100110111101110101000001110000010011011111001101100000
1011111000101111001000111000000000000010000010111111100101011000
0101001010100001001110110111010010111000010000001010001010101001
1001011110110111000000010011100101100001000101100001011110010010
0010110110011101110011101010011101101100011101010011100000000101
1000011011100011000000001011101110100010010110010111010101011001
0101111001011001001010011101000001100101111010100010111010011011
1001001010100110111101111100101010111111111101110010001011111000
1000000000100100110110101000000111110010000011010111101110101101
0101001011100111110011011101001110100110101001101010100101010110
1110110000100010111100001110110011110001011000111110111011110001
1010011010001101110000010010101001101101001101000101001011101011
0111101111101100011101010101011101110000111101000111000111100111
0000110001101000111011101010001101111111011111101111101010101011
1110001100100100100010110110010110011100011001000100100110110100
1111110110101110110001110001101101001011111110001000010101100000
1101110000000101010100101011100111001001010100011001111011100000
1111101001101010100111001011001100101100010111101010101100010000
0000111011000011000011101001000110110001111100010110100110010001
1111010010110011100111010001100010010100110001011011011000001110
1100010100001111011110011001111001000100001001001100010011101100
0110111110110001111101101010000101101110100011101011000000010100
1000011100111111000111100110101101100111000110011010001011000111
0011100001100111110001101110101100011000101101110110110111101100
1001011000101011101001001110010010001011011000010110011010000111
1111001111001100111101101001110010011011110100110100101111001100
1010100001111110111100011100010111000111000011000001010011011101
1111110000101001101100001110000111100100100011111101000000011011
1011110100110010000011000110001011010010101010101000110000111010
0111011011011000011100000010111111011000001010100110001100111111
1100110100001001110010011001101110011001010100000010110000100100
1001100101010101110001110001110001111111110000010101111100101101
1001101100011110110101001101101111111010101101010011100011000111
0110111111011011100100100100001110111000100011001011011010101111
0000011001011010001011010001010100001011010011001110110000010010
0010111001101001010110010100111011101011011110010011010001111001
0001111011000000011011001111111010000000011111110000111100000000
0101010100100101110110110100001000011011101110010010101101001010
0000000100001100011000111011010000000111100111010111101101011001
0111111110010000011010011000111100001001011010010100110101110000
1100001101011110000010100000001011001101010111111100111101111000
1111010000100010010010110010001011000001011011110101011111101011
0010110000101101111100110010101111111011101001010001100101001100
0101100100010100000001000011111110100010101010010111100000010000
0111011010000110011010010100100001000101011001011101000100100111
0101001101011110001010100101101011111001001110000101111100011110
1110100111000011110110110100110100001011001001100111001000100001
1100110110010101100111011101100001001011011101011000100100010111
0111100001101000110001110110010000110101000110000110100111110100
0111111000110001111111101001111011010001111111001010000101110101
1000110011100100110100110001100010111100010011011110111010111000
0110110010001100100000001111101110011111010111101001000110010111
0101010000010111101110001101010101110000001011000101100010001111
0011001101101110000110110001100000110110001001001001100000111101
1100001010011000001101010000001000111111101000000011001010010110
0101101110010101100010110110000110000010101101111100000010010010
1011011110000100010100100000001100101001101011000010101110011110
0000111110100100011101001110011101111100110110101000111100000110
1101010100110111101010111100110110101100010110000001110000000100
0010011101001010100111101110110100010001110101010011000100101001
0010100000010101001111000111100000101011001011010110100010001101
1101000100110000101101101111111100011111001111111111101000001001
0001111100001001001011001111000101100101110000101010011000111001
