1111101011001001010001001100111100010001101011010011000000100101
1111101000100100110001011101110000010101011111000001001000111111
0011111011101101100111110011001101001010110001100110011000010000
1010111000010011111001101001101011000010111010011111101101011000
0001100101101010100001110011011111101101110011011110110101011100
1011001011011110001110001000010100100000111100000101011010011010
0100100111010100110010111010110011011111000100101110011000111100
0101101100001101101100011111011101011100101010001101011010000000
0000110100110010010011100101010001001001010010111110111110010110
0000010010101001011011010100100101101000110110101001101001000010
0111100000001001111001000111110001010000000100001111111010011100
0001100010010101011100110101101000100000111100110101111110010110
0111001101101111010001000110111010001101011111111001100001111111
0110000000100010001111011101010001111111110000001110000110101101
1011000100011100100001101001110011100001001011010010110101001111
0001010100001011101101001101100110100011111110101010101111000001
0000001011000000000100110111100010011100100101010100010010111111
0100100000001100110010101101001010110110010010111001101111011010
0000101010000010111001000001101010001100111000000101101011011010
1100001011111000010100011110001000101011110000100000000000101111
1100010011000010101000100011100111010001000111001111111101001100
0001110110101100011101101110000100111101101110001010100111010010
1010101010010111100111010101011110101101011001010011101001000011
1001000001011111010011111101111000110100011101001010010111100110
0110001111011101110000110011100001100011001101101110100101001110
0000101110011100100111010001101100010101101110110001111101000001
1011000001011001010101010100101110100001010010011010100111000011
1000101000111000011010011011011011000100111100011101111100110000
1010011001111000101111101101010111100001101110110100001110000100
0100000010011011111101001101100101000000001110001110100111101000
1101011000100010010000110101110100111101010000001011011100110100
0111000001101100101001100000101101100101000010000110101110101010
1111111111000001001100111101001111001101000100010101101101010110
0111110100011110000111101100010011101101011111011010011100100100
0000000011110011101111010110000011101001101110110111011001110000
0010010111101010000100110001011111011110111010001001001101100010
1000010000001011011001000010011101111000100111111000001011011011
1101011110010101100010101000000010011111100110010111011111101010
0101011111010110001111101000000111101010000101011000101111111101
0111101001101101100010101010000010100001110000111000101101101100
0111100000101110010101011000001011011110100001000000110000110110
1111011100001010110111000010001111101110000000000101110010100110
0010111100010100111101110011000101000010110010000011111001101100
0000101110101000101011100011111101111011001111100001111101010000
1010110110010111110010100001001010010110011101100011100011101100
0011000000010110111110111111010110001101011100010111111011110111
0101011110000000010011000101110010010111010101100101110010111110
0100001111111001001010100111011110101111110110000100010010110100
1000011111101101111101010110111110010001001111110101010111101000
0100100000111101101101110001101001111110110011001111001010101101
0100011010000010110011010100101110111101000000000000000000110111
0000110111010010001100110111110000011110010110100010100001101111
0001111101001101100110000000001110111010000011101001000001001010
1011110101111011010110001001101100110010101110110001100010110010
1001000101010010100011001100000110010110111111111010101001001010
0101010010010010001111110010101100000111100110110010111100111101
1110111111010010110001110101010101011010100101100101001010110100
1001001011111110111110001101110101110000111110000101000001000100
0010011001011011111111101010100101101101111110011111110001110011
0101010011110111010100001101101101010100101100011100001000110011
0011001110000100000101111000001101100001011101010101011110101011
1001010101011110100101110100010101000101010101110000000111001011
1100011100111111010000100010011010110001100000010111100011110110
1100001111011011001111101101010011110101111011110011011001000100
1000101000111001100000111101011101011100010011010110011011000000
0110011010010011100011100100111100010011011101101110010000000100
1000011111111000011011110110101000101001101011110000001110000111
0100001001101000011110001100110000110110101101110101010100010111
0001110111010011000001100110111001001011111000000001100101110100
1001011111001111000101101000000110110010011010100111011000110110
1111110100001100101000000010101010011101010001100101010001100111
0101010010110000000111101010011010011101111110110110110100000001
0011110000001001110110000110011110111111001101100100010010101011
1111010000100010011000011001110000000011100111000101000001100001
1011100111100010001111101001001001001010111010100011110100111110
1000011000110011011001000011110110101000011111011001001110111011
0000111001011001001111100011001110000000011101101011111011101111
1001001010101101110101001000010011000111011010010101101110011001
1000011100101001100100100101101110101111101010010110001110110001
0011111111011100100011101001110110011011000110111110011101010001
1111011101111011111011101101110010100010001000111000001110101000
0111101001100010000100111000011101000001010110001010110111001100
1000000110010010111110100101001111011001100101111101011111001110
0000001001000100001010011100100101011100001110101000100010100101
0001100111000010011001101010000001101101001111101011110010010001
1011101100010001011000100111001001111011010000100110001101001110
0000001100101000100010010000000101010011011001110101100101010000
1000111011100010111111010010001100101010111010110001111000100001
0111011110101000101000110110011001000110011011011101110010100010
0100001101101100000101111100000000001000011111111011101111000011
1101000111000100100110011101001000010011000011000110101110001001
1000001010100110111101110111000111001110100100011010111110001001
1110100110100011101100010110010000100010010101101111000100101100
1101110111010001010010100010111010010100110001111111010011011001
1011000100010110011011001010001111110100111101110101111010100010
0011101111000000000101110011010111101111011100100111011100111111
1100000101100011110011000100111101101110000010000110110111101100
1001001110100011110111010100011111011011110110110011011100010001
0001011000011000001111011100111011001011011110011000001110011010
1100010001111000110101101010011001001001011000001110110001001111
1001001001101101110110010010011110010111010010011000101100000011
0011001101111100001110011110010011010100100111101010001010111111
0111100010110011111001010010011000000100110110011001110010010010
1011011100100110001011001000111101000110000010010011010100111101
1111001111001001010110101100110011010000001010111000111011011111
0010101100011101111111110001011000110100110110010100110001010001
