0000100001001011100100010011000001101111000010010101011110111101
0011101110011111111000011000101010100011101001001011110000010000
0000101010100010110010010010110000010011100101111110011110110011
0001100011100100101010001000111001000010101101011111010010111010
0010100000100010010011101110000100000010000110111111011001010111
1101011010101001011001011000101011110001010110101101000100001001
0101001001100001001111001100100011001011110010100001010010110011
1000000010110000110101110101110001011100111110101110011010111000
1101100101101010001011100001011010011011111110010001011010000100
0000101110100110001100101000110100101110000111100110001110011100
1101011011001101001110110100001010100100010110111111110111101000
0100110001001011010101001010011100111101010011101110010000110011
0011100111110111100110001010111010001100111000000100000111000001
1110010101111101001011111010000110000001110000000111111101111001
0101001111101000100111110010100111110001111110111110110011001001
1101100001011010111101111100101000000001001111110110011111100000
1110010011010110001111110010100011100110101100001000101011110010
0111011100110001000110010000110101100110010010101001100011101110
0110001110010110110110110011100010101101000110000100001000110110
1111101110111110011111011010101110101000011010110000011010100100
0001100011011001111100100010111001000100010111001100001000000101
1111100101110111111111100110010010001001110100111010111100010100
1110000010001011101000011000101111010001011111100100110010010110
1101100111111000100100110011000101001110111011011110010101100010
1101001110011001000010110100001011001000101000101001000101111001
1001110011000010010011100011101010110011111110101110011011110101
1011100100101011000000000110100110010101001011011101010010100010
0001010111010101011011111001111010001111101110100010101111011010
1001001000010110101000100100101110011010001010110111100010011010
1111101000010101101110100100011101111101100100101110101111110010
0111111001011011001110100010111101100101001000110010110011010000
0011111111100010110101001110100000101001001111110000000000111101
0111101011100010001110101110001011101010101111001101011001110101
0100101011000011111000110001100011001001011110011111110000001101
0010110000011001100011111001001110110100100001101111101001100001
1101100110001010100100100101001001001001000100000100011110010111
1010010101011001000111000110111101001111100111010001001001010100
0010100001100010100101100001110110010111101010110110011100011100
1111100110010000010100100011010000110011101001110001011001010001
1110100011011010110100000110010010001101001000111100110010001111
0111110011101101000111100101001101011000010010000111000010011010
1100101100000011100100011100100001100000010100000110001101000110
0011001011110001011110110010010001111101011100000000001011111010
0101011111001100110111011110101000011111000011110110101101110011
0011000110110010101000111010011101111111101010000100100001111011
1111000010010000011111111101111001001001101011010010010101111000
0111101110100000000010101001101110111101000010111011100110101111
1000001110101011011111111010110100111100100010101101111011101000
