1001010100011010000101001101011100100001110101000000101100101001
1001101001100111000010111010000101111111110000000001001101110111
1111110110011001111111101100111001111011000100110010000101110110
0011100000101110110111010001010111011111000011010010100110101001
0011110111100111000010110010100111000010001100000111010001001110
1101100011110001111011010100000111001010111101011011100000110010
0011001001000100110110000101110100001101001000111001001010000110
0100000100001001111111110010001101001110001011000111000101001011
0100110101100110010111000111110101111011100111101111001011001011
0011011011001011001100111100101100001110111010111100011101000110
1110110101011100000111010001100000011000001111101101011010111011
0000001010011001000100111101011111010011011000001001001010011111
1110110101001010001000110001000100100110111100011010010011101111
0110011100001111100011101010010111011000010011010111000111000011
1101110100010001111001110010111000100011011000100110001101010000
0001000111011100101110000111011011010001110100011011101111000111
1010110010011101111110100100000001111101010111000010011010110111
0101110101101111110000010111101101100101011101101000011100111001
1011101101001110010100000111011101001010000010110011010111000010
0001110000010100010110001111100111100000011011000111001011101110
1100000001011111011111100101010111011000101000000101111000000000
0111011011110000100011111110001011111100110011010111010001110011
1100100010101100011000001111011011000100110000001011100011110010
1100011010110000101010100111110110110011100010111011111101100000
1001110110111110000100100000001110100000110001011010001011100011
0000101110111101101110000000101101011110100010010111000000100111
1111110111101111000010011100010011111101101001100000101001011101
1110111101110101110011011100010001111011001000011001110110000001
1111000100110010111001000110010100010011100000110000110011011100
0001010111110010111111100010000110100111000111101101110010000110
1110010111101100010001001110000001100010010111011011111110101101
0001000101001000000000111100111010010100011000010000011011001110
1100010100100010010111101111000111110000101100101011100001110001
0011010010111110000000011011111000100101111100010001110011100010
0110111001111110001110100001010001110111101110010011010001100111
0010101110001011010100001000000110011011111100000000101111110101
1001100101001010010100001111100110110100111110110100111101000011
0011100010111111111000011101000010010011010100110000101000111101
0100001010101001011101000001000011001110010010001000110000101000
1101101110100100101101000010000001100010010110010001010111001010
0000010100010001110110110111101000011011001111001111001001001111
0101010110100011010110111111101010100100101101100110110001101010
0011101000110110111110010010101100011001100111010110000001011100
1100100011000111100110001011010110001111100001101010110100000100
1111110010100110010011011110111110011000101000110001110010001001
1110001111011101000100101011111101101111101100100011011001000111
0011011111000100001011101001011001011000100111010010010001110101
0111001101110011111101010010100100010110001000110011101110001000
0101101001011001110010011101110000111001001010011101101111001000
0010010010001011101010101011011011101100110111111010101101001101
0011111010011000011111101010111010010011000111100100110001001010
1000111100000100011100010110001100100111111110110000111001110110
0011010010010010110110111101011110101010000101110010000000101001
0111101010001010000111010110110101010110111110000010111011000110
1011111111001101001000001110001111000110111110101101000111010011
1100000111001111111000101000111010100001001111011010011011100010
1100100001010110101001011111001101100101001111110000100011010001
1010000111011100111111010100111100000100110100000101010110110001
0100011111000100100011100000011101001101110011111001000110101010
0001101101101111001110010100110100110100001101101110101011111010
0111011010000101111011001101101101000100011101000001000011110010
0001011011010110101111001000111101111000110010010010001111100011
1100011100011000111101111111110001111010001110010000000011011011
1110001110101001011101000110110111101111111110010000001110010011
0101110111100111010000100001011010000001110011010110001000110001
0000010001000101100011011110001110100111110100111110001101110000
1100011000111010001101001010111100101000100001010111100111111011
1011111011000001001001011110000100111111000010011001011100101100
1111101101101110101010100101101001110100001111110101111001110000
1110110100100010110010101010010011111000011111011001111110001001
1011000110110001011110000111010010010010010000011001011110001001
0000111111000011000111000000110000010111000011110010100111001010
1110010100000001001111000011010010010001001011111000010110101111
0010010110111100011011010110101100011010110101001011100001000110
0100110100100111000110100111100110100110111100010111010010100000
1111001100010010001011101000111110010010011011011101100111110100
0001000011111010110001111110100000100111111110100011100000111001
0000011001001001000000011111011111001011101100010100011000110110
0010100010101111010101110010000101001010010010111111111000011101
0110010010011000011110001011101100101100010000000101001011110110
0101101100100110011101001001011001000100011011100100010011001101
1111110101100101011100111110101011101011111110110011111011110111
1111011101101110011101110100100001011111101111110011001001000110
1100001101011101101010100111010110010110111011110110111001011110
0011101010111111010111100011111011001001100111100011100001111111
0111100111001110010100101101100100000111000010110101000110110100
1100111111110111101101011001010011010110000110001110111000101011
0110010000001010000011110111010110111000100111101001101001000011
0010101111101001010000010011110110010111000100001010000000100011
0101110101100010101011001010110110010000101011000110000111010101
1001100011111101111011100100100011011011011110101010111000001101
0111011011111011001101101101100000010100011101001001010011011101
1010001000011111010000111111100001100101100011011010000011000010
1000110101000100010110100010100001000000000101100111101011110001
0011000101010100000000111000111101011111101100011101111010110110
0001000011010010000000100100001111100000101000111101110001100111
1100100010001000110011100011100010010000101001001000111111100110
0110000110101110000001101001000010110110110110111000110001011100
0000010010110111100011001110101011000100100100011100110000010110
1010110101101010000110100101000000100001010110101100101111101111
0101010010011101000110000010110100001110011100100000101000110101
0010010101101010111011100100111101000110110011000100111010100110
0101001100011110001100001000100001101111001011011000000011010011
0101000101010110000010000001001011101011010110100101111010010000
0111111110010110011111000111001000000100110110011101111000111011
1101101001111010110010000010010111000010100111101110100011010100
1001000101001011110001101001100101010100011100001010100101111110
1110111001110010011100001010000010001101010101010101000000001111
1111000101000110110100001011100101111100010010100111100011001001
1001011110000100111011001011001101101100110111011100010000110111
1001001110101110000110010000001110001000001111110011000110100010
1000101000110011100011101110101001001011011111110111101001010111
1110010100000000111100111001001100110100111101111000010100111000
0110011000100101011100010110100011001101101100110101010000001001
1110100101101001000101101010001011011101111011100001010101011010
1011100100110101011101001011010101110010110010011111010011110110
1010111010111100101011111101000111001100100011011001101101100110
0101011001101000100100111010111110111001110100110001010000101110
1001111000011010000100011010000011000001000000001110110101110111
1011000101011110110011100111101000101001010011000100011110100011
1010100001100000001001001100101011001000000101101001011110110100
0011111100000011100111111101000110010011101100101000000100011011
1100110010110010100011100101100001101101000110011111011010000111
0001110011011100100101111000101001100111011010110101110110000001
1100111110011010010001010111001001011001110000010010111111100111
0111101001001000001000001111010010011010010101010010001011111110
0100111001011110000011101110011110110001011110000100100011001001
0011010000001011101000010100000000101100011010101001010001111010
1011110100000000111110011111101111100000001110111110001100110100
1001101001010001001111010010101110001111110010110100001111111001
1010110000011110101100101011011011011111111010101011111011001101
1111111001111101110010001001100100011000100110111111100110110100
1010110010110100110110101110010101100000000010001001110101011111
1011110111000111101101011010101001101100100101101011011011000111
0101001101011011001011001000001001101000100101110010010001000110
