1010100001011011000101001110001011011010101011010010110001001001
0011011011000010001001000110001001011011111001010000110110011011
1111101111101111111000010011100100000001101100111010100001001010
0001010110101101111000101111001000111001010111011010111101111001
0101010001100100000010011011110110001010110001011100001000011011
1110111010110010100101011001010110101011110010100001111000001100
0001101001011111011110010110001011101000101001110111000010111010
1101110101111011001110100110010010100111000010101001110001110010
1110110100100011101011001111101111110111000100111010111111101001
1010001001110100011011111101000111011101101000000110101101001001
0111110100101011111100011010110111101111100101110011000010111101
1001111111111101010010011010010001011100100110000101001011101000
0000100101011001110011101011110001111110100011000100001101011111
1111111001110011010101100111010110011100110101111011000001110100
1010010111110111100100111100100010100111001111011110110011010001
1101001001000101101101000000001011101010110011000100100111101010
0101000011100110100010000011000110111001010100011001111110001101
1100000011101101111110000101011010111101111011111110111100000000
0100001111110011110101000100001110001110111010110110001101011100
1001001101010101110011000000010111100000111001000110010011010001
0010001101010001100110110111111001001010010100101101000110110110
1101110110110011101010010000011010001011101010100010100110110001
1000100110001101100101011010101011100000001011010010101010111111
1100110011011010111011000000000011011000100011000110011001010111
0011100000100010100101011111011000110100111010110010101100110101
0101111111000000010100000011110011010101011011010110011101000010
1111001010011010111011110010111100011010000001100011110101000110
0111010101010111010010000100010100110111001110000110110001111110
1110100101000110111110000010000011001101101000011110110100000100
0001100001110001100000000111101110100101010001010110100001000001
1010010000010011000111001110101010010011001001110011100100101011
1101001010100010000001001001100100100101100100011001000100110101
0000001100110011110110001010010010100001111111100010011101101000
1010010001010100100111110101111001111001100010010011111011110000
1110110101101010011011101000100111110011011111100000111001010100
1010110101001111011000111110001010101110011010110010111011011010
0001010001001010000010110010000010001110110111100010110100011010
1110001011011001000010110101001011111100001010110111001000001111
1001010001001100010011011001010110110110100000100000100100000110
1110011101000110110001001101010000110110011000100011100100001000
0011100000011101110011000011000110010001001011110001010001000111
1001110100010100011001010110111100110101011101000111100001110000
0100101100100001011011110000011000011000000111010101000110001100
1110101011011100100000100100010000010110000100000000100011001110
0100001001111111110100111101111111000001110100101100101011100100
1100001100101010001001001100000110011001100011101000001111100101
1000110000110110101010110100100110110100001010001010001110110100
1001111010110000011101001100111000100011000001111100110101011001
1110000110110011001100000000000010001111100110101111010100001111
1100001111010100110001000111110101111101011011110001010011011111
1001101000110111110101011100100000011101110101000110001000111100
0001011101000100000101101111010100011111101011110000000110111010
0011100101110010101011011110011000101010110011110100001110111111
1110111001010111101000110101010110001100011000110110011111101000
1000100011101011000010100010011110100001000000100101011111001101
1101111010110101111011010100010000111001101101111101110110111000
0010110010101000111111110110000000011111111111100011011101001110
1110000011010101000110111111101011111000101101011110011000101100
1001000101101011010010111111000100101000001101000100011101001011
1000010000010001010010100011000101111101011001011000001110011000
1000000010000010101101101110010010001011001000001011010010000011
1001001101111011011111110100101010001100011010101110001101100010
0011111100111011101011110010101010110010110111101011001000010000
0101000010011011100010110000010001000010101101000011010000001001
0111001101001101101100001111101100001100111010010001011011100011
0110111111111101101001000011110110000010000001110000100001011001
0110101000110110111010101000001101111110001111010011011111111101
1000001100111010100111000100001101111000110010001111101101100000
1000001010001001110111011110110010010111101011010010111011111100
1100101100010100101000001010101011101101111101101001010010110011
1110111001000110100000010001110000111101010111000110010110000101
0000000101110111011000000101100000111100011100011100100101100101
1101001010110001101011100010001011111100110100010010001100111110
1001000010111100101000001010000000010101110100010101011100101100
1000101101111111111100001110000000001000010100111001001010101110
1000110110011011001100100110001010101011010011100101101000001101
1111001100010001001010011001010100110110111100100101010001110110
0110111001100101101110100101110000000010000101010100010011100000
0111011010101110101001111101100110000110101110111111111101001000
0110000010010000111111100111101110101000111010100010010010110111
0010010000010101011111001010111000101000010101000000001110000011
1110101111101010110110111011001111010111111011101000001111010010
0101110011101001000010110001101011100000111000110011100011000011
0011001111011001111001010101100001110110110111000000110110010110
1111010000000110010111010010010000101001110000011011111111001101
1010111101000001001100000011101010110011001000101000101101100100
0011110000100101001011001000000111111000011110111111010111100100
1010011101110001101101111000100011010110010000110000110110111100
0111001001110111111011011100000010110101111010100010101011010011
0001111100100000100001101100110111110100010110101011111101001110
0011101110110111000001111111011000000111110100010001011000100110
1000011111100101001010111110011000001101101111001101111000001110
0100000001110000011101100101101110000010000111000111010111001011
1110011010101000111010110100110100101111011010011000000001110111
0100100001010001101100011100011011000100010001000110111111000110
0100110100010000110110010000101110001100101110111110001000010101
1101111111111011100000101110010110100011010010111100000100011011
0001101110000000100100011000001010001101111010011101011001101001
1001100101100100010110000001011111110011110100110101101010101000
0110011100001010100111100101101010011100101010110110001111010100
0110101000011110111000110100000100010101101011000010000111100111
0100000011010111111001101000100111010011101010111110101001011101
0011110101110101000100010000100101100000110101000001111101011100
0111001010011111001101010000001100111110000001110010101111110001
1111000101101111011100011101011110011100011000010100001110000000
1000110100001111000110000000010110000011000001100011110001011110
0001010101001111110110011000001101110001010111000010111011011110
0010100010001111111100101110101000100010000011000101010110110011
1010111111111110011001100111001110011101010101001010111110111101
1111000100011000100001000111000110101001100001111010010001000100
0111100101110100101000101110001010001100000101100101100010001000
0101001001001011100110101111001001000100011001101101110011001010
0100001101101000001101101000100111000010000101100110101000110101
0110100110101101011100011110100011110110100001011010001011100011
1110001110110011001101101011001000011010010011100100100100111010
1000011100000111000000101101010001100010000011000110101101000010
1101001000111000100111010001010001010110101010001111001110011001
0100101110100110101111110000110011100100100100100011001000111110
0101001100011000000001011111110111100101010000011000001101011011
0111101011110001011111001110011011111010010111010011001000101001
1110011001000111101110011100010110101011011110101111001111000010
0010010000010011011101110110101111001011001111000101101001000111
0011010000110011101100110100001100010001000011100111101100000111
0100100111110010011111110010111100001100101010110101111111100110
0110100001000000001111000111010110101111001111010000010000111000
0010001011000101000000001100011100011100111000100110110000011001
1110001011101000000101111111111101001011000111001100010011011111
0001111000101000011110011001010001111001111001110110110110111110
1110010100111000001010011111101110010110011110000010010001001000
0111111001111100011010000111101111111011100011011000010100110001
1010011101100000000110110000101111000101101010000100000000010111
0000101110111000101000010100110011101001110001100100111110001010
1001010001101011011010110111011010001110011000100101100000001010
0101100110011111101000010100101010011010011010001000110010011000
0011011001100101111001100101011011100100001110100000111001010110
0001010100001010011000111011100100110011000001100110101101110100
0011111111100101010010001111001101111110010100000010111111011000
0100111010000000101001101000001010000010100000000001100101100010
1011111000111010110100000011101011011010010110100010010000001110
0101010110100000000101010111010001011111001110010001011101111010
0011001000001010001001101010100000110101000000010001001101110111
0010000011011010111000010011000111101000100101001100111101011000
1001101101000010111001001000000101111101010100001101110101101101
