0010000111011100001000101100100100110110001101010000111001100001
1001010100111010111001010001000001111001000000000010001101111101
0101111100000011001000011001011111100101110101110110001001011010
0111000011100101101110111000011010110111101011011100001101110000
1001101110011110110111100001101010010111110000000010101101101011
1001001101010000010000100101001000100111001010111011100100000111
0010101010100110000010010000100010001001000101101101010100000100
0101100100111111000000101010011011111011111110011011011001000101
0111000111000011011010100100111101000010001111001000100110101110
1000010000110111001111010110000010000110111000010011011011010010
0010001010111100110011110100010001110010011100100110111111111011
0010111000001011100001011111011110101110010010011011000001011100
0001101100101111101011001111101101011110010111110000100100100101
1101100110001101001010111100010000101100010001010010100010001011
1011100011011110110111001100110010100010101001001001101110101011
0110011110110011110101101010001010110010000110110011100110100100
1001011100100000100011011010000010111111101011100011100011111110
1101001011101000110001010111000100010100010001100011000001111110
1000100011110111111100001110011010100010110011110100010101110000
1100111011011111010000010001101001010001101001110010110100111011
1100101011010110110010010111010101111101010110101100001111100100
0111000000100100101111111101010101111111000100010000010011000111
0000110001111110111011010001000011000010010001101101010111110100
1000100011110100111101100101100001011011001000101010101011010111
0010011001100001010011000111101101111111111000110111001100000010
1100111111001000010010001100000100001100101101110011100011101111
1111100100100110111110110010100110111101110100011100001111011101
1000110100101111100011100011010011100111010100110000111111011111
1100110010110011110101101101101000001101101011100011001010101000
0011000001110000001101110101100100111110111001011110110000000101
1100101000111110101100111110101100000010110101110010110110100011
1110011011011110101010110010001001010101010110001101001001111001
0110010001011101011100100111100110110101010111110111000011011011
1100100000010011001110110011100101000000001111001101111110010111
1011111001001000010100000001100111101000111100110101000011001011
1000101000110101000010101011010010101100001100110001010111010101
0110111000110010110000101100011001101000100110000000100100010111
0000001110111000110000010110101000111100011000001100100001000101
0101011101101011100111011110100011101111011001101101000010100011
0011010110000111000111011010111010100100000010100101011101010100
0010001101000010100001110000101001101011000001100101000100100011
0100101100011100110010011101111000000001111110011101100101000110
1010100000110100010010011101001011100001001110000111011100011100
1011001100101000111010111110111000111010001010101000111011110010
0111000111011101000001000100100011101010101011101100011011010000
1001000001000110100100010010010100111000110000010010010011110111
0010011001000010010111000100010010001111100011010001111000100111
1101010100111001111101101001100000001011000010101011010110110010
0001111011101101101100010000000010011111101010111010010011010000
1110001000001000010100011111001110001111110100001100011010011001
