1101110101101101110010100111001101100110100111111011111111011101
1100111010111001100100110011010101100010011010111011001011000011
1100010110000001001110111111000100101010001000001111010000101011
1110100101100001101000011110111100011000110001111011110001001110
0111010111011011110101000100111100010110111010010000110100001111
1010111001011010110110100101001110010100110111010111100011111110
1111011000011001010101010011110110011000001000100111110110010100
1011100110000111100101110001001001111111000100001101011001000000
1100111101011100011001101011010010110100000110001000010100011001
1110000101010100001101010100001010000111101111110001110011000011
0001110011011110101100011100000111111001001010001111110001111011
0001011011111010000101100011010001100111111010011110000100001010
0011010100100001101110101011101010101001010011110000110101001001
0010011100010010010111101011000100000011110110101100100001101000
1000110100011011010100100011110000111010101001100100100101011110
1100101101000100110011010000011101000011000001110111101000001011
0011100001111110111011110011110100100111110100011001110101111101
1000011100010100010110000101001110100010101101001101111110111110
1111110010101101111111010010001110010001001011001101001000100011
0010010000100100110111100110011011101001110001000001101100000111
0000010110110011100100101110001110110000000011110110011111000101
1000101010100100001100001100010110001100000101011001111010010111
1100011010111111010110110101001001111011010111111010010001100000
1000000100110000000100100100110101101000011010000100110001111110
0010010000011011101001101101010010110011111010101101110110101001
0001110111111100100100101100110000101110000011001111110100100010
1101011011011011100000001110010011110000011101101011011101001001
0000001000100110101111010001100001100010111010000100100010011001
0110100011111100010010101111111010100011110000010110100111011011
1110001101001110000010100100101000000101100110101000000101000001
0110010110111011100100011101101100100001111000110011100101111110
0011011110111000011100000000000110001110011011001010111101000100
0011001011000001111101011100010000111111000000010000111011111101
1111010111011110111110111000110000100010000101101000010011101100
1101111110110011101000000000111001000001011011011111011101110100
1110000010110101011010110000011001101001100000000110101010001101
1001001011101100010111010001111001000001000000000111100100111101
1110100110110101001111111001011000000001011010110000100011001011
1101110000110001011010001010101111110110000101011011101100101101
0111010011101100001011110111011000100010100010110110011000101100
0101111110110011101100111001110110111111101010100000000011001001
0011100100101001010111000001100101111111111011011110101000110110
1011010111010110011110000001001110011101010000010000110100110010
0011101110101111011100100000101111110110001110101001111100010101
1011101011011001110001111000110101001011111110001110010000111011
1010010001010100001001111101001011000011010100101110101010111100
0001100011101001001000000011100101000100011100110111101100111001
1100101001101110100110010101000110011100101001000101101100101111
1111011000010111100101101110110101111111101100111110101111101110
0100010001010011011110010001011010001101100110110100111000111110
0000000100010000111111101110001001010011011001001110011010010010
1100100011110001111111101100011010001110011111100111110101110010
1111001100101110110000011011011100010110011010001110010011100111
1101100010110111010001101001010111011111111001010000000100101000
1110010100011110111010111111100101100101111000000101001100110010
0001110000001001100001110010011001101111000010111001110100011001
0101111000011100010011110100101111110010001011010111101110011001
1100010100011100100011001111111011101100010101010010111101101101
0001100001100110011111000001000101000111111100110100110101100111
1011110000011010011111000010011100011010010001111000101100100101
0001100100010010000010100111101110000000111111011011010001111010
0111110000011100110000101000001010101010101010100011000101111000
1110101100110001010001111000111011010011011001101110101100100000
1111110001100100100101011011100011011000000000011110110010010001
0100101101101001011111001100001100101011100010110010110111010010
0011111110011000111010100110111011101101001110010010100011010000
0110000111101110101110110101001000010001100110110000001111110001
1000100110100101000100000111000101110101011000110010100100010100
1011001001000110010010110001101100101101101100010000001101100111
0111101010001010110101011111010111100100000111001110001001001101
0110111101000100010001011100010001010011111111100000100101101111
1111010010101000001011001011010100101111101110110100101001111010
1100110100100000011101011111010000100011100001100110010111111101
0111100000110011111110000011110000110011111011001100111011010100
1001100111010100110011000110010111011101111011000011001110010100
0000000010001111101101000011111001010111100011010001001001100101
0010011010010011110011101010110011111100101100011010100010100110
1100110110000000110100110001010000101111001010000011101110101100
1000000100000101110101000110101101101011111010000101001001000010
0101000110011010011101000100101010110100100010000101110110000110
0100110101000010101010110100011001101100001001110101111111000100
0101010100111111110100000111101100100111111001100001011110111101
0101011000110100100011101001100100100111110111001001101101000100
1111011100110000111011000111001100110100111110110111100011111011
1100000101001010101101010110111000001100110110001001011100010001
1011100010000010001111001101011100111111110111111101011111101101
1010001100100001100110100000100000111101000111100011110010111101
0110011001000000010010010001111111110010111111111110101000001111
0001111001111011010000001000100110010100111010000111011111110000
0011101101111100100101000111111010101100011001100110110011011001
0100000110111000001110011111111100000101011111111010011000110110
1000110011001110101101000011100010111110111101101010111001000010
1001100111011111010001111100111100001000010111000101110010010100
1010010000101011000100110001000000110000010010010101100011001101
1110111111011100001011010111001100000010000001110000111100101110
1101110011100101111010010101100101101001000111111000100111000010
1001000011100111111001100011001100011011000111000010011111010100
1010001000111000011011011111100110111001100110010010110001011111
1111100000011011101111010111010101100110010011111011011111111101
0011000000011110000011010100011000001101010011110001000110111111
1101101000100110011111111100110000111111101111000100001001010011
0010111101101011101000000011010111111100001101110010001110111100
1010110111001110101000100111100010110100100000010101011111110110
0111001100001000001100011101111110000100011100010001110101110001
1101001010111101111001000100010110011011101011011001000010001100
0011101110100100011010000101111111000100100011100101111011000110
0101111110110010100101111101101110010100001100100011100111010100
1101010010101001100000010000001100111000100110011001100011111100
0101100101100010111110010111010000110000101000101101000010011110
0010000110011100010001100000101111101001101110011110010111100001
1000101000101111000011011010111001011001010111111011010110000010
1100101100011101001111011011101011010001001110001111110001110101
0111011100111011101110101101100010101000001011011000000001110100
0000101011110111010111100000100011001100011111010111111001010001
0001111100011111100101001010101010111100101101010110001010100110
1111111010011100011111011110010110011110001001011100110000001000
1010010011000110000011010101100100111010100110111000000110100011
0100101101011000100101101001101100011101110101001101011000110011
1100111000000100111000000010100010001010011111001101010001110100
0110000001110100101000100010000110110110110011110101001111000010
1111100101011101011010101010010100000000010001000100000010000001
0101110111010010111101111000011111110110000000000110110010001001
1000010111100111101010011111110110101011101010000000100101010100
1101010011110101010001110100010111101010001001010111011100000110
