1110000000100001100110101100000110001000101010000010101101000010
1011010100001110111011001010011001111011011010101010101010100100
1110001100101111001100000011101000101110011001010111011011011100
1010011111010011111000110101100101100010010001100000111111100000
0100111100010101110100101110011110110111100010011000001100000001
0100010100001110101010110101011100001110001110100001001000100101
1101011110001111111110011011100100011110100101011100011110001100
1001001000110100100010110111000000010000100011010001111000110110
1001010101111101001001000110010111011001100111110001001110101101
0001001111011100011100101111000011001111111011001000010101000110
0101011000011011011111110101010111001101100010110010110010000001
1000101111100111001110001111101101110101010100011101010101110000
1111000010101000110110010101100001010011101000111000001111101000
0110011010100101101111100011000000011000110101001110001110010100
0101011000110011111110110010000001100111001001110101011100011101
0111011101100110000110000100100010011111000101011001100010001000
0000101010011110001010100000010101100000101110011010100100110000
1100011101100111100111000011011010001011011001011111100111100011
1101111100010111010010110110000010111000111000110000000000110011
1101011100000011010110000101001111110101011011100101110100111110
0011100000100101001110100000101001000110001001111100101000011010
0100000011100100110111111101111110010000000011011010110101111110
0010111110000110111001010110010101011111001111101010111111011110
0100100111111111110100010111001110100010110101010100101001010101
1001000000100010101010000111011101011010101100111010110111011010
1001101111110101100100010001100111110110011101111000001011010101
0101100001000111100110000001011100101111110011001110100010110100
0111011110101011111010101000010110111010111011000010011000110100
1000001011001110000110000100001110101001101011011110000110101011
0100110010110111110000111100011001111110110011010011001000000100
0010010010010111010010101000000111100000000010000000111110000001
1000000101110100111010001110011000111100010111011010010011101010
1000011011100011011110111010011001001111101001100101000000111111
1000110000011110101101010111100111001111100110100100100101011100
1001101001010001010110001010100111010101111001011011100110011111
0111011111011011101001111110011011100111011111100010001110111000
0000001001000010010110001101001101011010001010001111111100100001
0111000100100011001110010100010101111010010100011000011001111011
0111110100011100010001101100000111111000101010101000100011010100
0111001100010110000100111001110110101111110001111100101110000111
1101100111101000011001101111101101100010000010010101010011011001
1011110110011101001101000011110011100100100000011001011100111110
0110010000110011011011101000000010110010001100100011101100010011
1111010101110111100010010001101110111110011110111100000000010010
0011111001010110110100110111111111011011100110110010001010000001
0100010000111011000101011010011011011101100010101110001010011111
1010010111101101110100101110000111100011010001100100010000000110
0110000001000000111110000101101010111111011111100111000000110111
1100110000011010111111010010010101000111111001011001100101101001
1111011111001110110001011101110111011000011101111111111110000000
0001111110110100011011101110010101011010100111100100000111011100
0000101010010100100100010111110101001001100000110011011111010010
1011101111110011011101111100101011100010101010010111111011111100
0101001010111100100011111011101110100110011101111100111100101101
1101000010110101000111011010110111100110101000101110011101110010
1100100111010001100100010010110111111000000010101100000110101101
1010101101011011001100110001110010111110010001101000100001100011
0110001101100110010110011110101111111000001100010100111011010110
1100111001100111100000010101101011101111101000110000000100101011
1111101100101111001101111111001110110110000010111100011000001111
1111010110000011011100010010001011111110010011010000110000000001
0111101110100100001100101111001010000011001111100101000111010101
0011101100001000011101001110010100011001100100011101010110001000
1110110000011100000010001110111010111111010111010010011111010101
0001101000011011000100000011110000010111011011100000111111000000
1010011100110100100000001100101000000100011101100101101011111010
1000001000000111110111100111010100100101011110100001000110000101
1101100011111100100110000100110010000001000100101000100101001011
1111101000111101010111010001001111101000001100010010111001001001
0110111101111100100011111000010110100011000110000011010100011001
1111010110001011111100001000100011100001111001010111100100101111
1110110101101100110100010111100000101100101000000100000110011010
1010110101001111000011111101001111010110110100100011010110100011
1110101011101001100000011010010101111011010000000011101101001101
0001010001110001000110111000110001010011110110000001000011111100
1000110110011010010101101000001110001111111111000000000100100000
1010111000110111110011110111001000000110000101100001000110110110
1100001110110011001110011001010111010110001110101001101100111110
1110100110101111100000001110010100011100010110101101100011101000
1101110111100110010101111110010110011100100011010101110001010010
0111100010111010010000101110101111010111000110101111001010010010
0101011111100100010100000001011100110100001110010110100011110111
1100100110001101011111001011010111011010110111011001101001011101
1000001110101001110110000100011001110101100001110010010100101001
1001000011001110100010100100100001001001101101110000010010100001
1110110111001111110011110100001111011111101011110110101101011110
1101110011000001110101001000110110110011101100010001101100100001
0111110100000100011000101111001011001110010011011110000110101100
0001001010101101011010010101110000011100100011111000110011110011
0111010010011111111010011011110100011001000011011110100000000110
1000111101000100101111101110011001001010011001011001101011111001
1111011001011010001110010000110101000000000000100010011010110100
1111100001001100000001010011001000000001111011110010010011110110
0100000111111000110101000101001011101010100011111011101000010110
0011011000101101001001011000010100011011010000111100011000011110
1001010111010001100101101101111011110100110110000010100101000001
0101100000011110100111001000100101100011011110011100010011000100
0110111110100110100100111000011000010010010110110000000100001010
0011011001110011010000101100100101110010000100101101111110010100
1011010101000000111111100001101001101001001111010111111001001000
0110110001001000110001010000011101111110010010011000011100100111
0001001110011101010010100110100110000000011000011100011100001010
0011001000000110100001110000110111001111000001001110011111000101
0011011111110000000000110110000010111001000011110010110110110101
1011010101010001111110110111011101011011110101010111111110101001
0001010001000111110000100100100010011111100000100100001111101010
0010101110011110101100100000100111110111110111100000011110001100
1011111010001100100101111000101000000101010001110001110101101000
0010011111010010110011100000000101011010100010001100100000001001
1000010100011100011100110001000111010110111101000111011000001101
0001111100100001000010101000000000000101110110111111100000101011
0100001010110011110110100011011101010001101010010101011110010110
1010011100110101011001010101101101011010101000001100011010100110
1110110110000001010001010010000001100111110100100011101010011100
0100010001010001101110001111111111100001110100010001011101110010
1011001110010111100001000110010100010100001111100111110010100110
0110111101011110100100100110111100100011100101000000001101011001
0110110111111111101010010101110001110111011000100111000110111110
0100000011011101010100010110010010110011100000111001111111000101
1100100101100010010101111001111010100101001001001100000001101111
0100101001110001011100110100100111101010111010100010110100100001
1010110100001101110100001010010111101000110110101000110111100001
0110111001011010101111011000111010100110100101111101110110011110
0100000011001000100111011000111110001110100001110110110110111101
1111001100010001011010001000100101110000110100001100111111101011
0010111111011111111010110010010110111010001000111111011101001011
0010101001010010000110101000001100000000111011110100110100111010
1101010000111101111001010101110101110100010110110000001100000101
1110111010110010111010011101110000000000100001011101111000011100
1100100010100000011000100000100110100100011010011001100101000011
1101101110010101000110011011010101001110101001111001011110111011
0000001000110101011000010101101001010011100011010110011000111010
0000011001101111111010101000010111110011101001110010100001000100
0111000101010100011101110100101001101101111001001110110001011111
1010010001010011011111101000100110110110000101011000010101111000
0110101101101010010110110101111001111110101101111111011111101011
1101000100110010111110011101010010110010011011101010000000100011
1000101010001110101000110110110000010001111101111111011011001001
1001001100011111110111011111111001010001111011011010011111110111
1010011011011100010111000101100110100001110110110100100111111101
0100011010000011011001011111010000110010111010110100010110010010
0100111111101111101111110000101100000100000011001110010010000010
1101110100001111001010110011001001101001010001111001101101001000
1010000101100101100100110001010000100010100011100100011011110011
