0101101100100011111011010000001010110011010101011010100101111110
0100110000111111100111101100000001011010000100111111011000111100
0000110001101011011101101000001010101110110001101001000110101100
0101110000010000110100101011110011100101000110110110101100111100
0111100001110001100011101010111011101110000110011110000010111110
0010010011011111110100110001101010010101001010010011100010010010
1001001110101001111011110000010001100111110010101101010101011001
0010110100001001110000101011110110010100101000000010110111110010
1100011100011000000001100100011000000010000010001101001111100110
1100000011010101011101101100101001000101101111011011110011011100
1111011110001000000100110100000000111000101101010101011000110010
0100010111000110000001001001111000001000110100110010101011011110
0011111011011111000101100111000001111100101001011001111111100011
0000100011000001111011001001010110000100001010010011110001100101
1011010010111011111111001011001101101010101001101000011101100110
1100111101100000000000101011010010010110101111001001000101011000
1001110001101000001100011111101110111100011001001100000001100100
1100010110101001011011011010001011011100011011010010001010010100
1011100110010011001010001111001111001100100001101010110110010110
0000010110100101000010100001001101101101001101100110011000000110
0111100111001001101001001001010110011111100011101110011011100000
1001000101001011100011000100100011111011101000001011101011101000
0110000010000100011110001000000010010101000000100100011100100100
0010011101011100110100011100100011101111100111111111101011010000
0001101000110101101000101011001001110100101010011101111100100011
1110111111010101001111010011000101111111101000010010010011000111
0111000111000001101100110011001001100110101010011000111000111001
0110100000001101010011001110011100111111010111111111110001001110
1101011010011011111011101001000111111001100110100110011111111011
0010010000101110111000100011011010011000011000101000011010010100
1010100001110001100011001010011110101000110100010001010111111011
0000001111000010000110100111000001011111101100000001111011001011
0101101010101100011110110111011100000001101111011101111110010101
0100110100010101010101000001001001011001101100111011111111101101
0100010100001110101110101010011011110111011111001110111111111100
1110000111010100100101100100101010011101001101111100011001110000
1101101001011101101110100000111001111011010101011001111010101000
0001110110010110010110100010011001110101010111100111110001110010
0011110100100101011001100001001111010010010100000110100001000110
0100110110111010011011010100111111000111110010111000111011101011
1000010110101001100100001110010011010010001100001101011101101110
1001001100011010110111100001101100000110100010000000101101001100
0101010111000101101101100111100001011100001110111110001010010011
0011110010011110010101100101101110110001111100011100010110010110
0001101111110011100001000100011000111011111100110001101101010010
0100010000110110011010010001000000100101100011111011011111101011
1010101000110100011100001111111100010101000111001111001111010010
0011111101110011001011101000001110011110101111011101100110101100
0100000011101001001100001110100100111000100001100100110100001101
1111110111011000101010001010001100110011101011101100001001001100
0010010111010001101111010010000111001100000000011010111110000010
1111100101101000000000001110001011011111100000010001001001101000
1101000101010001101000101010101000010001000011010110101011101110
1011100101100011000110111000110111100011110100011100110100000110
1101100000101110001111100101011111001010110111110000101011111100
0001010100111001010001011001011111010110100010111000011110001001
1010100001011010011100110100001010011010101001000011001000111111
0100110010110111010100011000101111010100000001110011101110111001
1010001000100100111101111011100010111111010011111000100011101001
0000100000110100011101100011110110010111110111011100010010110000
0010001110001000010101011101010100100000001011000101111001011100
1111110011110100000101100110010011101110110100010000100100101000
1000010011001010010110010101110000101101110110001111010000111101
0001000000101001000110010111000110010011001011000010001111100111
1010001001000100101111110101110011101000010011010001011000011100
0110000100010000010101100001101000111100011010101000000100100010
0100101010001000001011110000110111111100010100010000011100011110
0010110011011001010010001010010010001001110001110100010010010011
0100000110000101100111010100001100000000100110101100111011111101
1011000101100000011110000110001100000101110011100010111110011111
0110001110100101101111000011010011101110100100101101110110101000
0111001011111000011101010000011000110100011011111000000001100000
1000111100010001001100010010101010000011111010100001100001000011
1111010010100001111100110111011001100110100101000000011001010001
1000110110111100101010101100010000000000101101110010111101100011
1101000011010011000110111111010000100000010110010111011010100110
1000110010011101001000011101100001110100111011011111101011000111
1010110011110111000111111111000110100010000100111110001101010001
1111100110100110011010010011111000100111101010111101011000100010
0101111001100100010010011011100110001111011001011001101001010000
0001111010111000111010110000000111000111011010101000101010000110
1001111000001011010101111110111011100001000100000111101010111000
0011000001100010101010111000110111101101110110011000001000100111
0111111111010110100011100101011100000000001001111111111000111000
0100000000000111011101101010000110000110101101001110111011100011
1110010111010110111101101111000000010101111111010011111010010100
1000101110000010111010001110001110110000011011010010101010010111
0100110011010001001110110100000100101101101101110110010110000001
1011111110001100101001101110001110100010010001111010111000001001
1000010110111000000101000001000000011110001101000100000101110011
1101100011100011100000100100011100000100011001101010000101010000
1110000010011011111000111110111001101100110001110101000111100001
1010001100100010110110010111010101110100101101101100000000111000
1010100110101101101001010011100001100101010110101101101001011001
1011100010111111010010011010111011010101110100011100100010111110
0010010010001101110100101101001101100010100010010001011011000111
1011000110101001101110101011100100001111111101001110010100110011
0101110100000111001010111000100001110001000001011000001001110000
0110000110111111011111000000010111101011111000001001010101101101
1100100011100100100001000100110111000010111010110000101010110001
1101110000100110100110111111100010100001111011110110010001001000
1001110110100110011101010110110001000101111011000011000110100110
0011010010110101100001111000000101011011101011101110011101101001
0001110100111000100100110111010101001101000101101001110010001000
0000111010010100111010110010000101111111110110100111111110000100
0111110000110101111100100101001011111011101011000111100101000110
0101001100101011110011011110000111101100001111111111100101001001
0000100110010001111011111101010000101101010011001011100110010011
0001110110111000110110010011111101001001011001001100010001001000
1110100011101000101101111011011100111110101010100010111010010101
1010110101101000011010100001001011111011100100110101110111101100
1010001011111001110100000001100011111001011000011101100111011011
1101110111101000110011101000111110111111111110110100011011110101
0000010010100111011000000111110000011000000111100110001011010101
1011110100101010111100000000011111110000010011100010101011011011
1011110101110000101110111011100100001010110010000111000000011010
1100011100011101100111011100001011011111111111100110100111011110
0101101101001101100010110100101000010101111011001110110111110000
1110000111010010000111110010000101110111011111010000100001000110
1100011001001101100010100111110101101001110011011111101101110101
1001100111100001010101111101000101000101110000111000111100110101
0100110100101110000010111010011000010111011001000011100010100101
1100010101001110110100111000010100101000111001110011011010101101
1001010110100000110011111001010010110110010011010000110101010000
1001010001111011000111001110111101101001011000101100010100010110
0100011101001000010111111101111101100110110100000110111000111000
1110010011100101000111101000100001010001011011010000011001011111
1011001111010010111100011101010010010011000110001011111001011101
0011110110111010111100101000000001110111101100110110011111011010
1100100111010001100000101100100101011111101110001010001010111000
0110010010011001101100100000101010110011011011001110111001101001
1001000011110011001101001100111111111000110111000000100010000001
1011010110110101011001000000001111110000011010111111010000111011
0011010110111111111111011000001000111110001010100011101111101111
0001100110000010011001101001000110110010010010011000011100100001
1100111001100111000110101011011010001001111011110101011011110011
1010000000010001111011001101010001111101010101010000001100111011
1000101100000000001110010011111111010100010000111010110000000001
0100000001100110000011111100110011010100101101111000110001100101
0001001101010110000110000101110000100010111110001001110110100001
0001000001001011110001101111100100001100101001000010000101010001
1111010011101111110100001111111010000011101111011011000001110001
