1100011000010111001001111111101111111101111110011001001011000100
1101011110111101001111000101111001100111110110111100001001101001
0011010000101011110011101010001010011100111010011111001110101000
0000111100100001001101101000011011001011010110110110101001111111
1010011010000010110011101101011010011111111101001100010000011101
1010100110010111110111001100000110000101110000001011110111010101
1000011001100011111110010110101010110011101010100101010000000101
1000100111010101101010110001111101000001011101100100000010001100
1001010110011100010010111100011101001001100100000110101010101110
1110110100111100011110000101010101010100011110011100100001111111
0010001001100000011100110011000101100100110111101011101101000101
1001000000000111111100110110111011011000111001011011100100110100
0110011101101001111010110100010010111101011011110110001000000111
0001000010001010011111011000000011100010100110010010100001001100
1001000111100001010100101001011010100101011100001001100011010001
0010111000011010101001001011001100111101100010010000111010100001
1100010001001000111100101101010100001100001101001100101010011000
0100111010111001101111110101111111000011001000111101100101010100
0000011100110010000011011110000011000011100110001010111100110111
1101101001101000011001011000111010110101100000010111110111010110
0001100010101111001101100110110010101001011010111100101010110100
0010001000111011100010110101110001101011101111011110010101011101
0000000000111010110101100101001100110100000100011101111101110100
0001011111011000011010111101001001010100111111111111101001111010
0101101101101010000100011000100001011010001011111101010010011110
0001011101000100000111001110011111001000100001110111010101101010
1101011100111000101001011110011111101110010001100110101000011000
1111011000010001000001111100010101000101001000011100011000100100
0111101001100011010110101100100000101010101111110010111110111111
1011000011100000110101101010100100111111011110010001011111011011
1101010101110101111110110000010111001110001100111111101110101101
1100011001001100111010110100001010101001000001010000011001001011
0110001000110100111100110001011010010010000110000100001010001111
0011110010110110010011111111101010110111011001101101001110000000
1001111100010100110100111000110011000011100010001101001010000010
0101001011101010011011111110100001000011011010011000010111110111
0101011011001111001101101101011011110110111101000001001101000110
1100010100001110011110110100111110010001111010001001111111101100
1001110110000101101110111010111110111101110000110011000101000011
0100000100001001011111111000011011100100101000110011101110000101
0010001001011100000111001001100100110010011110111110000100110111
1110001110001111100010101010010010111011110011011101000111101100
0110000101010110110111001000111010010111101111110101101010000101
1110000010110010100000010011101011010001100111110110011011010000
0011100011100010000011100111111101101100010011111011011001100110
1100001100100011011010101000010111000111111001111111001011101010
1100101011100111011000000011011110100111000101011100011001010101
0100001101001111001101100001010100010000110111101010000100011111
0111100101001000011000110010001011100111101000111001001001011110
1001000101010111110101110110111101011010001011100010111111011001
0100001100000001001110110111111011000101010000001001101010011000
0110011001000110010000101000000001111000110110101100011101001100
0110111111000100001111110011110111010011111001111010010111100111
1000111000100111110000110111110101110110001010111010110101011100
0110101011000001100101010111110111001100011100111000011011101011
0010010011001110010011111110101100001110011000001101101000110100
0010010111110111100100101000110111000011111100001011100101001011
1000010001011110100011000110111001100110000011101000011001110110
0101000001001001011001001111000100101000100011100101101010010000
1000101100110100000101110110100010001100000101011111100000000011
1001000001110001011101011010000110001111011100111011000010010111
0110101001001011100000101010010101000111011010001100001011110101
1001111101000110011101110001011100011010011010101101111110001000
0110000000001101010010111011011111110101101001110010111101001111
1010100001000111001010011010010000111001011110000100001111100111
1010011001110100101000100011011000000001101101100001100001110101
1001000000000100110011110100001100100011010001001010110011011011
0101100110011010101110011000101000000011110011000011111001100101
0010111101011110100001001111000011100000010001011101010000101111
1000010101001101100000101001011111001011100100111111000110100000
0100001110111000010101111101000101111110000111000011000101011000
1101000001111001010111000101111010000110100011101110101110111010
1100000111111000011100101101111100000101110100110000011011110010
1101110101110010001110100001011100111001001000100111100001000100
0011110111000001011101110110110111010011101000000110101010010110
1011001001010000100100101101101110001001010101011110011000000010
1101001111000111011011001101010110101111101110001001011111100001
0110100111011100011111110100101101100110110111101111100111000010
0011100110100011001011001001111011001101001110001000110111011100
0011001011100111010010011011100000101010110100011101001101101110
1001101100010111100101110000100001111100100010000011000010100100
1001001100110110110100011111101001101010100010111101111010000101
1000100111110011110111011100111010111010001101111101100110101001
1101111010111110101000010111100111001101011011000100101100001111
1101101001111100111110101011101111101100111101110101011000001000
1010000000001010011101110010010101100100010011100110111100000011
0110101010110100100000010100110110011000101100110001000011101010
0001100100100110011010101110000010110111101000101001001001000110
0100001000111001001100110110111100000011001001110000001001010010
0000110110110001000100101101100000100101100000111101001010011101
0110110010100100001000010101000111011111011001001000011011010011
0011001011100100110110110101110010011101010100101001001011001001
1000100010101001011100101000000010001000001100101010010001001110
1011011101111101110111011000001001010111110100000111111110101011
0111000001001100011001110110000000001101111000000000011011001101
