0000111011101101010100001100000101001101110101100001111110101000
1110000100001100011000101110000110101111100001110000100110110100
0000010010100100011101000011111100001110110111100101011110111111
0010111001100110011111100011001111101000100011001100111010110001
1011101100100101001011011100000101001100101110000111100100011100
1000111000001000010001010000001101110011110010100111100000100100
1101010111010101000001001100100011010011011000111101101010101101
1100000111011000000010100011000110010101011001000110000011110010
1001110100000101000001010111011001111101011001100110111101101001
0000110011100111110100001100011010100111011000110010000100000110
1000100110011010011111110010011001011111010110011010011111100111
1010100101000101101010001010110100110011111100000110111000101001
1011111100000110001101110001110100111010110010000110000111101100
0110110011011011100010100111111010110001111111111110000001010011
1000001011011011011110000010101010100110101100111011110001000001
1110111011001010001101001110011001101100111101100110001001110110
1111110101111110101110110011110001110001100111100011111001000010
1100100001110010010111010110001000011001010100101000010110100010
1111100100011000010001100001001010011010110001001011100110111100
0001110000100011101101000000001011110010101011010011110100001101
1100111100011100100100111101110001100000110100001100011100010010
1111011001111000011110100000001100001101010110100010001010000000
0100011111000111010010111010101000010001100100010011100011000110
0100110011011111111011100010001010110110110110111100111010111010
0010101100100101101001001000001101011011000100001110011111101000
1101000111011110010110011100000001000001000011111101110111110000
0001000101010101101100110001100000001000001111001000101100110111
0010111110110001011101010010111110001001000111110101011010101100
1110100000100011000011011010110100001110000011000010101011011101
1000011001101101101101010000101110011101001101000011011001101111
0000111011000111001110000101101010001110110101010100111010101010
1101011010000001010110100110011101000111010101101010001100110100
1100010011010010000001011110000000111011011101101110011100100001
1011000000010011111010000110011001101010110111101101000110101000
0000110111111100100010101000100001110001111110101011100110110110
0110111100111010001111100011011100101000001110011100111010111100
1110000100000011000111110110000001110101101011000010001101101011
1001010100011101111000110101001001010000000101110011110100111011
1010011001011011001001001001001011011101011011111100101111100010
1010100001111010101010100010111111000000100111011001101111100110
1100101010011001110111001101000101000110111001100001010011011111
1000000101111000100110100010010100110111110101110000011101101010
0000001010000010110101110001100010101010101001010010010010111100
0111010010111000001001101001100010010001001110101111011111011111
0101000111110001001110110110010000000001001101110100101010111110
0011010101001111110111100110000110010110001011100011110000110010
1001011011010110000001111001110111001010000111100101101001100110
1101010010100000000100011100101010011001111001011111000100111001
0001111101101010101000011010001000000000010110001011101110100101
0001111101001100001000000110011100010001110011101010001111110010
0100010110110111011011000100100010100100010101111101010001100001
0101101000110100011010000111000110011101101100000100101100001111
0010011010110011011000100001100111101001010100000110101000100011
1110100010011101110000000110100110101000111010000001100001011000
1010101110100111010000100110001001001101010101011010100100011001
1010010110101010010010100000110101011111101100101011111001001000
0000110001000101001001001101111000001001001101100011000001111010
0000101011101111000111100001001000011000000011000000010100011111
1110101111110001110000100001001000110110010010000100000010101010
0010100000011101000111111110101110100111010011011001100100010111
1111001010111100000101110000011100100000000111010100110011010110
0011100000100011001000111011011010010100100001011010111101111101
1110110111111000100101000110110110011001100101111111010110001101
1110001000111010111011101101001010011111010000000110101110111010
1001111000111011010111001110000000110110010001011000101101001001
1110010100011000010101000001000000011001000000101011101011011011
1000011000001111100100111100011101110001101110001100110101100100
0010001001110001101111110000100110111000111000010110101010000100
0001100011101110101000111101010011011100100101000000010010011011
0011110110110110110110010010110111101000111111101010011000111001
0101010101111100001000111001010101111101111101110011110001011001
1000100001110001011101101000010101010000110101011000101000111100
1001011000001111001001111101010100101110001011010101101100000100
1000110000110001011001111001111100110101101110010000001110001100
1001110101110011001110111100001000001100101111000011000001100000
1001100100011100000100101010111011101000101010000000110000011001
1011100001111010100100100110100100111111010101000100100001110111
0010110010010010001111010111110010000001100011011010011111010110
0101011111000010100110000001111000011001000000111100010000101100
1000000000010100011100101100001101001000111010001000001000000011
0100001001110101001111111101011010011001111111010110111101010010
0111000010000101101100100110100001010101011011010111010100111101
0111100001001100000000111010001110110000111000000111110000011010
1000101101010101110000100011011110110000110000011101111111011001
1101111001111110101110110111101000011100100111000111100011010010
1001010111000111011011110111100000100011101010000010010001110000
0110011110110011110101010101110100010110000001000110001001001101
0000001101100100111001010000100100110010001001101100111101011100
1001100011011110001111110001101101001100101100111011111011010110
0101110100011111110111000100010011010111111111111110101000100110
1111110010101000110011110110000011101001100100011001111001110011
1001100010010001000001100000001100101010010100010100111110110111
0101101110001001101001110011110010101101110010010110101100010011
1001011010101110101001001010011011010101111110011000000010010010
1101010001100011011000111010001001001011101010111011101011000111
0111101111101000101110111001010000110000000010111111000101100100
1000011001100110011100110110110010000011000110101100001111000110
0000001001100110100111100101110111010100011001100100110100100111
0100000110010010100101100001011110111001110110111100000100111010
1111110011001100010001011000111011110110110011100011000000110101
0101101010000000010110010001101111110111110110001010101111010000
1001001111011110000110101111001100111110010000010110011001111111
0100001000111011111010011000110100110111001111110101000011111010
1110101101101101011101001001001100001111000110110100010011000100
0111010010101000101110011001001010110011011011000001001000000000
1010000011111101000001110110010010100100101001011111110000000101
0111111110001011111001001110010110010010101001001101001100110100
1001110100001011110010110011000111101100001110101101111001110101
0010100100111000101001010100010110010011010010110001001010111011
0011111001010011111101011000011000100101001010001010111110001100
1111100010111001111001010010111110110001111011011001000101111000
1101010000011010100110010110011100000101100100001110011100001101
0111101101101011000011010001110101111100001010100111111101110001
1001101010010101101011100101000111100101100001000010111111010101
1111110101010110101010101000111001000011111010101101111111011111
1101000111111101010111001110010110001011101011110010001011111011
1000000001010000101100011100111011111011010111111001100101110001
1101111011100100001100100110101000000101010001100111010110111101
1000011101100010100101100101100100111000010101101001101011011110
0010101100010110100001001000001100011110101001010100011111101101
1011000011001101100100010110100100101010010100101001001100000011
0100100010000101111001001101011110111100110001100101111010011100
0110111110100111011111001011000110000111101001011010011110111101
1111101110010010111011011111110110110010011111011010101010000010
1101001000001101100101111100110001111101010011111111010100001011
1101010100011100011110011110111011110110000101110100101000111001
1000111100000100011111000110111101011011000000101000000010000011
0101011101011011000001001000100100010000100001111001110000011011
1101111010011011001111100100001011001100111111001000100011111111
0001010101111010000101111111000010100100000101100011101101010001
