0101110111101100101001100101001000110000010101000010111001001100
1110011111110001010000011000011101100010101100011011001001011010
0101001001111110110110011010011111110100101011101011100111110011
1110010100111000001101011100000000101001101111111111011011101100
0000100111000101010111100101111110010010100111100100100001100111
0011010000010111001001010100010101001000111001010001101001111100
1011110010010101110100000100010001110111110110110011110000001101
0000100100100001000001011000110001110011010101100001001101000001
0011011000001001100010111101101001111001110101000110101011001000
0010001010100110101011010111111111011110000010011010001111111101
0011001001111011111101000100110001111010101001001100010100110000
1000000001001111010110011100011100101011100110101101111101010100
0101000100100110111100100000100110010010111000101101000011010010
0111011110100100000001101111111100000100110101001010010001000010
0100111110000101101111110100001011010000011100110011001111000000
1110010101110101011011101101001010111010110001111110000011011101
0000100101100111010001101010000111010111110010110001011110110110
1100101010111011100101100011011000111010100001100000001001111111
0111110111100111100000010010111101100011101000111011010110010100
0010110101110111011011101100111100101110000010111001011111011101
0110101011111110010100010101110100101101000000001100100101011001
0101110001000011001001011011001110100011011001001010110011100101
0100111101111100010100111110100100111100100000101100100100101001
0110100000011110101011100000010110110101010111000100100110011000
0100110001101110001010001010100011000111010000100100110110011110
0011000111011100010011011010100010000100110001111001001010111000
0100111110100010001010011001000011001110000010111010100011101001
0111110011110100110111110101110001000010011100011101111001100011
0010110101110001001010110110010101111101101111011100101000100111
0111101111111000001000111001101010000100011011110101010100100100
0001100000000000000010110010110101010110111110100100001010000010
1101100001010000011011111100111001110111000111110110000110010011
1111110011111001010110001010100010001000100011011101100111010001
1111001000010001100110111001011111110100110111000000000001100110
0000101100010110011101101110101000000000110110001111111010000101
1111110011111100101000010001011101001111110011100110000001000101
0001100011011100101110101001000110111111110101001100011110100110
0000110100101101100111000010011101011000010111010010111000001100
1100110110011111100101100000000001000110011011100101110010111110
1001010011001011100010001110101011100111010001111000101011110111
1001111110001011000010000011100000000011111011011110100011001001
1110010011100111100010000000010011000100111000111101111110101011
0001110001010100110100101000100010101000000011110111100001001101
1100101010010000000110101101011011010100100000000001111000000100
0111110101001101001000100000111001101110110001001100100001011111
1110110011000100100101101000111010111010111011001011101001010011
1000101110111000001011010001110111011110000101101000111110101001
0011101001111111101010111111010101101011110101100011110010001101
1100111101100111100001000100110111011000110101100011111111011111
1100010110000001000000110000101010010110000101001000010101110001
1101001100111000011000011010011000011001000011100110011101100011
0000011101011110110010010100001011100000101000000101111011110011
0011011011100100110110101001110001000101011000011111011100010111
0111001000111100100000100100111100001000100111101001011001000101
0111110101101010001001000101110010010111101001100010011110011101
1001110000101111110001101101000100011111010100000101111000010000
0011110010110000011100000101011011101011101001110010101111101010
0001010010011101010000110111101001100110101010110111111011111101
0000000001011100100101000101000111111000000000010111011101001100
1010000100011011000010111100100101100010000011001010010111000100
1110111001100111111011010000000000010100011100011111011101110010
0100000111001101010110011010111011011110010000011110011110100010
0100010110010100111010001101101000101111111101101011001000111100
0100111011001001011100111001111100010011100001110011000000001100
0010010011111011110010010010011001010000000000111101001010111101
1011100001110010001111111011111110111100100111110110100111000100
1100010010111101101010000101101000001011111001001110111011001000
1101111001110010101100111001001011001011111011100001010100001010
1110011100101011110000101100000001101011110111101011100101110010
0010000001001010100011100110101011010010110100001110001111110111
1100011001000011000101001011001101100001101111011111100111000101
1110001110101100101111100001011111110001010000111010101100001000
0010010000011011011000111101101001100001000100011001001000001100
1010100101010100110011111000011000100000100100110111111111011000
1110110110011101101101100010000101000011101111100110101111001111
1110010011111100110100011010100001111110000110011110110110111011
0110111010111111100001001011001111011010100001011000111011000000
1011001001111011001111111011100111011011011110111011000110011011
0110000010001101011011010011111000000100000011011001100100111010
0101000001001100001111111011111010010000010001101100101001000011
1000110010111111100101110100011101001101101100100111010011110111
0110011111001011010101101101000111010010100001110101010110000010
1000000111110011101010011010010101101111001010111010010010110100
0110111010111010001000011100011010101010111101010001110001111100
1001101110001000011101011100000001100001001000001001111110100010
1100101000010001100100110110111000111100001111000101101010010010
1110011100001101000111110010001000100111101010101011111100011000
0111101010101110001011100110000110110001011111110100010011101101
0010000000111001011011111111011011110010000111001110010011101010
1110101101011111100100110101011010001011101110101110010101101001
0000100001000011001011010011000001010110110111011000011000001111
1101101010111111001010001011100101100110100111011101110100000000
0110111011000101111001101100000010100001101110011001000110010111
0110001111000110100101011100001011100100110000011001000100100110
0100000010100000100101010010000111110111100000100111111100100001
0111001110100101010011001000111110100011010010110000110001100100
1000101100111001100010001110001111000101011111110010000100010111
0110100111101101000001001010111000001010101100101100110110100011
1111000100111011101011000110110011001001000010110010011010101010
1110011110101100110111110101001000000001110011001101000110011101
0100010100100111010010001111000001000001011011111011110010010001
1001110010100011111110011010100110001111101111010111110001111111
1111001101110101011101001101110010010001101011101010110000001011
1100111111101110101110101110101101001010011100010001100100001001
1110100111000111011001010110011011110011111000111111010011101100
0110011011010000010111010111011011000010111100110001110110011010
0101000010010101000100001100110010100101100110011000010001110010
0000100011101010010001101101001111111110111111101011010000010111
1010111001100111010011100111011010001111000001100101010100011110
1001100001110011000100011111111011101001010100010010110000101011
0000111110101111100001111111011111101010101001000011110101101010
0011101101000010010001011001100011011000100011100010100110111001
1001111111001000100111001101100001110100111000011011101111100100
0110101011111111100110101000011001001001101001111001000000001100
0110000111111110010000001111101010111000000110001011100100111100
1111111001011001000111100011011110101011000010100100010101100001
0100011101001110110111111000001100001101010001011110010000101010
0111100100000001111011000010010000001110011111111110101111101111
1101011100000010011001111111000100010110011010011011111111011011
0000000101110000011100101111100000001101000001010111001010110100
1110010110111110100100010000011000001001000100100010111101101100
1111000000010011011111001010111100001011001111111100111001001101
0010111110111101011010100100111110011111010101001011111001110001
1101011010100001000010010000001100111111011110011000100010100101
1000010011101100011010100110000100100100000001010000011010101010
1101110010101111001011100010000101011001010100001110111010111110
0010101000110110000110110100010001100001000010101110101100111100
0111010101100100110011111011011110011100101000111100100100001010
1010010010010110100010111101111110000001001010010011111001111111
1111010100110110010101011101001001001001101100011011011000011001
0110110110110011001001011111101000001111001100111001001100000111
1101111110110001000000011010011100001000100101110101010101001000
0101111110010001001011010011100100100000011001111001101110010111
0111010001100110011011001010101010110100000111100100100000110100
1110011100011111010000101110100010111000101001011011111011111001
0101100000000110110100010111110111110100000001010110011011111001
0000111101001101011010111001110001010110100010111010101000011011
1001001010100110101011001011000110100110101111101011000001011000
0011000010101010000111010010101100110011010110111011111010010111
1101011011111011011000100001000000010111001011000101011111001101
0101001010100011010000111111100111111010100001000011010110010110
0110001111101011001011010000111000101101010111010000010010000010
1011010110101000110111100001100000010100110100011000010001001001
