0011001000010011010100101110000110001011110000010000011100000101
0001001100110111010001101111110111111011001110100011101101110011
1110100110101111000001000111100001100110010101000110011111100110
1010000110010000110000011110110111001011111010001001001001111111
1000110010000011110010001101010111010001101010111110111101000000
0111000111010100111100001110100010101000111011010111110100101010
0011110001001101101100110110101011110111010011101111101001101000
0111000101011101100110011010111010111111101110110000011101101100
1011110111011000100011100001001010001100001011011000111110000000
0101101001100000000110101001100011110110110010111111011111101010
1100001100001110000110010101011100100100101011110101101111110000
1110111000111110110101011011001011101001101101111100001000001011
1011101011101101110110110100011011111100100001111000011011110000
0011011000101001001111110100111100100000001001010101010110000010
0011000001110011100101101110001010000011111100110001001100000010
0011101111100100100100101011011101010100010101000111100101110000
1100100111010110000110010000011101001110001001111100101010111000
1100110110110011011110111100000110110011111001000110000101101100
1000101011101000001111111000010000000111000011110000011011111010
0111110110011100001000000001101001000110111110101001101100111010
0010101101011001001110101010101011110110100100000010100001000110
0100001101001000101111000110001001110100001000001101111111001010
1111110110111110111010000100111100001011001101101001110011110000
1000111011101000001000000011111001110110000110101011010100011001
1101100101000000100001000011010011010100110011000100010110111111
0101000010001101110100111011011111000101110011011110111100011110
0010101111100111111011000000001110010111111010110100011001011001
0001111100110011100001101011001110111101000000001100110000100101
0010110001100101101110110010100011101101110001111011001100000000
1100001110010001111111110111111111001101001000001101010101011110
0010101110100110100010010101011000010111011101110001001001100110
1000001011101011100110001101110000101000101111101100100111011111
1100101011001100100111111000001111001110010111101011111101110001
1111001111000010010111111011101010000110101010011000100101000101
1111001010001111101010000100001111111000101010100101000111000001
1000011011100101001111000111010110110000010000010111110011001111
1111101001101110110010000110010011000100010001011010110011100010
0011010101111100011000111010101110100110000101001111100010001101
1000000011010111110010011100101101111110011000111010001010001100
0001111001010011111010010011110001110011101110100100001010010000
0011000000101100111101100011100000111110110001101101111000010000
0010001000010111111111111000100101101111011110000100100100000111
1101111110001101000000110011100000011110010111000100011100110110
1101000101011001111000100010110111100110011010001111000000001010
0000101001101101101011001100010010111010011111000000001101010001
0010011110111111101100011000011010011001011011111111100100111101
1100000011110001110011101011111101100101010110001001110101111110
0011100110101011000110010111101011001110000000001011000011000001
0011101010100000100001011110110100011100001010001101000000101100
0110001100011001110101010100100101100100100100110100010010000001
1111011000111001010110011111011000000000010100111001011110101010
1101110111010100110100101100110000001111000010110110001001100011
0001011111101000110011110111100100011101101000011000100111110011
1000000101101110100110101111010011111101101011101110011110101101
0001111101110000000010111110111001000010100100101110110000110010
1111001011100110110000001100100010001110001100100110000100001000
1000111001000000110101010101000111110011011001001100110010100110
1110111110111110101011000110110000001110000110011101011011010011
0100101111100010111101011001111111001110000010100100011001011001
1111101110100111010110010101101010111101101011101010011101101000
0110101111000001001111110110000000011110101010011100110001100101
1100000000011011111101111000101100000100101100001100001110000100
0101001011000110111111100101101001100110010000010111111001010101
0111101110001000101111010011011101110000010110100110110101010110
0101111000100101011011001000101011000110000101111001000010100110
0101011110101100101101110011010101101110001001000101101100000111
0010000011001011110011100011000001000011001010110000011000010111
1001001000010100000000110111101100010001010010100010101100011101
1000011000111110001110001000111010000010001110001001011100111101
0111111001000000110110000110010000111100010110100011000011101001
1000110010110001100101001100000111011010011001011100100010110001
1111100100010001001000111011011011100110100101101001010010110011
0000011001001111010001101001111100011101110111001000010111010010
0000001101011111010101000011111110100010101100001001000011110110
0101000101111000000000010100011011000101000101010011111011010011
1000100111011100011111101011101101100111100010000000100000011011
0000100001101101001010111011110010101110010001111100010101001011
0001001011011000100001010111110001111000001111011111110101011001
0101001011010010111011100011100010101000100010010010101100000111
0100001001110101011010010010000010111000111011110110101100111010
0100101011100100101101111101001000110001000100110110011110000010
0101010011001000111001011101101111000110101111100011111010010101
0010111000100111111111100111100010001010101000011001111111011111
0010110001001010001111001101111110100011001110110000010101011011
1011110110110000000110001000011101011110110110000010111111011011
1001010110110110110101000101100001110001011010110000110110000010
1001010111000111011010001010001010001100001001100010110000001111
1010001011101110011000100110101111101001001110101001001011111000
1000100100001100000100001000011000111001110110010111101010000100
1110111011010000001110001011110110010101111101111101001000111101
1010111111111110100100011011000011100011011001101111100100001010
0010100100110011111101001011010111011100011101011101111011000101
0101001111011010011001000011000011100001011101001100011001110110
0000001100001001110110100111110111101000111001001011101011110110
0000000011111111100000111000010110000100010101000111100011010000
0100001100010011110011110000011110100111000110100100001011101001
1011011001100111010011001010010100100010001011001101011011010011
1001011011100101101101000001000101101111100101100011010111110010
0110101101000011100100001000100000011101110001010001010010111001
1011100011010000000101111101010110011110100010101110001100010100
1100110011010100101110001001100000101110110011000101110101111110
0101111000111010000100111101100010111111110001000011101000001100
0100110110110101100001111110111000111000011100001110000111100010
0010110010110011011010001101011011101010000001111111100000110000
1100110111000010100110100110000101101100100101100011110110110000
1011001100000011111001001111010111001100000111110111101001000011
0000100011011100010101011111101011110011100110101001010001100110
1000111011010000001111110011011111100011011100111100101010010011
0101111011010100011101001011001110100001001010110110001001011011
1011000010111100111100011100111111011000010101111101000000010111
0100101011101110001110110000101011001111001110101100100010010111
1000010111001010100001011110100000000111100100000011011011101011
0101011100100001011000101010110100101110010110011110010100101100
0100111000010111000101101000011001111001100111010111011000010001
0110110110010011110101010100110100111100011100000111111110100111
1001000001000110101011010111101100001101011110001010101110011001
0000001011010001000010110101110101100000001010111000110001101001
1100011001010000011000100011010111011110101000010101000100000001
0011001001101011100101111111001001000010001101000000110101000010
0101000101111110101110000001001000110011100111001011001010001000
0100100001000100010111001110010111010100000110011000110000101010
1110000000111001110000010111101111111110000101101101101110101100
1001110110000010111010011001111000000111110000100010110101001001
1010101001001010000111101110010000111111101100111101000110000110
0111011101111110101000101101100011000111110111111011000100101000
1100110110111010000000100101010001101110010001000110111000001101
0101110011101011011011101111011110000010011001000101011011011111
1100100000010101100001010100011100101101010110110111000010110111
0000001110110010101001110000011111001011100100001100101001110010
1111100001011000011010100000001100111010001000111110000100101011
0001011010100110010100101110000100010110011110010100110001100100
1000100110011000100101101101001000011110111011010110010011000001
1101000110000111010001100111010011010111011000111011111110001000
0011110110010011011111101010011101101011101101010110000111111100
1000111000111001110010010111010011010110101000001111110110110111
1110011011001001000011101001000111100100011000000110101101000011
1100110010110011101110011101100101001100111011011010000110000111
0111010111011101111100001011100101110010101100101001010011100110
0000111100100110011010011010010011111100000101011111101100010000
0001010010111000100110000011001110000100100011110011001111101010
1101111011110110101001000010001111111001101011000010101110001111
0001101001001010001101011100010100110000111010100101101010000110
1011110000000111010100011100111100111001011000111100110011101010
0110010010100110010000110100110001110110001110110011000001010001
