0010000111110001010110111110100110100001110000010110111110000100
1001111010001001000000110011001000011010000111001111011101100100
1011110100101101000110111100011011110001100010111110010010010001
0110001101110000011011000100010001101000011011100110110100101001
0101000111101001100100011101111111000000100110000001001111110000
1111100111010101010100000000111110010010101110110001111010111011
1111000110110101101101011010101000001111100001010010001101110101
0000101111111000000110110000001100000101011110011110101100101000
0010100101110111110101000111001011001001110100110100000010100101
1000111001011100001111100100000101100111100100100000110111110010
0000010100001111110111101110111011001000000110010101111110011001
1001010111000000010111111011100100100010101001101000000011001010
0001100101011001101011101000011110101010000100111011100111000000
0101011100100010111011000001101100101101100111010111100100111101
1101111010000111001110111001100110111100111100100011110000100010
0100100010010011100100100100110000110010010000010111011010011111
0011000100101100101110011010100010011101011100011011101110000101
1101100000000110001000001010101011001100111000111000000011100101
0011111010010000101111110001110101010101110111110011000010101010
1111110100000000000001111110011010000110100001100010011010011111
0111101010100110101111100000100000101111011011011001010000100001
1100101100100101011010110101101101100011100101101111101000011111
1100111001000000010010100101000110001001101010010010101101001011
0100011000110001101011101001101000001000011110101001100000110001
1010111010110100111101100011111010010001101010010010110010101010
0010110100110110001000001100101000110101010110111100001101101111
0100001011101111110011100001011000110001011111110101001100010000
1000001000010101100000001100110100110100010100001100011001000000
0001010011110010100011100111011111100010111011111010111110101111
0101100001000011101001011010100010000101100100001010010101001010
0011111111101000111111111011010110011000011011110111101101110101
0010000110110000101100101000110011111011100011000011001000001001
0001010110100010100111010001110111011010101011011011000100111000
1000000011010010011111101010110001100111011000100010101011101101
1110111000011111010100011000001001000010001101110001101101111100
1011111111100001000001110011100010010000010001010010100001011100
0011110110111110001010001010000100101110101000001001101001010001
1000111100000010111111101011001100010111101101011111100001111001
0010011001010101001101110011000000011001011101101010011110010111
1000001011110000100100111011011101100000111010001010001010001110
1101110011100011101101101001000000101010011011000001111010101110
0110101110100110000110001101111000011010110000110101111001100111
1001101011110001001010100000111010110110001110001111001000101101
0000110011110010011110000101001011110001010001011111000101101100
1000001111100001001110111100111000100111100010110010001111110101
1001001000000001100111011100111111100110101101001011101111111111
0110000000100101000111010010000000010101011001101000000100100000
1010011010111111110010000010101100010010111100001110111010111110
0100011100000001011110010100011000001011101001001101010010110001
