1011101111010110100011000011010011111000010011111100111100110100
0110000110011101110100011101000101000111011101100000101101000100
1000111010100001001010011011000110111011111010010101101011010111
1100100011010010011000010110110010011001011000101010010011000110
1101000001000011111001100111111101110101110101001100110011101011
1101000110011110010110011001100001000101010000101110011000011100
0111001001111110010110111001001000100010111010101101100001001111
0100111010101011011100010101101000000111101110110000010100000100
1110101111001111110111001001011001010011110010101000010101101011
1010110001010001011001100110111010010001111011010000011101011001
0110110011000010100101101011110001001101101110011011000111111010
1110011100000100101011100110101010001010010010001001001100100110
1100101101101100001011101101111001111100010010111101111110010011
0110001011000001111101010110101101000000101000011101110011101111
1110100011010101111000010001000101111000100000110101100010000100
0110000001110001110000011111101100101000011100010010100100001001
0011100000101101000110010010001110100100010001001000000110001111
1001101001111110101100001110101100101010111100100010111010001110
1010001001011111101010111011110011010010111011010000000101010000
0100001010001000110011100001111001111010010001000100010011011001
0011100110111100001110010010010101101001111011000001001010100001
0001010111101001011001101010010000001001110010101111010001110110
0000110110111100010111011111000010001011110001100101010100111100
1001100011010011001001011001010110101000010101110001010111111001
1101001100001101110101011000111001110110101001010101101000010101
0001010110101111001110110011100001000000101001011001010101001101
1011000000001101010101110111010110110111011101100010011000010001
1011010011111000011011011000110000101010110011101101011001000001
1000010100101000000010000110010011111100100000011001111001110111
1101011001101101010001111011110011010000010000110001110101111111
0101111010110101010110000001110111011010000110000111110101111011
0100111101101000111110100101011101101100011100110100011000101101
0011000111011011010000001011111010010011111000010000000010111010
0010011011001010001000110101111100000100001111001011001010101011
1101110010111011000000100011010111001011010000001110101011111111
0100110011010101110001001001011001110011001101010101011111000001
1100010100110111101001100111111111010001110011101100101010111101
0000001011010110001001010101010100011000011000111001101001000010
0101101001100110010110001110101101011011000110110000000000101011
0111011010010100001111100110110000110101111011001011000100010000
0111111011101000100001011001011000000100011010111011111010100111
0011101111110110110100101000000111101000111101010000100111011110
0101001010111110000100011111010100011011000110010001111110001010
0000000000011111001101000010001001100111111001011111011100110101
1111001010000000111100001000010100110000110001000101100101110110
1100110111011110100101001100011110000110100001110000000101011001
0001010000011000101111001111111101111001101101111000000000110011
0010110001101000000101011011011111111100101010000000100000011001
0110010110001100011110000001101111100100010000101111010000111110
0011001001001000100010001100011010101100110110001110010011001110
0111001011011011001100000010111001001101101111011111111111000100
0100001011001100010001001101001110000100001100001110011001110000
1010110010101110001010101000010110101000101001111010110001011011
1000000110011100010100000100000110010111110011011100101101100101
0010010010111111111001011110100011000010111011100000111101010010
0010100001110001011011110001111010111111101111100100101011011011
0011000111010111011100010110111111010010010010010001000010101010
0111100001101011011111000101101001010000011100111111011101001010
0101001110001011111010110010011011100010011000011001110010100010
1010111100100100011101111111000010000101010100110011111001010111
1011100010111001000110100101010100011111011100000010111110101110
1000000111001110101110001011000100010001010010000100000110100001
1110111000101000111111110010101001000110001001010100111001101111
0001101101001010110001010010110110010110001011011001101001101000
0101101110100101100110010011101011111111110011100010110001101111
0111010110001000101010101100100000010011100100110101000100111100
0011010011101001110101010100010001000101010001100000101101001000
1111010011010100100111000011010010111111111101101100101111100110
0111011100011110101100101100001011010111000111010110111101001001
1110011000011001011010000110110110000101010011010000010111010100
0111100001000010110011010100000111100011111100010011111010110101
0011101101110100011101011011011101011001111001100110001110110111
0110010011010110001000110010000011010010100100011011001110110011
0010010001011000011100010100110111101100001010010001010101011000
0000001000011001001000010111110011010101111101010101011000101111
