0011110110110100000011100001010011010010101000001010001010000011
0110101110110011110100110001010110001010101110100111011100101000
0111110001000110010011111101001101001011011011011100100001101100
0010001011001101101111011001011111111100110100011110000011100000
1010101011100010111000010110111110101001001111000110100110001010
1010100011001100001110010101011010001100100011011101100111000110
0010010010011000000100010100011011011110000011010000110001101111
0110011110110110011111100100111011000101100110011001000111001101
1110101100111001001111101001100011101100011101011100111111101000
0011001101010110100001010010100110001001101101101101100111001110
1111010111010001000001000001100010001011111111111111011100001110
0010000011111110101000111110110111100001011100011010111100100001
0111111011100100011000101010100010000110001000011010010011111111
1001101101001101111110010000011101011100001010000000110010110000
0001011111010010001000101110010011011011110111110001111101001110
1111111110010100001001010000101111000100001011001100010100101000
1011000111001001011111001110011110001001001110001010111010110001
0011010000000010000001000100110100100001101000100011100010100110
1001000110011110101011101100100101001001011000011100000111101001
1101110011100111000010111101100101111000011111000010011010101010
1110110010000110111001000100111110000011001000100111000011110111
1011000011110011000111110101001001001011111001111000000001111110
1010111110010010000101100111000010000001000000000000110010110100
1110011011110100000101000100011011110010010001010000011100001010
0001101011001010001011011011001000010011010110110111001100100110
1111011100101011001100011011101010001111011011011011110111110011
0011011010001000000011001100001110101110100100010000111111011010
0110011101101011100000100101111101111000011010010101000010000100
0100100000000000101111010101010111101111000010101001110011101110
1101001100111011110111110000010010000011101110111111101011110111
0011100000000010001001001001111011010000011000101011011010000100
1111011011010011010110001001111000110110100011100100101111011110
0101110011100100010111100100010010100110001111110110101011100010
1001011000111110110000001111111110110010001101111101110100111100
0001100110011110011010000010100001111011110101111110001110001000
0000111110000011010111101001011101000100010101000011010011011101
1111101111110101000110000100101100000000011011001101110010110011
1100011100011000110111001000010010000111100001101001110100010110
0111000010110011010011110111001110011100101111111111001011001001
1010110011011010001001010100011101000001000000000011010111101101
1011010100000011010100000010001100011001001001111000111111000000
0111100100111010011111101110101100100001111000010001000001010100
1111010001101100010000010011011010000001110111100100001010100011
0100100111111110010110000111000010100001000111111100001011111010
0010110010110010010011011011001000110011000100010100110001111010
1010101111000000101101101010000100110111001010010011011110001110
0100110110010010100101111000100110000011000001011100010101100100
0000100110011100000111100000100110100101001110001001110011011000
0001010111010100101001001110111111010001101011111100110000101010
1100101110100110011011000010100011000001111001110111010001010010
1100111011110110110011010010111101110101100101000111000001110011
0011111100100100000000100000010100110000110110000000110001100100
1010101010101101111011010010001111001001000111001010001110011000
1010010110011001111001110001101101101110001000100011110101010111
1111100000110010010010110100010100110000011001001011110010110001
0100110111001101100000111101110100111111101110110001101010000000
0110110110011101100000101001001100010010000001000111101001100000
0000110100110101011011001010001011000011100100001110001010000101
1010000001010001111110010001111000101111001000111111100001001001
0110110011011101011000111000001101000110111001110000111000110000
1010011001000010001110011100001110010100010101100111001010110100
0011100011001110111010000110111111100101001110010010101110000101
0111011011010001011111001000110110000100101001001011001111110101
0110101110000110011101101100000110100011011001101110001111100001
0100111001101100011111011010000000011100001011111001010100000011
1001001111000101011110010110010110001111011100010100111011000110
0000101100010010101110100010010100001101110111111000000000101110
0001010100111001111001111110100000111110000011010100101110100110
1000001110101000100110010000000101001101001011110110001001000101
0110001111010111111110000001101011011101101110110001000100000011
1111011111111110100111100011110110000101011110111110011111110110
0110000101010100011001100101000110011010110011111000111110111011
0100010001000101111011010100101000000011010111111111101011110111
1000110111011010110110111001110001101010011000000101010101110010
1111110000101011010011101101100101111011010010100010111101001100
0101000111000010001000110000001100001000000111101000100010010110
1001110000000010110000101000001100101110000110010111011000101101
0101010011001010111111010011111010010011111001101010111000000011
1111101011111010100101100011110010100111000111000011001101011101
1001000010101010101101001110101101101101011001110010101101000100
0011001011111101110101000110101100011011000001001100111111001011
0011101010000010110010101110100100010010100010010100111111111111
1000101000100001110100100101110100110110101111010110001001001100
0011010111110000010100010101001011011100110011110101001010100011
0000000010100011011000000101111010010011110111110111010010011011
