0001000000001001001001110101100101000101101101011100110100011111
1111110001101001100110010011110010000111001100000110011101011001
1110001001111100101010101100000101101011000001010111110001111001
1111001001100000111000100101000101000000110111001110111011100110
1010110100110001111100110001110111100000010011010100000011110011
0001000000010111001010101110001111011001010100100001101100000110
0111100010001000110101000101111001000001000000011110101010011111
1000000110010011111101011110011111101110000001110010111100000011
0110100101011100010000101001101010111010000001111010011100000101
1110001110000100000010101110011110111101011011110001010100111011
1111111011011110000000100111101100001111011011110110110101101010
1010110100000000100100011010110001110001010011011001110111101000
0111101011000001010011100111101101011100000011101110011100101010
0000111110111000001100000010001011011011011111111111111010000001
0001001100001001001111000010111000100011011111010000110011001101
1111010100101111101000000011110101000100011111000100000010001110
0110101000010010100010010100011000001110010001010011011100001100
1010011001000100000101000000110011011010101100111001000010011011
0011100000010000010101000101100110111110100001001110111000011001
0000100111000101010111011111010100001101010000111110100101101101
0001010110101001111111000101010110010101011001000101100001111111
1000011101110011011011000000000110111000010000111111110001001101
0111101111000110101000001011000111101010001100010111101101111110
0100001000100001001101010001001111111000111000001101011111100010
0100101011110000101110001011101011100111110000110111110001100100
1010011101000110000110110000011001000101111100010000001101011001
0011100001011101011100101011011111111111101011000110000100000010
0101110110111101000111000000110001010011101000100010010110100001
1111011011010100010100101011101001011011111111110111011101011000
0110011110101100000001010010100100100010101000000111001010011011
0000010111010100011011000011100100100011110111000001100000110101
0111011001110111001010110110011101101100000001100010011110010100
1011100011001011010110010110000100100011100001001000101011010010
0101000011000000101100101100000010010001111100110010101101100100
0000011100101100100011101011011000100110100010100001000101100010
1001101100010010010110000001011111000100110001100111101011100000
1011101100010010000110010010001111100110101111100000011111110101
0100101101111110110011000001000011000010101101000010110110101000
1000001001000010101011000111001111011001001111000001110101011001
0010100001010101110100010111011100111101001001001000111101100101
