0110101000111011000100110010101000001111110000110011011001101110
1011110010101100000010000110110000010110111111001010110001011101
1111011110000001101000011110111110111000011101110010001001000101
1011011111000110000010001111011010011110000100101110011101110100
0010101011110110101111000101001001111110111110100010010001001000
0100011001001101000000111101111100111001110001011110110100101100
1101100100111111110101000110010100011100111011101000110101100100
1111110100011111100101010100101110101011101110100010010110010110
0011011000000110001010000111001011010011000111000100110000100101
0000100101111100011011000010010100110110001001000001000010101101
0110001110111000101011001111111100000000010100111001110010011110
1000000110101011110001100111011100100010001110010101000000010111
1110001101110001011011000101111001100011001111001001100101101101
1000011111100000110000010111111001001010001010011010110100010000
0011011111111001001001010101100111111110000100111101010111011011
0110110111101100101010011110110110011110111011010110001000001101
1000101111000011110011101001100000111100011010111001101001110101
1101100101000111011000101010010000110110001110101000100111000101
0011001001001101111101101101101010000010011101010001011110011000
0111110100000001100110110101011110100101000110101000111000000001
1100100110011101001000011110000110101001011010110011111110000111
0010110000101011111000110100101010110110101110000000100111001011
1001011011001101100010100101001001010111011001101101010010000010
0000010001010010001111010000011101111101001000111100000111000100
0110011101001100010110010110111011011011100111111101011111110000
1010111001001010110011001010100110111111110011010011011111011001
1011010000011010100001110110010001000010111011001001111010010100
0001000001111101010010010001010110111000001100011000101110010011
0001001011110100110110011101010111101111111000101111110101110100
0111011100110110110101000001011110100100101110101111101100101101
1111010001110011111001010100010011010111101111111000010000000110
1101010010101010001011010010000110001110000000000010100000001000
0111110010111110010111100011010000101011101111000000001101101100
1101100000010111111000110001101000100001000010101001110010011001
0101011000010010110000010000000001110001001110010001111001010100
0111010011011100100111010001000100010001110111100100100101001111
1101011010101100010111101010011000001000110100001010111000101111
1000111100100011110001100100010011100101101010100111101010010000
0100001111100110110000101111111110111001100100011111000101111110
1111100111011000111101001011110111111101000100100110100110001110
1100111111011010110010110001111001110110000100000010001100001101
0100010010111111000110001101000111100100001000000110100000100010
0010010101111001101101010000011101101001111101001011101101111000
0000110100011010011101111101011111001101001011100101001110111010
0100011010001000011000100011000001111000111110000011111000011111
0100101010010100001001000110010110001001110011101011101111000010
0011110010000011001111101100011001000010010101111100011000110111
1100010000100101111110110111111010110010010001111010100000000111
0000101000111011000011011100101101000000110100101110000010010100
1000011110000101010000101110001110001000000010111010100001101111
1111010101010100011101100101110111000111101010101101000010001111
0101111100101100100110011101100011010111001010011101011110000101
0100110100010110011001010001111000011001001011100101111101010010
