1110010101001000010101011010100111100111011101011101001111111100
0100010011101011011111111010010011110101111110110010000010000101
1101110100010011000111000011011110100101110001110101101111100000
1100000011000000010000000001000010110100100101110000010110010011
0000101100111111110001100000100111001010001100101000110011110011
1010011111001001000101100000100110000011000010011100100101100011
1010001010000011101011101011000111011100101010110010111111101101
0010111000101111011110001000010000000100000100001001100100100000
0101101000010011111011001001011111011110101110101100100001111100
0111110010111111010110110001110111000010000101100110111111000011
0101111111000111001000001111001100101011111010100111000011111110
1110101000111100011101111000000101110110011101010111010100000111
0010101100011011110001100010110011010100000010110010001101100101
1000110001100010110011010101001011110010000100101000110110010011
1000010010101000001100011011111001010000010110010001011011100100
0101011111001000101001011010010011010101100101011011110000011101
0000010110100111011100110100111001001101101010000111000101100101
1000100010001110001011010110010001011100001100111100101110100000
1011111111001110101110011001000011010010110000110011110011000100
0100100101101110111101000000000110000010110011101101010000001110
1100010010011001011101101000111000001110001010011111101001010011
1000100010101111010100001100111100100101001010000100100011111101
1100010101110101010100000100110010100010011001001011110101110011
0000110101000110100110010110110110100100010001110000111011011000
1111010000110010110000001010110011011100100011011011100100101100
0010100111111101000000111011110001000000110011010001111001000101
1000100011001001110001001101101011110101110010111110000110010101
0110101110010001001010101011001011100010101100100010100110111011
0001101010110101010101101000101110100110010000011010111100011101
1100000000010110101001011111001010101110001001111100000011001110
1000100100001100101001011011011010111010110010101100101100000111
0000101011001110100100001000011010001100111110010001111001111000
1110000000110110000101101110111100011011000111001001101101101011
1010111100110111011010000100101111010110010011111010011100110000
1110111000011011100011110011100010011000111101010111010000111100
1110101000101000010001111101010100001110110001110000000111000010
1101010001111110100110110000000001111101101000000110100110001111
0000111110100000110101101100110010011001101100101101011000100010
0001011101011001101110001010000110000100000101111110001001111000
1000001011100011111010111110011101111111001110100000001010101100
1100011000110111101101100001100000010000000000111100010011101100
1000000001001000110000110111110110111001111110010010100110110100
0001101010101100011100011010001100011101000000101011101010011110
0111100100000010000111010111100101111100100011111110100100011101
1010101110000101100001111100110001101001110010011111011110100111
0010111010011111001001110001001000101011000000110000110111000110
0101010100101100101001111111000111001101001001100010101000011011
1110101100011011110001000111001110001100001111101000111100000001
0010010000011100101001101111010000001111101000110111110111110000
1110100100101101001011000001100001110000010011101100110000001110
0110100011010101101011100001010110011100000011011011001101100000
0011101111101001101110000010100111101101011000111110001101111111
0101001111010100101111001100010100111110110111010011100011001111
0111000010110101111111000111110101111011001101110011101011010011
0000011101101110000011010111111001111110010000001011110101001010
0110000100101000010100100011111001000101101110011001011010010000
1110110011011111000010011101000101111101101010111101010110101011
1001000110111101110100100001100100111000010000111111011101101011
1000100111011011010000010110010100101110110011010100111011111100
0000001010011101100110010001110000111000110110100010100101100111
0010110000101101011100110100101100000100111000001111001101011001
1101110001111110101010000111001111110100001001100011000111010110
0110101001101100010010110001110101100110000001011111010110110111
1011001101100100000010101010000001000011111000100111011000101100
0110011010000010001000110011100001110011110111001101101001111101
1000000010010101011111000011000101100101110111110001100000000101
0110001011000100101110001101110101101011101111011100101010011001
0000101110101110000111110001100111100010100001011110101000001001
1000100001000101010010101110000011000101011001111001000001110101
0010001111101010110001011100111000101000011100010010010100011101
1011110111011000110100110000011010101110001000101110100100101100
1111011001101001000110011001010011000001100101111000101000000110
0001011100100010011010001010110010100110100101001111001100111011
0111011001011000111001101000101011001100000011110110101110000001
1001100001110010010001001101010001100111100111001011100000110110
0101001001111000100011101001100110000110010001011001011011011110
1001110000111010110101110110111011110100110101010100000110111110
0100111111110111011001100101100011011111010001001101000011110001
0001000010000011001010100111111111100100011001000000101000100110
1101011110111001010011011110000000001001000100011010110100000110
0100101011100010111011011110110001100100111001101011110000001001
0111100001110001110011000010100001110100011000101010001001011011
0111110110110011000001111110000010011101010011001010011011000001
1010010010100001000000100001000111011011011011111100010111000110
1100101000011101001011010100110010001011101011011101010011010110
1010101101101110000010111010101100011110110000000000100001111101
0011101100000100101010110001100010110100100011111000011101110111
0101111111110001011100100001001110011011101111110000100010001011
0011011101001000110100101001111111111111101000111001000110000011
0000000100010001101110000101110010011010101001010100001001110001
0100111001101101111001101010000000011100000100010011100111100100
0010110110011111000101101011001010110101001011000011101101011110
1010100111100100110100111110011101100110110001110101001110000110
0011010011001001001010000000101010111100000110000111110111111100
0010011111000010110010110110101111101000100111000000110001000001
1001010010000000000111001111110110101101010111010010011100000011
1010001001110000111001000011110101110000010101000011001100010000
1111110001001100011100101001000000101010011101110000101111101001
1111011011111000100000100100101001010001000000101110101111110001
0000011010101110101011111000101101111100000111101001101000110001
1110011111000110100110111100111010111010000111000110001011001110
0111011100010111011000110101100000101101110011100011111010111011
0010100010100010001001101011011111101101110011001100111011101111
1100101010100000001000101001000011111110110100000011010111001111
1010011000101110100000110110101110100101100111000101001101010010
0010011010011100111100000001110111010110000111101010100101110000
0000000001010100100110100011011000011110111011011011000011100110
1101100110111001101100001000010110101000110111100100100110011011
1110010001011000000101000100001000101001101000010000010011001100
1101111110010011111011001101010010100100101011111100100100001011
1101010110111110100010111110110010100011000001000111111111010001
0010010111100110111001101001000011101001011011011010000100011011
1010010100110011010110100100010010001010100000000100111100010100
1100100010110011001101010010010000101010001011110101101000011100
1011000100010101001101111110000100110101001000010111010011101010
0100011011111010011100000111100110000011110001110101010001001100
0101001001010000001101101101001110110011100010011101100010101110
1011110111000010111100111001111001111100000011001111001001000101
0101000111110111100000001110101011010101010101011110011011110100
0110001011111001010001111001001100111011100110100101111111011011
0100010100000000111010001001110111001100101111110001011010111001
1101101000101001101101010000100111110011100010101111111010001011
0011111011101000100010100110111101001110101110011010100011101010
0110001101011001101101100100101101010001110100000001110000101111
0111001010100101100111011110010101100000101100110010010010000101
0011000011110011101110101110111101111010011100001001101001101001
1101100110011001010010110100010010101011000011010101101000010100
0111100011100101111010100000001001101000110000010101101000100101
1010111001011110111000011101111111101001110101000010111110110100
1101110010001100111101101111000110011100011111000101000010001101
