0001111111100001000101101010100101011110001000000101110111101010
1001100000100111100011101001010100101111110001111110111110111101
0110111100111000011000010111010111100101011000110100011111000100
0011011000111111101010111100000011111101110010101111110011001001
1111101110101101000100011001100101000110100010101100011101010100
1011011010010111010100010001010101000010100000011010010011011000
1011001101001100101111111101111000110111100011001001111011111011
1000010011011111110101001110001000110100111111011100001000011011
0000010001111101010000001101100001110110111011111011000010010001
0111101010110000100011110010111101100010111101001010110010100110
1111110000101110010011010100000110001101101010001000101010000101
0101101010011000001010110001011010110011110101111010001111000101
0110011010000001010000001111001101000010001000011101000100000111
1000010111101000011010010110111010101000001011111101011101011001
1000010111001101110111000100100010100000011110110101100001000111
0111100010000000110001100010101001010010100011100100101000111100
1100000010011011101000101001100000101100010101011101001011010001
0011011111111101101101100111000010100100000100010001010010010110
1000011110011111111011010100011000000011010111010011110001010011
1101101110000111001101010111101101100100111010111111010000101110
0110010011001111100100101101001101101000000110000011000111100011
0011100011000100000010010111010111110011001101111011010110010101
0011011100110110110011111010100000001101110110100011001100001100
0010100100101010110010001110000101111010010101011101110000010000
1001011001010011001010001010111101101101000101101001100010111001
1001001001010011101000111011100001101101110010001111111110011111
1100100101111110110000110010101010000001110010011011101110100110
1111101110101000011011000001101101001011111010000100000000101101
1011001111110011111100111010010001010001011010110010100110101000
0101101111010001100111110101010101111100110100101100110010001110
1001100001000011100111111101001101100111101001110100010010001111
1111011010101011111000110111111101100111000100101011011010110000
1100010101001111000100101001011001111011111010000110100100111000
1000011100001110101100100110110100001000000101100100110110101010
0001001100110001000100110111000110100110100000001010110000011110
1111110000110111011100011111011101100101001001001111000000110111
1110111110001110001010000000011010001000101000010011101001100001
1000111010111000010111000000110000011111110011001000001000011100
1000100111001001101101110101001110101001111001100100001100011100
0011100101000101110000111100011000110100001100111111110100110110
0010010100110101101100000100111110111011011111000111001010001111
0111011111010111110010110001100001110010111000111000000010010100
0111101010100101010111010010010110011111001010111011100101011111
1011100110101010111100001100010010100000101100000010110100000010
0101000101001001010110000100000010101100010100000100010000111110
1010100001011100110111110011100101010110110011001011011111111110
1101011001100000001101110100100010100111001000000100100101011100
0111110100011110010011011001110101010001100001111011001001001110
0000111010110011000000111000101010011100010110011011001101001101
1001000000010101101011000111101101111110101011001100101101011111
0010000111011001011111101110010111101101101111110010100001010011
0000111101011000001000001011100100010010101011100001010011001000
1011011011011111000111100111011110010001110011100010111001010111
0111001010111110111000100001100000101001101111100111001000110110
0011011111010000111111111111100000000010011111100110111111100110
1011011100100001001100111111111010101010100011000010100111001101
0010100100000010101000100110011100000000100000100111000111101110
1101011101010000010100100100010000100011001111111111101110000111
1101100101110001111000111000011011001000000111001100001001101010
1111100110101100010010111000110100001111101101011011001010101111
0011101110010010001110001000000100110010110010011001100000110010
1101001010110010111101111001011011111000000100000110011100010111
1110010110000000100100111101011111111011001011010011111100101001
0010001100101100010010010000110011101100001010100111110101101001
1110111111101111000010011100000111101111010000000110011011110110
0000000001001101111011100011111110001010010001000110111010011110
0111110010000100010111101101110111001011101101101000110000100111
0001101100000001001011100101010101000111100111000000010111001110
1110110010110111101100001111110001011010001010011001001101101000
1111000100101001100101011010000101111111101111100101111100011111
1110011110101000000101111010010100001010011001101110000000111111
1011010111001000000000001111111100011000010011100110110011001010
0110111001000000010000110000001100110101001011011000011111011010
1000111110010000001111001111101101010100000100111000101001010011
0010010000100001000001100001101001111100010101001011010000011111
0100100000011001101000010000100011111111110100010101011100101000
1111101001001101111110011001100011000110110010011010101001001100
0010100001011011111100010110001000110000010000100100000110010001
