0101010111011101100111110101110010101110001110000111110110000100
1101110000110000110001001011001101101110001000000100101110010100
0101111010010000001111001110110110101111000100010111000100010010
0010100101101110000100110111011001110010010111010111000110110011
0010100111001111101101010010001111111001001101110000100000110100
0101010101111111010101010000100001010000001110001001000101100001
0101010011110100110101101000000011110111101001111100000011001111
1110110110111010010111010011101000100010111010110111101110011101
1001100100011010111010000011010110011011100011101001101101001101
0111111100010111100110011010111010001010100010011100101101001100
1100000101011000101001100011101100101011011111010010100101100001
1110000111010101011000110001101110100101111101110100101100001010
0111111010000001100001001100001110111110110101110101111000111101
0000010101111001100111010100100110000001110001100100010110011111
1110100100011001000111110100100100101111011011001101110101011011
0111001101011101010001001011111001001110001000011110110011110111
1010111101001011010101101001111100111001000101111011000110010010
0100011001010000111101011100101001111101011001100001101100001110
1101001100101001001110011101000110011001011011001011110010000001
1000010101010000011100110001100000000100111110100110110110010010
0111001110001111110100100110110110110100110111100101001110111110
0010101010101011110111011001010010001001011101111110011010010000
0000011100111001101101111110011011001111001111011000101110010100
0110100001011101101010001111011000101000110001101110001000010110
1010000011100101100110000010000001010100110001010001011110110011
1100011011001010101010000010010000100011111110100111000100101011
0001111101101000100110010010100000110111111001111101000101100101
1001111010110000111001010100101100010110100010100111001010001110
0101100000000111000001011111101010011000111101100101011111100110
1110111110001010110111001110101101100011011110011000100101010101
1010111110001010111100000100100001100100010111001100011011101011
0100001011110100111011000101101110001100010100000101110100001011
1000001011111100100000000010111000010011001010000010111001101011
0010100000101110110101000100000001101001100001111001110001010100
1111110111010110001100110010001111010100001110010100111001110010
1110101010001101001001110110000011111101111001101100101010001011
1100101011000001000001001110001101001111111001101011000000101110
0111101011101000000111110000010010010111111101100110001010010000
0011010101111010101111011101011011011101001111011101110001000101
0000110000001110111000101111100110110011100101110101000000001111
0100111110110001101101110001001000000001110011011111101100000011
0010110010011011010001011101101110001100101110011101101000000000
1111011100110110110100111000011110110111100100011010100010001100
1010001100100110000101100010111000110111011000111101100100010110
1011000101011011101111001100110010110110100011100101111011101010
0000101110100001011101001011111100111100011100100011000100100111
0001111110110100101110011111100111110011011101111010101000110001
0110111100100011110010110111100110111110101010110111000110101001
0010110100001010110111110101111000010011001000011101110101100100
1011011001010000011011100001000000000011001100011111001011100010
1110011110100100101010010010100000000111110101001111001110011010
0100000000011111100100001110111101010011010000001001100110010001
0001111001111100011110111000110011000011001001000001011110101000
1100111100100000100111100111000001001110001110010110011110010110
1100100111000100100111110001001001100011111111100111101001000111
0001000111110101011000111101010110000001110110100100000000000110
1010010111101010000001100011111010100111011000101111011111100000
0111101000010111000000101011100011101000111001001101000101100101
0101011101011011011101111101011011001001110010110110111000101011
0010101111111000011111110010100111000100110011011111011101101000
0100000011101011110010111100101100101110000110010011110000010110
0110011011100111010001110001110011110000011101001100101011001100
0111001001110010111111000010011110110101011010001111011011110111
1000000010111100110011011001001000111010000000010001110100011100
0010111000111001100000010111110101000000100110100101101011001011
1101100101010101011001011111001000110010000011101100011111110001
1101011001100100001100110011110001111000011101011100100101100100
1110011101110011101110100000110000001100111011011110100101001011
1101110001001000010110010000010110111100000100111111100100111010
1100110110100110111001010010110000011001111010101111100110001010
1001101010000111000100111111100110001001111111010001111000011010
0010010001001011101100101100110000100111000011011000110101101010
0001110110011100011100101010100101101100011000001001101000001100
1111100010001111111100111010000011000010000100111010111010101100
0100100001110111110100000100101111101111111100010011010011101101
0101100000011001000011000111000100000000010101100111110110000101
1101010100010011010100101111000111001110011100010010110101111101
0100110011001111010111110000011110001001111000011100100010111100
1000001000010010100111000011110110000010010100010111110010100100
1010110001000101100100100011110111100011110011100111100100010000
0011011000010101110001011001000101100011110000011110100101110010
0111000011001010010000101110100110101000001010010111011000100101
0101000010011001101010110000010011101100111011100110100010101111
1111100110100010000001110110000001001110001111111101001010111010
1011101101110001101010001010000110001110000010110110101101010101
1110010100010101000011111011001111110110001100101000000111110010
0001001101010111111011010000110111100001111011011100001010001000
0101110010110101110001111100010101000111010111101100111000000110
1000110100011101100101000010100101100010111110000110100110100101
1000011111001100100011000110100111110000011011110010110111001011
0101110101011000100011011001111111111010010110111111100010110100
1001011011110101010001000000100001001100010101011111110100111011
0001000100011100011110001001101001111000101010101111010000001000
0100111001010101000111110110001110110001000100001110011101000001
0110010010110001100110110010110001010001011101010111110110100100
1000101000011000010011111111000101101110100000010110000010101001
0100001110011100000101100100110011001011101101100101100000010000
0001001100100010111010001010101011101100111000111101000101100100
0010101011101101000001111100110100111110001010011011000001101011
0010010011110000100101100110100101111101101101010100100000010011
0001011000110100100010100100101001100101111100010101110010010001
1110101100011011001100001010100101011100000100001011101101000010
0101000111110101101110000100100111110001000011000111100010100011
0100111000000100011111011100101011011000000101101100101100001100
0011111110001000001011011100000011111110100110111000011000010011
1011011111011011000110100110100101000110111001101000100001111010
