1100110001010011010000000011101010010101111001011011110010111100
1110111000100101110110111110101001000001100110000010010110111001
1000000010101010011011010101011110101111101001011010001101000111
1111010011100010010011101110011101000101101110011101110011010000
1110011111000010001101110001010011011010111111100001011010111100
0000111110001101001100000100000101001000011100000101111110000001
0110110000100001111101100111011011011100110110011110011001100010
1101000010100101110000100101100001101101110111010011001100011111
1010001001010110101000010011001111110101011111111100001001100101
1001100101010011100111001101100100100010010110010011100010011010
1100100111000100001110011001010110011100000000111000000011011010
0110000100101110111010111011100001100111101011001010110111100111
0101000110010010011111101000110000101111000100001110011111101101
0001111100110011101110101001101011010010100000000010110101100000
0111100010010011000011010001001100100111011001101010101100010001
0011011011001000110111110000101000011001111011100100010110010010
1010010100101110101010011110010000011001000000000001001001000110
1100011101000101010101110001011000000101000011011001010000010101
0110000101100101000010101101101110101000010000011001000100101010
1000110111000000001111110101001111010100001001111010001110101000
0001100100000110011100011100100110100001001000101110101110110010
1010100110100100101011110010110001011110000000111101100000010110
0101100110101111111001011100111000000110101001110010111111110111
1111100100111101011101011111101011111101110110111101001011011000
1110010001001111010111110001111000111101111111110010001110000011
0000111011111111101101011010000011000100011110011111101101111101
0010101110111110000001110100000110011001010111110100011100010110
1100101010010110100000111100101001111010010010011000100101101110
1101001101010101111001001101101101010001101001000110100010100101
0111110111001000110100101100001100011001001110111110001111010010
1101110011010110011001000010011011111000010011101110110100000001
1001110011010010000011100011111000111101011011110000110110010101
0001010010101100100000011000110110000111111111100010000101011101
1101100001100101100000001011101100000001010100101101111001010100
0001001011100101010100111111011111110010001100111110010001111000
0001000011110111010000111110000000001011011110011101001011100101
1001101110100110010111100111110001101010101011001100010100010010
1000101110100100011101001000100101101100100110111011111101010010
1101100111001001111110000011100110010010000110110110111001100101
1010001110001111110101010001001011011110010101110001001011011110
1101001000011110111101000101001000110100111111000001110101100011
0100110011001110001001101011000101010100100001101111101101110100
0110000000011011010111001100010000000010010111111000000011010000
0110011101000101100110101010111110101011110111110101011101010000
1001101110010101011101010101111001101101000010100101101100101111
1010010001000011100110111010101100010010011101010110011110100010
1010010011100011111100111110001100111010100001011110100100110000
0110000100010101011000110001100000001000110011110101010011111110
0101011010111010011110001101110011100100101000000111100100101011
1001110001111010011001111111000110101010100101011000101010001100
1000101111000011110010010111001001110001100110011111011000100100
0000000111011110000010011110111000000000110110111010010011001111
0000101111011000001101111100110000011010101010011001110011111101
0000001000000001001110000110001000110110010111010010000111001000
1110100000010110000111001010000000011010100010111111110111001001
1001111000010111100011010010111100101001101001000010000100010110
0010101000001101000000101010011110001111001011100011111000111011
0010000011110111001001111011111010010001001101001010011010001111
1011110110101111110010010110101011111111100101001000110100100000
0110101101111100101010100111011100110101010101111010011110101000
1001010010001100101000010110011111101011100110101010001000101101
1010111110100011010011100001111010101001010011111110011111100100
0100000101101100101000011010100000110000001110011110001100000110
0001110101101001101110010010011110010111111001110000111010011101
0010111110000001000111001100101100011011011011100110010000000100
1000000101101010010011001110111010100000101010000101100010101101
1100110001001100110100111101100001110001111001111100001101110010
1011000101101110010010011111111100101010011110101111010010001001
0100010111111011111101100010011000101110000100101000110100111101
0001001000101000111100111011010010111111000111001110111111000110
0001111100101111110000111010111011111011101000010001011001111110
1111010110100011001101010000110110011000001011000011000100010100
1101110110110101010010100010000000110110111000101101000110110011
1101001110111010000000110101000101101010101110011000000011011111
0110101000110100110001101001011000010010001100001011010100101100
1001011100111001010100110110110010010111000010110001110000000010
0011100111100100010111010000001111001011101111001111110100001000
0100111101100010001000111111100110010000000010111010101011110100
0010110110101111101000111110101011000011010101011100000010111110
0010101000110010011100101101011000100110101010111011101100010110
0101010110001000110011110001001111000100010101110001011101100110
1000101000001100111100001011011000011110001101111110111101000011
1010001010111110011110000101010001100110011000100101111010110101
1001011111001100011111000110111110101100001001100000111111010000
1000010110110111110011000111101001010100110110110110110111000010
1101101101011010000000010001000111001111101110001001111011100000
0101100101101111110111001111000110010010010000110011100011100110
1100111101110000001100111011110011001001001110001011110111110101
0111111011101000011101101000011101111000100111000011101111100010
0011000010000100010011100001000010010011011000011110100101100100
0010111001111011010011011101101001111010010010111000010101100100
1001000110010100100001001000101110010010000111001101000001011010
0001111101100011000111100111011111001000010110001101101011001001
1010010001101010001110111101110100101011100001011110101000110001
0100010000000101100001111111100110111001111100001111000010111110
1010100001111101111010100011110110110010111100110011011111001010
1010000101110110001000000101110101100100100011010100111111001100
0100100011001101111110100110010001110101011011011001010100100100
1101010001011111111001001100000001010001000101010100110100001101
0101010001110010011010110100001011111111101110110101111010010101
0000101001111100000010100101001001110110000011011001000110011111
1101000000111100101101001001000111110010011111000000100111010010
1011101101100011101011101011001010101001111011010010001110001111
0000001011010000011001101010101101111011011011100110010000001001
1000010111100010001101101101100011001101111111110011111101111000
0101011111110010011001011001010111110111010000110001111101010001
0110000110101100001010011111011110001010100100001111110100101101
