1000100010111000011100010001001001111110000111110010100011010000
0110100111101001101001001111001110000000001100001101011100111011
1011111111101110011011010010011000000101111100101111000011000011
0110110110001010100100010011101011110101100110010010111011100100
0111000101110101001110110111011110101011011111101101000111110101
0001001000011001001111010111111001100010111110011111001001000111
1000011000010110101101001010101000010010111101101111101111011111
1010110110110000001011111010111001100101100000111100101011011110
0011110100000010111111001111100011010010110101011001010101101010
0100000000000010000010001000101111001010111101101001011110110011
0100010100000010001101101110110011000110001100101111011000111110
0000001010110000000011110110011110001101101100011110001011101111
1101101000011011101010100001110100010000101100111011011100010101
1110101100100101110100110100011000010010001000100001101101110110
1010001110010111100110001111011101001100100010001011101101101100
0101101000100011010111110001101000111000100101101100101100101010
1000010011100101110101011100111101001100100010111010001111100100
0100100011000000100111001001010101100110010001000000010100111110
0000011010101100000011010111111000100111101011110011010101000100
0100101100010000110011010010101101110000011011010100111101101110
1011101010101011111001010001010100000110111111101010010010001010
1100110011011001111011100110100001101100011110111101101011101101
1101001101001010100111000110101010110100010110000111100010100000
1010011101101101001111001111001101111010010101100001011010101100
0100011010000100011110111001011011001001111011100110011111001000
0101111111101011100110111011101010011000111100100101011110110101
1001111111010011110011000110010101000000110010011110110011010100
0000101011101011001011011010011011111000010111111111010100001100
0101111011011100110000010110010011110011110111001001110101001110
0111010100010001100110100101101110111111000111010011100101100010
1110101000111000011100110101000010100001101001101111100111000010
1111100100111110001010011101001010111000111000000101100001001100
0011101001111011000101001001101011100111110111001101011010011011
1000110111110010111100111010110011001010001111101000101111011101
1000110110011011011010101100011011011000010000110010011000000100
0110000010010111110110111110000100001011101011111010111101100111
1100101001001010001000001111110110011110001111101000001010001110
0101001110100000000000011101101101111010101111010110110001011010
1010111111101010101010000010110000010010001111011010110110100110
1011001010100110101111011110111111100011101000010011100011111000
1110100110000010101000000111110110100000011110000000010011111001
0100111110111001101111110111010011000110000101011000100001010011
0000010011000110010001100000011010101110010010110001101110100100
1010100110000101001101001101011000001100111101110111010010111110
1100111001011111110010011101111000100011110010111100110111101111
0001111000010111000010110010110000111000111100101000000001010001
0001001100001100000101111110010011111100100110011000111101110000
0000000000000110110011001001110011011111101010100101100100010111
1111010011101101011100010101001101000000011100010011010010000011
1110111001000100000100001101000111111010110001101111110010011001
0000100101110111100011000111000111010011011101110000110100001011
1000001001100010110100101110110011110001111010101011101101010001
1101000011010100110001010110011011000001000100001001000111000011
1010011011010111000110010110111000101101010100001001001010110000
1100011000000010011001011110100100000101001111111000101111110110
1010011110010000011010101110101110101111011110011000101100110011
1110111000000101000100001111110010110001010000010110110010101001
0000100011000011010010011011000110101101101101111000100101001110
0100000001100101110101011111010011110000011000100110100101010101
1110000100001100011001000111100111011001000000100011110010001011
0001010011111000100010100010110100011100001010101111100100001010
1001001101100100110000001111000000010110000001110011011111010110
0100100111111010011011110101000000010100001000101010010111101000
0001001000011110100000000111010100101000000010110110000100111101
1010100010100100001001001011110110101010110001010000010010011010
1111010110001110001000110010000010000110000110111001001010001100
1101011001110101000101000011100001111111010111101011110011001101
1111000100110011000011000000000100001000100101100110010110000101
0001000110110011110111100010100010000100110010111111111001011100
0101101010101110001101100101000011011000101011111001111111101101
0111110010011010111011011010110010010011110101111110000001001011
1011101011011100110011010100100011011010000110110100101110110110
1010111101101011100011100011101011010101101001111000000010110000
0010000001000010101000100000011100100110100100010111101110000010
0000010111001111100010100100100111101100001010110000000111010111
0100000010101010111110110101100000111000111101010011100001100001
1010111110011111001110001000100011010100010011101110101001001001
0111000000111000101110001111101000101011111001111011011011011111
0100000100001110001101111010000110110011010010010110110011110001
0110111001100110100000000111000011111001111101101011110010000011
0111011100011101011111100001000010000010000101010100011110100111
0000001011110000100101010100110011000111100001000001010100110000
1101111011111010101111100110100000001000000010111110010111110001
1011111000011100101101110000001111111010111000010001010010001001
1001010110101101110100001101100011011111001010100111111000010001
0100101110001100010101001100111001110100001110100011101101000001
1110001001110101111111101100110001101011111110010011010000011100
1000110110000101000010110101101100110011111010010000000111100000
0101001100001111100011000000010001111010011010001011100000101100
1101001101010010111010011011101000110100010100001010111010000101
1011011110001101011011100100101010011111000110111001101011110111
1110011110010100010000010010001100111010101101011100100011010010
1101110010000011110110111011100111010110110100111100100000110101
1101011011001000110011100100001110110100001011111100011110001100
1110000111100011110110000111000000100101010000010101101000110111
1011001000000000110001001001010000010010001100110011111111001101
0110111001100011010000100000101110011010110000100010010111000000
0111000010101100010011100011111000000011011000110011111010001011
1101101010010110110011110010101100001101011101100111100010101010
1001111111111101100110101101110100110010110011001000010110110100
0011001010001011011110100000001100001100000100010100110101000110
1110010000110111000110101101110110010100111011110001011001000000
0010010010111100001000010000100001000110110011110100000010111001
0011101001010100010101010111111111001000000011110111111101110000
0010110101010101010001011110001101110101001100010010011100110101
0100001000010100101011101110010110110111101111011000010100100000
0011101100001011101011010101110101111101000011101000110001110011
1101011011000101011101001100111100010101101011010010010011111101
1000000101110110000111011111001011011100011010110100101011011110
1101111000000111010000111010101110111001101000101100100111101011
1101111011001100011100011000000000010101111101010010000000111110
1011011111011100011100010010011110111011111100101100100011101010
0010001110000100000010110101000100000100000010110001111011101001
0011111000000010101100010110101010001010100110110010100000010100
0101111000001101011100111001001011111010000100111110110011101000
0111101111110111110011101111110010001010100000110001011110111111
0100010001001110010111111100110000001011010010000010001001000111
1000101100001000011100111100100011100010101100111001011101101001
1110000100110001011000111000111010111001100101010000011111000000
0100001011111101011001011010011110001010110111010101101101111011
1001000101001001110101010000101111101110110011111010101010100010
0010110101101001000010101101010110001001010100000101010000100000
0001001000000011111001100101111100000110111011110011100010111111
0010111110100110110010101000000100010011010101111110011111100111
0100001101101010011011011000101100010010000000110111100101011110
1111101010111000001100010101100110010101101000000100110011000011
1011001110101011110111000101101000101110110100111101110111001100
0101000100111011110010101001101000000001010110101101110111010100
