1000010010110111001110010000100010101101110000001100101110101111
1101100011100000001101100100101101101000011010100101110100111101
0111000111000010010110011000001001110001100011010110000011100100
0101011001001011100000010001001101011110000000101010101011001011
0000000001110101010011110000000000111001101111110010010000111110
1101001100000011000010000001110001110010011100001010010101011110
1011001101010111101010001101110100000000001101101000101011111011
0001001011110110100100000010000110100111110110100100100010100110
0111111110101001110001000110100011110010010111001101111110101100
1000010110011001110011100010010011001100011011001001000110010000
0001010110111011100000110111111000010101011100000001001011101011
0101101100000101001010101110010111111101010001010011001111011101
1011010101011100100100101110001010011110110001010101011111000010
1001111010011010101101000100010100000000110010101111110001101110
1101100001011110100101101101101001101110011101010011010000010111
0010111100011011101011011000010010000010110100000101000001001001
0010011110111001100010111101100101011100001000101001010011001000
0111101010100000011001011100100101101111001010111001101011111000
1100011000110100001111001010001010010111111110000111011110000100
0011110011001010110101101110100100000101111001110011110111100000
1101100111110011011100110110110000011111000100011101001011000010
1111101010100001100001101010101100010010100111100111110100100101
0100110111011010100110111100100010001101011011001001001100010111
1001110011001111110111010101000011001110001001000001010001011110
0110100010110101110000101110000110010011100110101001000000100101
1111101101000101111000101110001001010000000100010101000011001010
1100100010110100000101101011000000001101111111111110101100000000
0110110111100001011001001101000110100101101101000001111010010111
0101011100100100010111010010010100111100011110101111101001110100
1001001001000110010001100101011111000101001011000111000110011000
1101100000101000110101001001110100110101000000001110000000100110
0010010000011111001010110011100111000011000110111100101111110000
0110111010111100111001011000011110100000010110011100101110010000
0111010000100100000011110000001010111101000101011011110011001111
0010101000001011011011111001010100010111111111101011101010100011
0101110100111001011100010000010000101010110101011000100101001001
0101001010010101101100100100111001011001111010100111000011000110
0101011111000001001100111011100000110010110001111110110111100111
1011001100110110011101001111011011001100000010000111101001001110
0111011001101010111001100010111010100110111101101000011010000000
1001001010001100100001110101111010011000111101101110011111011000
0010101100110010011000111101110111011010001000001100100010001100
0101010000101011010001011100011111011101101011010110011001101000
0010100001011001011000000010111001111101111010110110101000001100
1011000110101000001110010101011010000100010001011010111101101110
1111010101011011100100010110010100111100111100001010001010000111
1100001101011101100110101100000010110100101101110000010100000010
1100111101000101001000001100111110010110100001000110000011111101
0100010100101111001011100100110010011011110100010000110001100110
0011010001011011100001111010011001101010001010101111111010011011
1000110101001010100111100100001110010101010000110110100110000100
1001011110110000110101001111000011110010000100101001101010001011
1000101100111110001011001001000000110001011000110101000001000011
1000110101100101100010010001010010000110000001011000110101100000
0100111010011001011101011010011111110110011010010010100010111110
1000001000011001110111011101110111110010001100101111110011100011
0111100010100010111111010100101011111000100000001110100000010111
1110001111111011010101111001101011011101111011010010001011000000
0101111010101111111011111110101111000110010000001100011111101111
0001110001111000100110001101100101000000011101110111010101011101
0110010110001001101110010011101001010111100011001100111100111100
0101110110111011001000010011111001100101011000011101110111101001
0001111111010000111001100110111001011010100111111110100011000001
0000100000001010110110000111011100011001011000011000011111001001
1111010110001100010001010111010001110101100101110010100101101111
0110100110000010011001001101101100001110000100110011000000000000
1000111100110010011111110110000110011101100000101101001010001110
1001011000011001011010111001001101011111101001000101010100010110
0101110110110100110111101110001101000100101101111010110111101111
1010011101000000010101001010100011000010110101111011110101011001
0000111100011110110000010101011001100011110010101010101101101010
1001101001110011100100011001110010010100111001011110110010110100
1011011101111110011010101001100001101011101101111110110111011000
0111001101001001110110111100101010100101101111000101000111100011
1111110101110100100010001010110011011001001011110100100101101000
1011100010110110000110110111000101110111010111110110111110001101
1011001000111001110110001110110100001101100101111101111111001010
0000110000111101101000101101010011001001001011000001100110111001
0110111111000100111110011011001011000000111111101101111111100101
0010001100101000010101110000110010110011011000101000111110001010
0011100100101010100101000111011000001010110110010000111100011100
1001100100000100011001101100110110110100110010110011110100001010
1001001011000111000100100111010011011000100010111001010011011100
0101010001101110111011010001111101110011111001100001101000100011
1100100000111000000001111010011100010010110100001010000101101010
1101110110010001110000101010110001111000100110000110001010111010
1001110110000010110111011011100111010101111001100111111110100100
1111111000001011011001011011001100010110000111010011000100010100
1110011011111000110001001100011011010111100010101111011010110010
0111101010000010011011101011100010000101001000010101100111000000
0011010000011000101001010110111010011001010011110100000111101000
0000011110010001100100101101010110011110000000111100001110100010
0110110110001110101011100001011011111010011111011001100000011011
0011111010001100000101011111011011110110100111100100000100011000
0001111001010110010101010101100011001111100000101100110001001011
1010100110111111100011001000000100111101010100101101111100101100
1101010011111010110011101001011001010100010110011110101011000110
0101010011000101011111000011000111100101100110111100100101001011
1000110010110101000100010110001101011111100100001011111001100001
0000011010110011110100101010011100101001001000001100100111001100
0110111100001101101110001101100111101011001101011101111100011110
0011110101100010001011101001001100010010110010011110110010011001
0001101001101100001101101001001110001001110010011111000100011110
1101011000000000100011101010101101100010110001011110001110001000
0001110111000111000001100000111101001111101111100001000100110111
0011101101100000101001010100110011000111011010011010110000110001
0100010001011101011001110100011101111011001000011100110101010011
1000010100100111001100110000011011001100001001000100110000010100
0110100001111011100101100110110000111001010100000001110111010101
1011101000000110001110110010000001101011101010000100110110100111
1110111101011011101101011101111101001010111111111101000001000100
1010010011001111100000100111011010100001011001111101100011011001
0000000010101000010010010110001100011011011010100101110100010100
1011100011000101001001100000011001011001010000110010100010100010
1110011010001000010010011101010100101110100101010111000101111100
1010000110101000000101010001001010110111010011101100101011000111
1000111111101011010111010110100111111101010100100100110111111001
1001101011000000001011001110010011011110100110010101010010010001
0011111101000010011110100011111001001111101010011100001101111110
1100110101011100111111110111101110010100101011111111001010000011
0000110010000010010111010011101100101100101110100111011100011111
0010010101001111110000010000111111011010101010011100111111111110
1110100000000111010110000110001000100101010110110101101000100000
0100100010000110100010111010011111000000010010010111010111110110
0110010011101111010000111100001101110101010111111000011100011101
1110111001110110001011100110001100000100110110011111100000001010
0100100101111001101011110100101000011100010001011001010100110011
1101000010110111110100000100000010011101001001100111001011111101
1001011111100101000111110010101000001011101101110011100010000010
1100100011010110110000111011000011100001010111000101110011010011
1001110111010010000001100101100011110011001100100000111101000100
1001100101011111000101000100101101100100000000110100000100001100
1101111010101101110000101100010100010011101010100111010011011001
1010000011101000110001111011010011010010101110100010110010111011
0100110111001000110011111101111100111100011001010001101111110010
1101111000110101101010100001110010101101101000000001100101111100
0100111111100101110100011010100110001111001100110111110011011111
0001101101011010100000001111010110111101001100010110100011000110
0010000000100010111010110011001111011001100110010101001100010000
0100100010001010011011101111111111011010011011111000001110101101
1100011101101110001001110111001011101001100000110111000101010100
0000001000110100000101110100011110110011101100110100111011010101
1001111000101111010101000011000100000011101001001010100001010000
0010100011011001110010011000110101100000101000110011011100010001
0010001101110110000101001000111010111001110001011000110001101101
0111011011110011011111011010010110011101011000100101111000001111
0010011011011111001100100000000100011011111011110101000001110101
1000001010101000100001001100010101111001111101100000101001001000
1101000011101011010011100101100010010110011000000001011010110001
