0010100000101110001000111010111000111011010010001101111011111100
0000101010100001101001010111000010000010010010101011001010100110
0110111110001100101010011000101010111011001111101010010110110001
0111001001000011111001001110011100110000100100011100100001111110
1000000001111000110100101101111101000101011001001100100001011100
0100110110011100111101110001000101100001001011010111010010000100
1001000011101001011100001011001001011000010100110110110011110110
0100010110011101010110010000111110001011101011000010001110001001
1000111010101001100110011001110001010010111001000011011101011110
1010100100111001111111011010000101001110111110100000010100011011
1100111111111010010111010011011111100111010010011001100001100000
1110001110001011010111010010010011110101011111001101110011011010
0011011101011001100101100111011110111001111010011011001001001010
1011111011001010000001100100000101010011001110100010010111001010
1000001010111011101001001010110111001000000010010101001101101010
1110101010111010101000010011111011111011011110000000111110110100
0110000101100001101110100100001111011011010011110010100101111010
1101001001110101010001100100011010001101000100000111001011101111
1101110010010110110111100011011100001111111101101001011011000010
1110101100111000000111000010011110010101010001000011001001101011
0100010101011011100000110001011111100010101110100100001001010100
0111100011100111110001100011001000011110011100110001011011100100
1011010001111000100011111010000110100011100011100100010011101010
1011111100111001111111100000001111010100111001001011100001000111
0001110000100101000000111010000010110101111110100111000001010001
0001101111000110100100001111001010111111011111110111000110101101
0000111010010000110001101100010110101001000110101100111011010000
0101010111110010000111111010110010110111100001110110101111101011
1101100001011100110011000101110110111110110001011111001011001001
1001010000110011010111111110011101011100111011110111000101110001
0011101001001001001011100111010101100010111111000000011111010101
0000010111100000000101111011111001101100110111101010100010100111
0011110100100111011100110000010110111101001010011100011100101111
1000011101100110110100110000101011001110100011001111101001100101
0011011110010111100010111000001000000010111001111101111101001111
0000001111100111111111000010001111101100110110110000010101011111
0001011111010011100101100011110111001001100011000001011111001011
0100110001010011011100000000000011010011111101010000000110101101
0000111010011010110110000100000001111000100111100110001111101000
1011111010001011000010100000111010111110001101100011111000111111
1101101110011111001101100101111110001001000101110001001110100100
0010101010111001001000100001100101100101010111101001011110010111
0000010010111001011101100100101100101111110111000011000011111111
0000111111100010000110110110011110101011000001000100000110011111
1011001011111001000011111011111001100001001001011011100110010110
0001100110010110011011000110101101011011000001101110000011010000
1111101001111001111011011000110010111101100011101100010101100100
1000011101010010101000110101010000001111101011010100100000100000
1101101100101110011111101001001011010111011010001001110010111100
1010000100101011111111100000110010111011000001000000010010110101
0001001110000101110001101001100110101100010111111010010001000101
0111010111011010101001101011111100100001111011000000000010010000
1100001011011010111110110100000101110001010010111010101111010001
1011100111011110011110000101110001101011100101010011011110111000
1001100101101111100001010101000111111101010010001010011011010101
1110011001110000001011101101101001010110110111011011010100011100
0111000001010010100010110011101000100100011100100101101110101101
1101000100000100000111101001110110010110111011010011100100101110
0010111011010010110000011100110010111000000011100010101111100000
1001011001110110011010000100101100011111011110111010000110100110
0000011111101000111001101000101101000111010111101110111101111010
0111011001010011001000101000000000001110111111111011110001011000
1111011010111000111001011100111111111000101001001100101001100011
1110001101111001111010110000100010110010110110011110110011010000
1001111011001110101101000110001100110001000010011010110010001110
1110100000110111000101001001101110010010011100110000101100110110
1111110000110110110010101010010011001000110100010110100111111100
1001011000010001001110110000100101100010000101011000110110000100
1011100001010010001011001010111100110101110000110001001110101101
0100101110000100111010111001100111110000110000011011010101001010
1101100101100101001001010000110111111100101010100001110110100000
0000101010001000100111110110000110010000110000010010101101001101
0011110010101000100001001111010110110110111101111010110101011100
1100100111000110110111011000011101110010001011010111001100110011
1100001101100101000110101100001100111000110011111011000001110100
0000000101011001100011001101011110111110101010000011010000100010
0001100110010000101011000000001111010110001011001011101110001110
1010011100011110110100101000100001100111010010010011110111010001
0010101001111011111101010100001110010110011111010101111111111001
1100101010100101111100011001100000100111000111001010000101101011
1111001110100110100000110110011111111101110110101111111111100111
0110100111000000110100111110100111100110000011111000001111000010
0111001011010110010101011010011100011110001001000101110111000110
0111110000101111011101000110101000000110011000011011100001110111
1000011010111000001111100011001101011001100100101000000011011111
0001000100011100001011101011010001000011000100011101100100111101
1100110011110101110010110011000110111011111100011011110001001011
1010100101001000101110101010011010100001100110010101111011101110
1100110110100111110110011001101111011001110001110010000011000001
0001101111110011011001110100010110011000000101010110010010100111
1001010110011100011110000011100000001010100101100100100100000100
0000101001011011010110111010110110101010100011010010001110101010
1111010111010100000111010101010001110111101110011000001111001010
0000101101100011011011010010111110010000101100011001011101110111
1001111011101000101110110101101010001000010100001010111101010011
1001101100110000001111111000101101101100000100001100000010101100
1011101010110000010000000001001111000101101010000111101110011101
0000010110111010001111011100111110001001111110101000101001110010
0111001110101011111000100111011100001000100010011100100101110101
0000101001001110001011100101001001100011111001111101100001110100
1000001000100110011101001011011001000010101111110001011000100101
0110100011110011001101110100100010101100000011100110100011100111
