0111011011011011101011010110111111001001001111010101111101111101
1111100001001000001111111010100000101110001000110001001000100001
1110101100100101000010001101111000001010011010001010101001010001
1011111111000001000010100111010111110000111001101001000010100100
0101110011001111010011111011100110011001001101010011110011000001
1001101000101100001111001000000100101101000001001000111101100011
1011010100110010010010000011001011010001011010001111100101110110
1111111000010001010010001000110110100100001001010001111010010001
1001100100111000000000100000100001011011100110010011011001011110
0000001110111100000100010111111000100100111001111000001010010111
1110001001110010111011111010010011100100010100110010110011000111
1111100011110010001110100000010001101111010111101000111001000001
0111110111100010111100000010111011111110111111100101110010111000
0101100000001101101111100101000010001110111101010010111011110110
0110110001001101100011000010001010011110111101110110110101110101
0000110100100110011101100011010011100100000010110010101010110101
1001111010010000101100111101100001111010100100000000010111001001
0110011011101100110001100110101111011001010111101000011011010111
1100000001101011000110000110100001001001101100000000101011011111
1011000100101101010010001001110000111010010000100010101000100010
0010010010100110100010100100010100110010111110100001001111110011
0111001000111001111110110110011010111010101001010000000101010001
0111100110100000101001001010000100000001100111010111011010011101
1000011010010000111010100110010010000110000100110001000010111010
1111111010110101001101001101111011100100011010101011111010001011
0110101011111000001101101010000011001000000010011100001111100001
0001110010001001110110110011100100001000111000111101001001101010
0110110010100111001100100101000010000011111011100111011100110101
0001101011000001110010000111110111011111111111100010111101110010
1101101010111101000110010000101111011001101000111010100101010110
1000010110000110001001011010111010011011010001100101001000001100
1111000111100111001110001100110010010011111001001000100001000101
1101110110110011111111111000111011100111110100001100111001101101
1010011010011111111001110011101101111100001000001000000000001011
0100011100011110001100101001101010100110100000110111011100001010
0001001111001110110011010011110110101010111001100010000001101000
1111000000110100110111100000111010110010100110101100001000100010
0000111011110111110010110010101000001110111010100001111111110000
1110100101101101101011001110000011110101010000101001011001010101
0111011001110111001000101000100100011010111100011100100010111011
1101000000000010010011111011001011011011011011000100101001010010
0001110001011111100111100001110101111001111110111101010000011001
0111111000110001010101011001101011100111110110011000111101110101
1000000010000011001111000111011111101101011101110010001111000100
0100100111111101111111101111000110110011010100110011010100011001
0101101101111111000100110110000000010011101101100110111000001101
1010000111011111111010000000101000000100110101001101101110100001
0100101010111011000110011001011110101110010111111100100110100100
0010101100101011010110110010000111010110011111111110101101000010
1101111101101111000001011000011010011010110101000101000100011001
0010100010100000100110001000110000111000111010110001000110001011
1010110111000010100001100011111011001111101000011011001111011101
0100000000010101101100101111001000101011110100011010011100101000
1101000110010010101010011000111111000100010101110100101010100010
0110111111000101000101101000000111100100001010011001010010010010
1011111100100011010100110000010010101010100111010101111000000111
0010010000001000110101101101100011101010111110000011011100100001
0111010111111101011110110011111100010010000010010101011000110101
0001100011111110001100110001001000001010111010101011100110100111
1001000000111001101101100000001000010110111010110010001011001000
1011110000000010000111110100000100011011010011011001111110010000
0100100110000010000100111010010001000111100101100100110111111110
1001100101000101011001101101101011001101010010110001111101001000
0010001100100111011000000101111111010001000110101001000010000000
1010101010110111100000010110000101111100011100010001000000100100
0000010000001000010100001100001100101001111111000111101001101001
1111101101110010111111011001000001001010101011110001111010011110
0110101101011000010000101001000110010101011011110101010111000100
1011101011100000100011110101010111011011101110100110010111101100
0100100111111011001100000100111011111100100101111110010000111000
0001011001100011110000010100111101010000100010101011000100110010
1011000010110110111100111100101111010011100101110110100100101000
0010000000001001101110110001111100111011100010001101000100010000
0101110011100110010111010001101010110001010100110000010010000000
1000000000110011100110010111010110001001011101010110010000001011
1000000010101101010110100001110010110101001011000001110101011100
0001111010011100011011110000111011100101101000010100000000010010
0001010000101100001000001111001010110101011110011011001001100011
1101110011000000110000001010100111011110100101111111011111001100
0010100111111000100010110001100010011111010000110010110011101110
0011110100111010011111011000100001010011110110010001111111010110
0000110101101010001110101000100001100111010111010001111110001110
0110101011100011110101100110010110110100011001011100000001010000
0101110011001011010110001011101011110011111110101001100010010111
0100011011001000010100101010001000000100011100100001001011010101
1011110000101110101010101101110000110011001111111110011001100010
0101011001011110110110111110100011100100110000011010010111011100
0100111010011001101110010100010101011000111111110000111000010001
1111101111001101011011111110100101101010100001101101101111001110
0011000000101010001010110100110010101100000011001000010100001000
0010011101110000001010110001101101001110110000011101000100110110
0110100101001111010100011010011100101111010010010001100110101010
1001111000100000100110110010010001001001101101110010100101011011
0000111011111100101101011011010011101011010101010000111111011000
0100100000001100001000011000000100101101100001111101101111110011
