1110001000101011111111111010101111111111010000101000100011111001
1100000111100010011011110110111000010100100110000010000110001011
0011000000010111011001000110110101111001000001101110011001111011
0011100110101110101000001100001111011001000010000010111011111001
1010000111001010011101011101001110111011000000110001001111100000
0000010011100111010000011001011001001111000101110011110110100110
0011001010110111001101010010000100011010101000011110011010101101
0110100110110101100100000100101000011001101010000001101111110110
1101010100000001100011101100100110101001010101001010000100100101
0101001110110010000111001110100000011101101000110111110110010010
0011101110111000011111100111111111000110010010110001100000100000
0001000011111000001011011011101110100011000000010000110111101100
0001110101110100101000100000001110011100000011110000100001100100
0100001000010101100001001111000100001111111000110011011011111101
0011000001010110100111000011011100110111001110010101011100110101
0111101011110110110010011100001100110111001101101000001100100110
1001100111011001001011111100001010111110011010000000010111101101
0100001010011010101101001111001001110000001100001100100001100110
0000110001111111011000111100110000110110101000000111100011100101
0011101111101001101111001100000100010000110011100011101100000101
1011100010100000111100101100100010001000000100000001010001111110
1100111011101011011110100100001111000001000010111110010011000110
1000000010000100000010010100000101110111001110000011111001110010
1101011010101110100101101010011000011000110100100011101010111010
1111110101111011011011010011100101000010111000110111001110111111
1100000111111100101110010101010010001111001000001010110000111010
0001000110100101100011001001101100111010010100000101110100000011
1101111010011001100000011110100011111001011110101001100001110011
1010111101001011101100110111101100101110110000011110111100000111
1010000011010011111111010010000000011111100100010001000011101111
0010111101101001100000011110001110111001111110010101010101100110
1010110111011011011101110001001111011010001001100111111001100010
0101101010100010100110101000001011000001110011101010001110111110
1111000000001111101011101100000101111010110101100000011000101100
0000001110000000111011001101110110110101011101100000100101010101
0100101011010111100001000000110010000111111011001100111110011010
1010000100001000101110110001000011101100010000110000111110011010
1110111111001001001110101101001111001010001000111101001001100110
0010101110011110000001010000001110010110110111001100010010111101
0001101001011100100011110101111001111000100010001111110110010111
0110101110011010000110000011111110110101000101100001010001110110
1110100101110010011011000000000010000100001011100110011100111110
0100010111000101100110010000100101111111001001110101001011101000
1110110110100101110011000010111111011111001111101010001001001011
1111111001011100001001000010011101011000101010000101100110011001
0000010100111110101100101100000001100100101100001101110101011000
1000011011111011010010110001111001110010100001010101100001010011
0001000110010111001110000110111101110000110110111100000110001001
1110001011010111011101101001011011011111110101101110011100010101
1000111100000011111101111010011010110000110000110111111110100001
0101000111001011011010111111010001001101000011000010110011111011
1010101101011100000010010001010110101101001100100110101101100110
0101100010000100000001010001111001111001101110001110100101111011
1001110011000100010110101000011111011001000100001111001001011001
0000001110011001100100010010000100100011001001100100100111010101
0110001110101011011101010101001100101100010000001101001100011101
0001000010000110000001011001010010111001100001100010010100100010
1011001111001001111101010101010001010010101000111010000111111101
0100010010001110011101000010111101010101000101011000000000000101
0100111001100101000011000101100011100000100100000100001111001010
0101001100000010010010111000100110110111011011101111110111111001
0010000000101011011100001000001011000011011110010101011100101100
1100011111010101001001001100000110000100001111010100001111100100
0110000001001101010110100000001100110111010010111101110101101110
0111111000111010101101010011100001000001011111001001010011010010
0111111010110010101111100000101011001010001010100010000111001010
0011101001001010111111111110110100011011100100101110111100010011
0010101011000110111010101011100111110111101100101011100111001110
1101100101100001111010000000110111100110011100101011001110010111
1001010011010010110111111011010010100110100111111111110001101110
1001000001100010010101010001011111111000101010011101010000111100
1011010000001011000111010010000000101000001101000101010000111110
0001000101000001111001010110101001000110001111000000000101010111
0111010001101000111110011101110011010111001111010101000100101010
1000010100001110011010010100000010111100101101001000001011011000
1001110100001110000001100000100011001010111111111011010101101100
0010100110001011101100001111100100110100001011011100110010101100
1001111101110010100000101110100011011110100110001110100111011000
1111010110010001010110101010111011101010110101001011011000111101
1111011011011101101000111000011001011101001101001001000001111110
1001110000100110101111010000001110011111001010100001011110011010
1100110001100101001011010111111001010001110011010000011100100101
1001101100101101111111011110001111111000110010100010110110101100
1101010011111000011101100110001001110101100110011111110110010110
0000110000010100011101001110000011111111011001001110010100001010
1100111010010000011011010101111100101100100010100111001111011111
0101111100110000100111001000011111010111110000000111011111001111
0101000000110110111110100011101100101111001111001011111001011100
0001001001101000101100010101000101011001000011110110111000001111
0101011011011100110111100100001101010000100001000010001001100101
0111000000001111111100001000101111101111111000000101010010110110
0101010100010001010101111001000111111110110000101000000100101000
1100010100001000101000111100101001011101010010011001101001100011
1100000101110001010110110000100011011110110011110010010101110100
0011111110011101000011010101110011011011110100110100011011101101
1100010111011001110101101001110010100110100100011001001011110000
0000001010001010010100110010100110010101000010000010010100111001
0110111110001101011011100001100000101001101011001011011010010011
1100100010100010000011100111110101011101000011011100000011111000
1111011110110010100011111001111001000010000101100101111000010100
1010100001011010001100111010101111100101010001101100000101011101
0001101101011000110110100001111011111010110110000011110111111100
1001101101000100010000011110000110100001111010101110110001001111
1001000101011100101000001110000000001100110000100010011000110100
0010000001101010101000111001111011000011101001111100111110001100
1000011100010011100011110001011011000000100010010110010010111010
0100100001010010000010100100101010010110111001111001001110100111
0000000110110010001010011010000000101111010100000001011110010110
