0111001111001001101101011110111101110100001111001011101111010101
0001100011010110001111010001001000111101101100111001011101110010
0110000010010101010101011110110010111101010011001001010010010101
0010001011001000111000001101100110010000101110100101011000111110
1000110100100100110000101101101001111111100011001101001111001001
1111111110011110110100010100101110111001111111010001011001111111
1011001011101101111101011111100011000010000100110011101100001101
1001111001000001100011011010010101111011011011000111000010010010
0101001110000100011000011011110011010000101110110011111011110011
0100001010011111001111100110110010010100001110001111100101101110
1100010010110010101101101010101111001110110000110111110111100100
1001110110011101000111000010000101101110011110010110010101001001
1011000011101011111100000001000110001010101000110110000011011111
1001100001000110111000100110110111010010110001001000111000010000
1010011100010010101011000010000011010111010101111001101110001000
0001110001001000001101011101011101000101101010010011000100100100
0010000101100011011000011100010001111110111100000010001100101110
1000011111001100101100101011110010001010100011100000001010111100
1100001001111011100011001110100100110100001011000101001101001010
1010110011111010011010010000110101001110111000000110011101100100
0011111100110101001001110110100011100010011011001111010110001001
0110101100111010100001001111010100001001011000101001111110010101
0010001000101011010111101100001001110100010111010111001010010000
1110111101000100001101010111001110001011010011001101110000011011
1100011100100000011001001010110101001010101011111010110001011100
1011010001100010011001111010111101001110111110001011011010110101
0110100110111110000011011000100001110100101101000010101100100101
0110010100111001100110111100101101000110010011111000111100010011
1100011001101011100111100000101010111011001100100110100101101000
0000100000000011100010011011111001111001110010111100001111111100
0111100110010000101100100000000011111011010001101010111000010000
1110010000011001001110011001000010000011011011111010101101001001
0011000011110111101001111100001100110011011110000010111100010010
0010100011010011111111001100010010010011100100111100011010000101
0110101011100111100100111101001111100100010001110111010110111010
0110000010111101101010110001110110111111011001101100100011111110
0111101100110011010100110111101110010110001000001000001000000101
1100101010100001100110011010110010011010011100011010001110101000
0001100011000010100011100111001001000000010001101010000010010001
1111000110110000111111101000101101101111000001000111010100001001
1110011011111011001001110101101010011000111010110100101100111011
0111010111011011101000010100101011101111010101000101110001000101
1100111111110011111010010110110110101111010110001001110101111100
1001100100001011101010000110000111001010101000110100010111011110
1100011111100001111010000001101010110100110111001011111100000001
0011010000111001110000111001101000001010101110010111011110000111
1001111110011000101110000010110001110000010100010011100101011100
1001110101000100011010110001001001100000010000111101010010000011
1011111111000011011101110101111001100110100101100010101111010101
1101111101011010101100001010001110000010111110101000001001001111
0111011011001001011110100000100001001100101011010100110110011100
1100111011101011111011100010011010010001000100010001101111111000
1110000110001111010001100000110111001001100111000101001010000111
0111000010100001001111011001101110011101110001110100010111000110
1110101100011100100110011010101010101110001000110100010101001011
1011100010110000101001010000011100001111000111111010001001110111
0011111111111110011001111101011010000011011101011111001111110010
1100010001000100000010010001100111110101000110010101101001010111
1100100110111111000001101000010010010111110110001110001110110001
0000110111111011110011101101101110111010111011001010100010011001
0011110010101010101110101100000110101000100010011001110110011111
1101000101110010101110001001110100101110100101010111101011001100
1100010000000000011011011100000101100100111111110110110101100010
1010110111000110101011110101101110111000101001000011101101100111
0001111101000000111110111111001111110011010110101100010011111001
0001101010001100111101010011000010100110001101000000100100010011
1100111000110110111011000111100000000100010010101100100110111010
0010010001000101011111000001110111111010010100100100000111101111
0011110011010111110011111011111000001010011111001100111111010001
0101000101010000101011101010000001111111100101101001101100000111
0010011100010100100111111110101000110001011001110010111111101010
1100000010100001011010110101001011001111001101001111011100000000
1001111110101101000010100000110011001110011001011000111110000011
1001000010011111100101111010111010010111000110111110100101100111
1101100001111110011010110000100010110110111111111011001001001100
1111010100110001111111111111110110000010101011001011111010000100
0001111110111010010110001101000001001111000101100000111110011110
1100010010110101111111100000101100010100001011001000011000101011
0001110001010011110110111101100110010010000101111001000111100111
0011100111100000100011011111101010011001001110000011010010110010
0000000000100000001010010110111011100001110010101000110100111011
1111101011111010010110101010000000101001101001110100110001100011
1011010100101110000110000011010001110011110111111011101011100011
0110011000111001010001000010101101111001001110110101011110100010
0101010100110110110111001100111011011111101000100110111101011100
1011011111101000001111100010100011101000100011110011000110111101
0110111011101000010100000101001010010010110010000100001000110100
1000001001111001110000100011011100000001110111001010010100111011
1010111100001110011001111100111100010100011110010010101100001111
1011101011011010000010101011010001000110001110010011100010110000
1001110011111000001000001100011101010000001110101100100101100111
0000000001011100010001000001000010010010010010010111101101111011
1100000110000010110000110001000011001110100010100111110000110001
0000100110100110111111011101001010111101010110000010100111110111
0111000001010011001101100000101110010110110001001110111010010111
0111000000001011111110010101001111101010010000100010001001001100
0001001000011111110110100011001001100111011010110001110001000001
1000001111011010000100011101101010100111011110000011111111111001
0001000110100110000011101001001000101010001101011111100101011000
1111101110010000010100100011000001100101001000001000101001000001
0100000011010011010011010100000011110011100100010100101000111110
1100000101101000110100010110111100111011001001000110101111010000
0010000011001000101110111010000000011110001010110001011010011110
1101110111110110110000101110101011110011001000101111100010011001
0110010101010101100111011000101101101000101110100011001011010011
1000001100010010101111110110101110100101101011101000101110010010
1101111001110111101011010100010100010001110000100011011101000111
0111110110111001100111011101100000110001001010000010000000010010
1110010011101100011000000011000000101000010100001111110011100101
1110011101110010010110011110110001110110100011010101111111001111
0111011001111001011100100111100011001010110100011100001000101110
0110000000110101101111001000110100001000110011011101111101100110
0011000001110110000101011100110110111000101110000110101111101011
0111001110101110101010000100000100111101111001000111111111110011
0001001101100110010010011111101011010101101101000101110100101110
0111110111110110010110011110101111011001000110000111011010111001
1100000101101010101111001100001000000000111100100110011000110011
0000101011011001111011110000111010111000100010110101111101111001
0101001000001001101000011110000001011001010011011011101010010000
0110101111101110011101100100111101011011110011110100101011100011
1000101111100101111000101010010110011110110000001110001111000110
0110001010000111011111010110011101000110100100110000101100100001
1001000001010000100010100000100010111111110000000000111001000000
