0011000010100001100110101110110000011110010100011010011110111000
1111111000010111110001101101110000100010111111001100111111111011
0010110110101001011001010001100100100100000001011000111110001111
1111110001010100101100000110110010000110011011101001010110011111
1100110101100000100100100101100010100110110001100100000110001111
1000100011100101101111100111001111110001110001011000101011110101
0011100011011010101110110101100101011011111100000001001011111011
0110010111000001000001110000010001010110011100000110110001110101
0010011111001001000000111011010010111010001100001000010111111001
1001001010001111010011111111001010010101011101111011100110110010
1111100010100001001111000010001111101110111000000001111101110000
1001110101111101111011001010000000100111101000011000000100000011
0100011010100110110010110111010111100111101011100100011001110010
0110010001000111000111111001011011011001101111100000001110010100
1100100000111010010001001000101010111001111001000011101000110111
1000000011000111010101111100111110011101010100001000000000100001
0011010000001010001100101000011000010000001000100100001101011111
0110111111111011110000000101101000011001010110100111011000101001
1011000010011000001110010101001101001101010101101000000101111001
0010011110011100101001011100001000101111111111111010111000001101
0011101100010111000111000101010010011110101011011101110110100100
1100010111101101110111000110000101101111001000100001001111010011
0111111000000010000110001000110100010100101100111011101101110010
1101101010110111100001011100011101001111001011101011101101011100
0110101001111100110100010100111001111101000011000110001011011001
0110000001110111001110110001100011011101010110111010001101001010
0101100011100111111010101100101011111001100010110010001001100101
1010101110010000001100010010010000001111000100101011111010000101
0100100001100001100011110110110110000110000000100011001100000101
1111111110110110000001011000110000001101011100101100100111100000
0011001000000001110010111100111011110001101010111010111111100101
1011011001101110110000010010101111111101101010111100000110011110
0010010011111110111001100110101001011111100011100101011011110111
0100010101010101011111001011010001000101001110100111111011110010
0101011100010100110110110110011010100011011111010000100010110010
1101010010010011101001110111110110000101101110000100111111010010
0001000101011101001001011111010110000110100111111111101101101010
1000101111011010000001001011110101011100101101010000111001001000
0101100101001011010010100110100001010010001010111111111010110111
0111110011111110011000000100011000000010110011101100101110110011
1001011010000101100101100101110000101001001000111011100100110001
0001011110100111000111001111000011110011011000100011000101001010
0011011100101000110101011001111011000100110101111101101101100000
1010011000001100011001110011001100100011111100010001110001101101
0100010111001111100110110101110011101001101000001111000000111100
1010110001011100111001000011011010101000011010111101000110001011
1100100011000011000010111000011011010100010111000010101010001000
0000100011010100001111101001111010110101000010111010010110000101
1011100011111101111110110010111000111100011110100111100000101000
1011110001110110001010111100101110000011000001000101100011001001
0100101100010100000111001101100110001011011010011100000010110010
0011110011010101010101101101111000010011001011110011110111001100
0010100010010011011010110101101011100011110101011110011010011001
0001110110011110101011010001111101111010100111101011100101100100
0010110010011010100000101101110111011100000111100111010100001111
1000100010001000011001001101011000111111011110000010001000111110
0010001000011111110011001010110101011010001101011100011010111001
1000001001101110010111110011100011100010001001001110001110001100
0011101110000101110010011010110010001001001101100111111011100010
0100011110001000011100110111101001111001100111100100101011010000
1000111101011000011101011001110101010001001100110110000010011110
0000100111000100001100011111001100000101000001001110001100100110
1001111100110100001010110001011011000001001010110100111011100010
