1100010010001011100010101000100001101100000000111111001111110001
1111111111111100110110001010100010001010011100010010101100101000
0011010110000111001101100110111000001010000111111101111110110110
1011101000100011001001110110001001101001010010000010111001111111
1010001111011011000000001111100011100011011101010100101101101010
1101001111011010000111001101100101000000111100110111111000101010
0001001100000111111100001100101100000110111011101100011110000100
0010011110111100101101100010010011001101011111011000101110101000
1010000001101110111110111010000010100000111001111000100101000111
1000001011110011111101001010000011011100010010010001000010001100
1010010011110110100110100101110111011000001111000111110101110001
0001100010101101000110101101010011011100101001011011010000110000
1101111001010111110010000000101110100011100101010100001110101100
1111110100001000001011110110110001010111011101110001011001110111
0000011011111010011001011110101010110110101001110010101001011011
1111101111110100111111010100000101011111010100001111101100110000
1111010100011000110011111111010110010111100010100111001110000101
1010111001111110101001101010010111010011110001001000100100000000
0011000111100100000101010010111010110111000101110011100110010101
1110100010001110001110101011001001011010001101111001101011011101
0010100010011000000000100111110001001000010110011010111010000110
0111001000111101010101011110001111111111010001011001110111000000
1111010100011011011111101111101110100111100000000111101001010101
1100000000000101001101011111001101010101100010111111101110011111
1011000101010100011110010000010010001101111101110101010010110110
1010111110010110010011110111100110011011110100010100010110111010
0011111011001000001000110100101001001000000000110011111101110010
0001000010101101000100101000011010100110111011001111100110010110
0000000000000101001001010100100001010010001001011101111111110111
1110111010111110010111110000011001101011010110101001000110000000
1101101111000000000101000101111000001110110001101101101111011100
1110000101000011101001100110110010001110001110010100001011100010
1000000000000101000011101111001110101100011000000011010010100110
1101100010110100111110011000001111110111110101000010010111001000
0011001110100110000110100000001001100011100110100010100100011011
0100111011101100110111110010000011000110001011111100110001001001
1011001110000111100111000010111010100010110111000100001011100011
0000001111011000101110000000010011111011101100101010101100000001
1100001010101100010100101001110110000110111101000101010011110101
1111011000111001111101101100100101010001011001000011100110101010
0110011011100111010111000100100110000110011110001001001110001000
0011001111011011010000101101101100110110100000011100010000010101
1000001101011101101111100100100110110010000111011001101100010111
0100100101110100110011111111110000010111101100110001011010110111
0010000000110000110000010111100000010100110110000100101001100000
1101011100110111110100000001100110010101101000101100000011111100
0010100101010000100100111111111001010010010101010011010000110101
1110011111111101110110110001110110000111101001000001001111010001
0111110010100011100010001100001011101001010000110000011001101011
1010001110010011100010011011010111101011010111001011111101001001
1110010101110100001010010000001010110000010110110010111000100000
1000000100110011101101110110000100000000000011110101011001001000
0001100001111111110010011000001110101010101010010010011101101110
0101010111000001000101010100101010001001101011011011110011001001
1111011111110101000000101100011010101000001010101111111010011110
0101001010100010100000010010111111011000111001010110001000010000
1101001001111100011000011100111000010010101111111000111101100010
0111010010010000110101011001000111011101111111110101111001001000
0001111100001000010110111000000011110101010101011000011100101011
1111001001110011011001101000101011101011101000111110100001001110
1000000101011000011001010000111101111011001000101101110101000101
1101001011101101001001011101111100001100001000001101111010000110
0000111111000010111001001011110001011011011010010000110111111111
0011101001001011111010000010000001001000011110011011010011000011
1000000111001111010110011110100010100001111001011010100100010011
0011000111011101100001000000110001000011101011111100000101111101
0101000011111111001110010000101001000011111000111011010100100011
0110010100100110010110000010011010011111010010101011011110011000
1101101101000110100011110000011011101111101011101000011111001010
0101011001010001000010110011001000110100111000111110110000100110
1110001110110011000100101000111011001011101110111101110000101010
0010000100011000111100110111010011110101100010111000000100001101
1001110011010010010110100111111010111101111110001101010010001110
1010001000111101100101111010001011001001010001100100110110011111
0000010011111010011011101011001110100011001100111010101101001000
1010010011110001110110010011100010110110111111010100001010111011
0101000111010000010100110010110001011000110110000011110001011000
1010111000000011011100000101011110011110100110000111010011011110
1001101111010010101000000101101010011110111001111110111111100101
