0011101111111011111001100110100011001011011000001110101101000111
1111101001110110001100000100100011111100001011110011111011001001
1000111100100011101001111111001100101101100001011000111101000101
0000011000010000000001010111010100000001001111111110111101000001
0101010000111111001101001100101101010001010101011111110111110110
0101110111110110110111111000001000010100001000000011001000001001
0110001110001101110010000101000000100110100000000000000000110101
0010000100110101010001101011000011101000101111011000000101011010
1001001110100101100011011000100011110110111011111110010011100110
1111100001100000001011101101010111011001110111001111001000110011
0111011101101001111101000011100101000010011010111110100101110001
1010110110100011001000110000111100010010010001000110010010010000
0010110111001100001011101110010110010100101100100101000111011100
1010110000110000100100111100010000101101011010001010101010010000
1011100111100100110110111000101000010000100010011001111100010000
0001100011101000011011011010001111100101010110101010000111001000
1010101100011110100101010100000001010010110100101010010110111010
0000100001011100110101001101100100111010101100100101011011111000
0000111101100111111101111011111100011111011011100100011011001011
1010000000111011111101111101110011011110100010101101011110101001
0110101011010011110110011001100010001001000001100110111100110111
1110000110001010100000001100110010100110000100000110111100111101
0101001100100100110001111100100011101100100010101000110110110011
0100011110000010010110001101001000101100101000011101000111001100
1010011010010001000101001001101000000011000100000100111101111011
1000101001001101001100011100110010001101011001001010110001011101
1000010101101010110101000010000100010111101111001110010010101001
0001000111100111110000001010110000100100011100101110100000010011
0111010011110110010110000100001110110001001101001001111101010100
0001011000001000011101110111011011010101101001110110101110010001
0101111100101011100000010100010110100111111000110110001011001101
1100101000100111011111110110001100110111000110011010100010000000
0000011010110010010111000101010000110011001000111011011101110111
0000100000001111101100101010010001011111100100111001100111010011
1110011000101111110011010110011100101100110001101111010001111101
1110100100001101000011101011101100110000001000111010001010011001
0101100110101110011001011000000001000101100101011010010000010100
1110001010011010010100110100100101001010000110011100010111110111
0111111110000001011010001100000001001010001011110111100111001000
0100110101010110110110011101010011011111000001110111111000111100
0000010110011110001001011101110000011110000110110010001111100111
1001000101010001010101000101111010111100111011100010001110110011
1100111110101100001010010110111001011000011011001011011011011000
1001101101011010111010110111001001001111010011101110100111011110
0010011100110011101001100101110000011010010010010110001101010100
1110111001011000101011101000100101111101100111000011010101000010
1010110011011000001000101101101000001001111010010111011011101100
0001000110110011000011000101010000011101010101111101111010001110
1010111001110101111010010100101101000010101110000000010111000101
0111110111101110001010100101110101011101011111011011111100110001
0101100100011110011110111101000001101011110001100111000000100011
0000110110011110000101101000010011000000110011111001101000001100
0110111011101000111110111010110000001101001011100100110001101001
0010010100011100101110101010111100100001100011100011010111001111
0101010000101101110011100000100010000110001011110000011110111011
0111000100101001010100101001101011001110000010101011111101000010
0111000110000110010110100011010000000111001010101100001111101010
1100001000000001101100010101101011001010110100001110100111110110
0000011010101010100100110110001110111111101001101010001110111001
1011101100111001001011110110100110001000111010010110100100100000
0100010010110110110100010100011000100111101011100110000100111101
1100011111011110111101101111011000101100010010101100000101001111
0110011110010011010101011000101100000101000001110100111111011100
1001010110010000010001100111101010011111111110010110110100011110
0010010100101110011101110110110001010100001101100100010111011110
1001010111101011111000110001100011101101000101010100110111010000
0111101000001001110100101111011110001111011010010100111100010011
0101010011111001001110101101110110100001001101000000100110100100
1110111001110010011101110010111001101001001001000001111000010001
