0010101101000011011000000110100110011010000000101101001011010000
0100001011001100001001000010110000111001110111101011110001100110
0100100110001100000101100100000010000100100101010010111110010110
1010111101011001101111011011100100111001110011001011111110001110
1011010101111001001010110010011110010010110110010001011101110101
1001110000011011111110010010111100001001010011011111011101111000
0100010100101010110010011001111011001100001010110110010001010110
0000011010001001100110110000111011011111001110011100000101101000
0000001000011111110100011111000011001100100110100100101100111110
1101010000101101011001010100110011100101101010010100010001101110
1110010111010110000001111101110100110110100110011001011110010100
0100010111001101111011110010010000100101111000011010100100100011
0001110110101101010001111101100001010010110110011010000100001110
1101100000010111100110100110110010100111100011100101010010110000
0010101011111101001110111100110000100001001010101101010101010000
1111000011000001100100101100110001111000010001111000010100001110
0101001110100000101100010110000000111110100001011000111101111000
0001001111010001101111000100011101101001000100111110000010010110
1000001000101010011011011001001100011100000001011111111100101001
1000010000001111101101111111000001101000110010000011110111011111
0001111001100000111100010100100011001110111101001110011000011110
0000101011111111010010101101001010001011100101101010010101010100
0100011111100010101110001011010101101100000101100110001011010110
1000011010001000100000111110100110101111110001001011000101100010
0110000010010010001100101101010011000100101110011100111111010110
0011010110101010010001111111000011100000100100011011001100111101
1000111111000000001010101010101011010111000101111001110001110011
1010101011100011010011000110010111101001000110111100111100110001
1110000111110101010000110110110110011100000001110110011100001010
1010011101100011111010011101110101000111110100111010110010110011
0011000110011110111010110010110010001101010101100110111000000110
1011001100001000111001111111111110010100101100001111110110110111
1101010101110011100001001101101110011011111001110100000011010001
0000011101110111111110011010111110001101001010011110000100110100
1100011011110010010011000010010001000000001010001110001110010011
0011000010000011000000011101011101110100100001001101101010010011
1101111111101001101011110001110111010001111001011010000001000010
1010100101010101010111000101001001001011110010110001111100001110
0101001110000000011111010111001000011011000101010100000111000010
0111100000111000100110000001110010110001010011010100001111001110
1100001011011100011011001111011101011001111011111111001110011111
1000111111010101110011100110001011100100010101101001000010110100
1000110100000001100010011111110111000001110000011000100111001100
1101101000000001110111101000001100000111001000110101001100010000
1100011101100001001011100011001010100010011100100001100100001001
1010100000010001111001110110100001111010101100101000110100001111
1010101010000001011001101111110000010000100101110001011001011011
1011000000100010110011000111111000010011000001000100010001001111
1101011011101110001000010000110001010010101100111111011100010110
1111010111100001011010010110110110010111011001100010000010111101
0000111011001010011010000101000000111001001101000010101000100010
1101010000001101101000011110100110001001100100011101001010101100
0101001111010101101100110000110110000101111101101001000001001000
1001000010111100110000111001100011101110100000011011011100000010
1011101101000111000011001000001000001110111111011110001110111000
0000111000001010010100101101000101101110010011101111111010001000
1010000100001100010011111000010100010000100000100000111001000011
1000111100111010010111101100000010101110011100110101000101100101
0111011011111110111110101010111010010111100101010001110111001111
0110001101110001011001100111100000110101111001011011011111001100
0010011110111101101011100001011111011000111011111000101011100000
0001010010111001100010000100011011100111110110001111001010100111
0110100011101110001011110000011000101010010101101100111111100110
0000010101000001010011111010101101000110000111001000111111111110
1110101100100100001100110011010001000101111001001110100010000011
0001110100000010000111001000000001001100011011001000110110011011
1010000011010000111111110110001111101100011100111101101111110010
1001000110101001010001111111100110101101000000100010011010111010
1010001000101100011000011000000100110110100110101010000010001110
1001111110101011001010110110000101011100100011000100110111110000
0001011001110011101110001001101101000000100011001100001110100011
1100010110000000001000000101101111011000101000010101010010101101
0110000010100101000111011110111001001100101000001111000100001101
1100111101010101010101101000111111001100000101011000101110111100
1111010100100000000111001110100110000000001011010011001001110010
0101011000111101101101101010110110101000010110001001001011011010
0011101011100110001010000000000111001000000011101101101110100111
1010110100101010100110100101101001110001110001000111110010010111
1000110110001101000001000010011100101001011011101110010101000010
0011001111100101111011111100000000111010100110001001000110011000
1000100001101011000010000111101011110010111000101000101111011011
0101000011110100001100010110000001001001110000100101100011010111
1101101111100011010110010010010110111010001001100001011100001111
0100001001111111111111010001000101010011100011000100110011111101
1100110110110000111001110101111111011111001110010100001110000000
0001010011010111010110001010000100100010100100101111011100011010
0100100001001000001111110000001111001001110000001000110000110111
1011010010000101010010011011010101011010111010000000000111100011
0001001011010001110101110001101100011010101111000001011101011111
1110110000011101111010110010110001100101011010100011100000110111
0010101000011101100001110110110100011001101011100001110010110001
0110110010001011000001101101000001111000101011111101010111111101
0111001101111111000010111100111100001011111010100101110111101111
0111011001110000000010111001000000010101001010100011011000001000
0111111111010000101001011001111011010100101001100100100001011111
1010100111010000100011000101001010101011100011111000111011101110
1010100101111100011000000010101101000000000011101010101010001010
0101001011011100110011111101000000010001010001011110111001101010
0001100101011110100011110111101000000101101000010010111000011010
0001110010111101101111011111101011000001110101111101100110010000
1111110000111010111001111101111100011110011101111001101101110001
1000110100100011010111110111111101001111001000110110110111101001
1011101100110101011000111100011010010110001101011100110111000000
0100101101000100111000011110111101010101110111100011110101110101
0011010111010010011100000010010100010011101100100100111010010101
0000010110010100110001111010111000000011110011010011110110001111
1111010001011110101001011000111011011001111111100001000110010000
1011010001010101110000010001110110011111111100010011001100011010
0101110010001100011100101011001101111100010101100101001101100010
1110001101111000001101111101000111011100000001011011101001110110
1111011101010111010100011111000110101000011111010110001000100100
1010010010010010111010100010111100001010011110011010101100010000
1001000010011001011000111000011010111100011110110011100000111010
1010110100011001000011101101110111101001100100001101111001111100
0101011110011100101011001010000010000001100111110110010011101110
1001110001110000011110000000000011101111111110000110000101110100
0011000101000001111011101100110011101011001110100110110011011110
1001100111101011111010000011101111001001111100010111110000001001
1010110100000101011100100101110110000010011001000011011001110111
1011011101011010010100100111101011011001001100011101010100100010
0000111000111100011011000001111110000010110011010111000100011001
0000000001011001110101000000100100110011110010100110101101010100
1011010101011100100011010111001011111100101011001010111100011100
0110111111000001101100110001111011011010010011000100101001001010
1110101100100001000110110111000100111100110100111000101000011000
0101111010110111001011100001100010001010110111110110111101101000
1010100110100110111000110110001000111100110000001100110000111001
0101101011001111001101011101100111110111001111001001011110101101
0100010010010100100111110011011000111000000000011010111111100000
1101100110100100011010110000001000101011010011110011111110111100
0110011011101111011000100110100000010110101001010100001111000010
1010101000010001010101000101110000010010100010010101101010011101
0110010011011100101011010100111111101001010000001101100110101000
0111010111011000001010000011001000101100100100100111111110110100
0111000001101110111010001101010100001011010001000110001000010110
1000110100100111001111000100100001111111010100001110010100101101
1111010011011101110101010001000111100110111010111101010010000000
