0100001100011000101101111100000010101001001000001000011110001100
1011001110111110011110111011001011011011001011011000011000011101
0101000101111011011010110100110010011110101011100001011111001101
0101101011100101110110110010000000000011111001101001010110111010
0101110111101000111110000111010110011001000111001101000111010000
1011000101110101101010001001111101011100011101010100101001011101
1001101001010011110010001110011010000100000100000100010011001011
1111100001101011100110011111111110000010101110010001010111001011
0110001010001001111111011110101011010101010010110111101101000111
0010011001101100110001110110000101001101111100011100101000011111
0010010100100110110011010111011001111010011100100001100110110011
0100101011011001100111110100000100101001001010101101110010000011
1000111110010010100010101101100110010001110101101100100100111101
0111100101100111110101100110010100000010110100011010010100101011
0000100101100010111010000100010000000010011000100111001110000010
1010001100011001101010011011100111001110110010100010101111010111
1101011001010011100011001101111001111001011110110011011011001101
0011000000110100100010010110110001000010011001101101001101000110
0101110100100000110001100110100110010011110001000110011001011100
0100111110000010011011000111001010111110111010011010100111000110
0011101011000010110100001010100111101010011110011011101110001010
0010111101110011000000111010001011110000100111000001100001001010
1110100010100101011101011010101100011010101111011100111011011110
1011111001001011011001100110011101110110101000110111100101111111
0101111011011110011111001011000100001111111110110000100110000100
0001010001011000111101000111000111100001110111110000111110010011
0111101110001111000000100001111100001010100110011010100110110101
0011010101111011101111110101100001100001000001000001111000100011
1111010111000111101001000000010100111101100110001110000100111111
0010000000011111101110111101101010111111011000110001000110011000
0000111010001000000011111011000000010100100111110101110000101010
1110011111101111001011100100111010110101101111000110011011110110
1001010110000101011000101010100011100010100100110111011010101010
0111101110000010100000000001010001110111101100000000001000111001
0110101001101001110100110010100011100010001001000101000100101011
1010011000011101110011011000011010111110001111011101101110100101
0000011100010100001000111100010100100110111000110100010001100000
0000100000101111010010011001000001000000100010011000010111101110
0111101101110101111101011000010001111100101100011010111010011101
0101001100010001010010101101010111100000101011010101000100111010
0011100101100001100111101000010010011000111001000001001100010011
1111010000010011101111110100111011111011010100111111010100111101
0000001101001100010011000100000101010111011000101011111001101101
1111000000001010110001111110100110111001001101000100011000010010
1110011101011001000000110010100010001010000010001110011001010111
0000100011011000111101110011100001011000010111010001001011011001
0000010111111011110110010011101101000011000101110101110101110100
0011010001001100110000000110110100110110010100110111001111101110
0101101101101110101100101101111101011001001110100111100110100010
1111100000010010101001011111000100000011101101001000000101101000
1111100101000110000001000000100110000001101010010110111011101101
0010101000010111000000101110101111001001001010101101010111000110
0001101110010011000011011011110000011111001011000001101000010011
