0111011100111011101011111101101111000000011001001111100011000011
1011000101101111111111000001010001110011100011011101001101100001
0000100101101110011110100001101000110000110010111000010101000111
0111111110100000111111010111111110110000000101100000001010110001
1111101001111011100001001111110001100010001011100000101011101100
0001100101100110011111001100000111001000100110010101110100111111
1011011000011111101101011001111100111101101110010110001100110111
1011010111110101100111110011111111010110000111100001001101101101
0011000001011101000001111101101000100101010111111001001110111001
1111000010011001000001010111010111011101110010011001010010101010
1101000010001110010110111000001010010000110110101111101001100000
1100100101101100001111010110000100110111101100001100010111101000
1011000001001010001101011110101011110111011111010110100100011111
1110011101100100101110000010111100011001010110100100111010010010
0011110000101001111110111000011110100110101111111110010001000001
1001100000111111100010110000110101101010010110010111111010001011
1100001111001100101110001100010000101101000110001100001111001101
1100000111110010010010110100101101110010010011101111111101110111
1001110011100000101111001000001010111011001011100000111110010000
0111110100001010010101110110100011110000000011110110111010011010
1001000110001100101110001111010000011100010101000111011001010101
1110010001010100110101110101011100000001110001101000010100101011
0011011010000111101100000111011010001011101000111101011100111011
0010111011111110111000011100010001100011100011001000001101011100
1000011001110101111101100100011101101001101111010000110010110010
0001010001100110001100100010000110001010010110101010111000100101
1111000011000110111001100011100110001001101111111001000100110101
0110010000001000001011100010111010111101100011101010101100011011
1101110111110010011100000111001111010101110100101111000011110011
1000001010111100111101010001001011100110000101010100110111110010
1010100000011101110011011111010001110010101001011001010001011110
1000000101100001100110001010111011110111011010110100010100000111
0111000001101101001101110100000101101000110000001001111000110000
0011101011011010100111100000100100010001000011011010011100001101
1000011010101010111000010010101000011001100101100100001000110100
1000100010110011111000111001011101011110010011101110001000001110
1010111011100010100011011011111001000000011000110101110101001101
1010101101110101100010110101001010110000101000010101111000110101
0000001000001010110101101000000000111000001111010100111111011110
0011110000001001110100000101100100101001011010111110011111111010
1111011010101111111101011111101000101100000001011101011010100101
1000111001111101010001111101111111010110111011010101011111011001
1101100110100001011000101101111000100100000000101000011110110100
1001110000011010010110101001100111000001001000111101010100101010
1001001100110111111011111110000111010100001100101000000111000001
1000110100001110011110110100000101100001111000011000111011001001
1000110100000001111010011110110111111101101101111000000011101100
1101101101111001011011001101100100101110010011100011010000011001
1111001110101101101110011111011000110111001100101110100101101011
0110101001000111110000011010001100110010111101000011010010101111
0111111010111100001011000100001010010010000011100111111010100100
1010101111111010011100010101001111110011000000110101110000011011
0100100001110011010011011110000010010100100011100011010000011011
0101100001001000100111111000110011010101001000110001100000000010
0101001011011111110110111001001100101010111101101101001011011101
1100110010010001100011000001101101100011000010111000000000101001
1111110000101101011110001010010001000100111100100010000101000000
0101110010110011101011101110011011001110001001011100000110011010
0101001000001000100101100000110100000011000000101101011010010000
