1000101001000011000111010011011111100100011000011011110010110111
0011111000010001000100100001110101011010110000111001010011111111
1100101100010000111010000101010001111001000111101110101000001011
0111010101111000110000110101000000011000011100101111110001001101
0000011101101000000000111110000100000001101110101100110000101101
1011111110111000010011001111011011111111000000110101100001010111
0001100110011001010101100110010100000010101100111010000001011000
1011100101001011110001010000001100001110010000100000110100100111
1000001000011010100101110111100011101000110001101111001000010001
1101110101000101110000011111000001010110011100001011011110111001
0010010111001111010100010010101111101100000011111001101000011001
0010110011000000010010110010110010101010101111110001110001110110
1110001011101010111111000000110001101110000011000010010100011111
1010111010000001100000111101101000100100011010011110000111111001
0111111110111100010100101111101101100100111010110100000000111011
1010111001001000000110111011000100111110011001101000111001110101
0001001011001111101110000000101000010111011011110111101011011011
1101000011110110111011101110110001111100000110100010011011100010
0001001110111100110100110110100110010000010101110011101111100011
0100011000111110000100110000100110010110011110110100010010000101
0011100010101000110001100011000110110011001011011110111101110111
1101100110011101001100111101110101000110011100101010111011011111
0011001101100111111000000101011000110011001011111000101000000001
0000111001000111100000010010010001000100001010111111010001001101
0010000000011001101010110010101001111000111011110110010000100101
1101000000001000010000111101110100001011000101110111000101111000
1100010011011110110111110110000110101111111001101010101100111100
0001100100000111000100100010110001100110111110000001111101110110
0100111111000101100010001100100001111110101001000110101011100100
0101110110100100110110010110111100110000001011011011111001110010
0101011011101000010011101100000111110101100010001101001001100001
0011101101001100001101001111101111101001101110101011110100111101
0010111100100100011101100010001100111110100000001111011101101011
0001011111001010011000101001000001010110011011011000110001000010
0010111001000111100011111011100011111100111010110101001100110001
0010000010100101111001010101100100001100000010110110111011001111
0111110000001100110111110000001110111001100100101101010010011100
1001001111010100011010101000100010110111111000001111011100110110
0110011100111111000110001010100000111101111111100011001010000111
1110000001110111101001000011000000011011011011110111001001011010
0010010000011110000000110100101110011110001011110101010110100111
1011011111110000110110001110101000011010101110110011000111011111
0001110001111010111100011010011101001101101010001100111010011100
1011110010010111001001010010001011000000010000001101110101011111
1110111100001010001011101000000111100101100111011001000010001011
0010010001010010100111010010010010110111011011011110010001010111
0010000101110000010100001110010111110000001000101111100110001101
0001100100110000100100101100100010010100110000101111101010001011
0111111011110110111001110110110100011010000011110001100101100110
0000101000100010101100100100101001000011011001110010000101001110
0001010010111110110100101010000100100100010000000010000111111110
1111100001100001010101101001000000000100100100101111011101010100
1011110110101110110111011111111110000010101110000011011010001011
0000110000011100011110010100001110001101111100001011011101000110
1111111001001001101110101110000101111100111011100010100010101110
1000111011011101000010110010000100000111100001010110010011111111
0000011111100101110101101000000110000001010110010011111100011111
0010101000110011111010011011001001000100100110001011011110111010
0111010100000001101110111001101111111100110111010001000000010110
0001010111010001100110101001100100000100100001011011110010100111
0000110111111101011100111110001001110011011111001100001010101000
