0010011110111100001000111001101011010011100010011110100100001001
1111011100101101001001000000111111000000101110001000010000111101
1010000011000111010111100001010110111101100111110100000111000111
0101110010011101100101100000011101011100111111010111100111000010
0100110110000110110101010001000100011000000101111110001001111000
1010000100110010010001010100010101110100110010110001111011010110
0101010101101010010001101101010001100110011001001011011111010010
0000011000001111100110101010100111001110011000001111110101000100
0101000000000010010010110001000001000000010101110001111101100000
1100110100110101000111101000011010010100010010010110100010010001
1000011001011010110111111101001111000001111101001001001010000111
0100111000011100100101111100110000101111110010011001101111100000
1010001011011111111001111110111110010001111100100111000100111101
0100111010010110010101111110100111100100001110110111000010111011
0001011100111110011000001110010011101111110001000010101000010010
1000100000110000111010001100010110100001011010000001000011000110
0000100001000010111010000111111110000111000001001100100110000010
1011101111011110010110101101100011111000011001010000101101110101
0101000011100110011011101100101111001111100010000011001111111101
1011100000101100011110110110001101110111000110010001110011110111
1110111001001110010101110111110000010100100111000000011110110000
0011000111111011000110010111101100111001101010100010101111101010
1111001011001010011100000000101000001001100101111101001001110000
0011111011011011100100111000001010100111001011111001110100011100
0110111101000011000010101111000001101001010111010111101010000110
1100011110101001000110110001001001101111000101110000101010101010
0100100011000011011011101101011100010001100000101111101001010011
0000001010000111110100110100000000001110010001111111101111011110
0001111011000011000001000010111011101101011101110011101101010010
0101000100100111001010001000001110100101010010111011100000000001
0101000110111000011000100110101110111100010010101110000110001100
0000001000011100010111100111000100001100101110000110110100101100
0000100010100111110011000110110100011100111010000111000101100010
0101101011100011001010010011111101011110100001101100010110000000
0001110100010001001101101110001101111100100001001011001001100101
0011110011010111101101111011110001110000000001111010001000011010
1011100000000110100110100010011001001110011001001001111010101010
1001111110001110011111010110110010011100111001101001000111000001
1100101111110100000011100101000010100000111101101010001111111011
1000111110010110110111011101011110111101010010011011010011110001
1011110001110111100101011100110010101000110001110011100010111111
1111100101110011011010001000000001100011010111000011111011001011
0000101011111100010011011000101000011111011110011001101000101011
1010100000111001010100001110010011011111111010111100110111010010
0001111000010001000010001001010101100100000101100111000000010111
0111010100001110001110110010111001000110001011011111000100001000
1001110100111101001111101101001100000000001001110010101011101100
1101111100011101100100110000101100100011010010111111110111001100
1111010101110110110000101011011111011010000011011100101001010101
0110101000101100011001000011010100101000011101011011100111100101
0110110000110111100100100000101101110110011001111000001111100101
1001101011110000101010001011000101100001000100100001011001101000
0111000011000110000010100001000000101101100011011010110011010100
0100010101000111100100001001001000010011100111100111111001101010
1010100100011110011110001101111111000011010101000011101101100001
0000010011011011010011101001010000101000100111010111101110000001
1010100000011010010111001111100100110001010000110101101010000001
0011111100110101110111101101100010111000010011111100000110011011
1111011011110000101000000111111101011001110110110100001000000100
1111010000111101111110000101110000101110001001011101100110100110
0101111000101000001101001110101001111000101010000111000111110001
0000110010100001011010010100000100011100000100010110100111110011
0011100101010111110000000101010001000101110000010101001001000111
0010001000100100100101001001100110111011101010100010010010110010
0011101011100001001011111000000001010010001100101011000011010100
0001001101010110011000100101001101001000001001111101001100111010
1001001101000011101011101101010011010110100010001111001110100000
0001100101111010100110010100110101001011101110101101011111101001
1100010011000111011110100001101100111001101011000111100111001011
1011000100001100111011000000111011011100110110010101110011000111
0010101110001000000100000010111011010010011111011010110001110010
0111100000111000110100011110110010100110110000101110000000110111
0011110000101000101110111110110000010000000011010101110111101000
1111111001110010111000001000111111110010100110110111110011100111
1100000110100100101001101100110110100101001010000100010100011000
0011011010010110111100100010100100100000011100100000111111010010
1110110110011011001100000001101101100011001110101000011101001111
1100110010001011111000110111100000000010001100001101001000111111
0111101111010000111111101111000000111000001101110001101111111111
0010110010110011010001101110100110101101111111011101010011100110
1010101010100110101000100110101000001110111101110110011001010000
1000001111110111010010111001100101110100010001001000000101001101
0101000010010000001000101010111100011100010110010000100110101011
0110011010100100010111011100110110100001111111001111000011001101
1010110100001110000010100000111101000010011111000111110000000110
1100000111100001000010111101110000110011000101011010111101011011
0101001010101111100110011001000000100001100000101100111000001111
0100000010110110110100110011000011011000001100111000011100101100
1011011010110011011111100101111011010011100100110100000110110111
1000101111111111001110011000010000100001101011001101111111111000
1011111001100011100101000000101110111010000001010100010100111000
1110001010101011100100111110001010111111010110110001101000001010
1000001101010001001010111111111001001001101100110000000010010100
0000111100111011010011101101101101100100110101110100001001011011
1110010010000110100000110110010011100011110000011010110100001011
1000001000001101010111111010101010101010010001100011101000000000
0110100001000101000010010011101011001101011010110110110010010010
1111010000110111111001000011100001010010000101100000010110001000
0110010000111100001001000010100100100000100100011111100001100001
0110000110101111111101100101011000100000111000111010000000110010
0101010111111010011111110110110110010000011110100011101000001101
0010001100011111101011111111010000100010011010110011100110001110
1000110010010110011001000000110101000000011100101011101110001010
0011101011111100000011011000001010011000111011111010100111100010
1001011010010000110001101100100100001011010011110110100000001001
0001111110011110010101010000001100100100001010000101101110010100
1010101101110111110010011001011111010011100001011000111010110101
0000100001000110100111111100010011010000000100001000111111101001
1000010011011101100100001101010011010100010001000100110011001011
1111100011110101001100001110101100101000010000110011100010011000
0111000101110000001001110110000011001111010000111011011111000000
0011011111101010101101101001111000110100110010100001001110011011
0000111110011011110101011101110110000000001100000100110010111101
1011011101010001000001100110001100111100111000110110111101010001
1001010101011110001100000110011001000111101100011000000000101100
0010111000000010100100110111000110001110111010010100101000100100
1001011111110100111011100010001101000110111101100001001111010101
0010110110110000111010100010100110110011110100101111111011111100
0001010010111101000111010010101111010000111111010000000111100011
0001011101011110000111110010110011010010011011111010001010101101
1110000001000101110101110101001010101100101010111111001111010000
1010111100010011111110111100100000010101111011011110101001110000
1111000111100110001011010110001001101101000111111101000111010010
1100001100000011010000100100100001110011000100101111010110110100
1010100011011010010110110000011011101011011111100111100111010011
0000001010011100100111111011101001010111000111101100111110011010
1010111100000111101110111011000000101001000101110011100110111000
0100011010000000000110100110101111000000111011100000101101001100
1000001010111101110100110000011100011101000111101100011000010001
1110001110010111101011111101111110111111010011100001001101111110
