0010000111001111001000010010100110100011111011000001111100110101
1011011001110110010110001001010010100011110101000011100000111010
0010010001011100111111011101011010001011101010000101000111000110
1000010100101110101000110011101011110100100100011010111010001011
1110111110100000000111110000011000111010000100110010110111110110
1011110100101101111010101111001110110111101000011101000011101110
0110100001110010001010001111100101110001111011101010010101110000
0100001101110001010010111110100000111101000111111101100111011010
1001010101000110011000000001100101100000101111111001110110000111
1111010011111010010111100010100011010110111010010011110111000001
1011010001100100100111111100000010000110100010000000011001000000
1110100001101001011110000101100000101100111110100101001011101111
1101100010110110001110110111100111101101110110101011100001000111
1110111111000110101011110000011001011001000111000010111010011010
0001010011111110011000011001100001000010101101000001110111001110
0001101000110100101101101101100000110101011101101110010101010100
0001001000110100101010101110100001011000111100100011101001101000
1101101111110111110101100000111000010101000110100101101000111011
1000001011100010100010101001100001001001101110110111011010000010
0100011111101001011110000001110011111010100100001001001110110000
0100110101100010111110111110100101111000110010011100011111010101
1111010100111000111101000100110001011101100011111000011000100000
0101011110010011101101011011010101101101000010110110011101100011
0010010111101100100110001011011110100110010110111100100100110101
0001111011100001001011010010101110110110100010101000011000001111
0001000111001011111101000100100000111010011101100101000100101001
1011000001000110100010101001001001100001101101010111110001000101
1100111001100001101100011010111100110001011011000001011000100010
0001010011101111110000111111110000010111101111110011010010101011
1110101010000000010000100111010000011101011100111010111011000010
0110001110110001110011100111110101111010000111001111111110101001
1001101100011001011011111011100010001111000011010110110101001100
1110000000100101001110110101001001001000011100111101001101101111
1011010111001010101101110010001000110011101011000011111101010110
1100110001100011101010011111011110000011000110011101110110111010
0000101110010010011111001100110000010100011011001011011010110001
0110110000101010101110001001000111011000101001011010110111100001
1001000101110110100100000010101101001100001100011110100001110000
1010111000101101001001010111010011010100110110010001000100000100
1001001101110011010100000110001101100001001111100010100110000111
0000011011110011001000000010100100111010001000111010001000100101
0010011100001110000100101111111111010100001000011011010101100100
1010110101111010110100011011101100010101110110110111110101100011
1111100000001111110101011011100100011011000101010000001111110001
1010101100110111111000101110000100110011010010110111100101010001
1111111110010101110100011100111011010111110111100001110111110101
0011111111000010100111001010110101010011011000001000101101110010
0110010011000111111101010010111011100011010111101001110001001010
1101001111010100110000110011000010111001000011101011110111110100
1010111010101100111100010111101101100101001000000011100001011110
1011010111001100000001010010101010000010010110011111101000000101
0111111101100010011100111101000001010010001101110011111101000101
1111001101011010010001001111010001001100100010001001101101001000
0101000000011101001111110111011100111100011011101001111110001101
1101001100010100101001011110100000000100110100011110011100101001
0011010001000101110111000110010010000110000110011000000010110101
1010110101001011101010111000001000110101000011101111101111010101
1001000010111011101010000000110100011000010000010010011111011000
1010100100011110000001011110001010111101011001110001000000000011
0101101101110111111101011111010000101110011100001100001100101011
0010001111110001000111011000110111100010001010000001110100011001
0111110110001111000101000111011001100100111000110001001101110001
0110011100010110011110010110110010101001000100001111100110010001
1010101010111000011000100100101111111001000010010010000100100001
0101001110011000110001101001111000100110000111111011110011100010
0100111100000000010111100001010111100100010110101111110110110011
0111010101010001000011101001100001010110001010011100000111100011
1101100001011000001100101100100110100110010010110110010000010011
0011010000100110000110001110001001000000001111110010101100110110
1010101000010110001111100100000101111101110010100000110011010001
1100001000100001110101101111110101010101001111000010000110110100
0000011110010010101011110011001001100100011110110001011110001000
0010000001011111100110010010110110011000100011111111100110001001
0100010011111011111001101111111010100111010100111101011111010101
0010011001110101111101000110010000110110001000011001001100010111
1111000110000010001011000111100011101000101101001110110011011011
1010010111111000100101000101100101100100000010010111101010111100
1011100111100011010111010010011010101110001010011010111001011000
0101000011110011111100110011001111100110110001011011100100001100
1010110110011001011011110011000101011010111010100101010011001010
0001100111011010001011111100000010001110000100001010101000100001
0110101001100101010011111010011101111011010000100001100110100011
0001110011000001100100110000001011101000010011001101111101111010
1110111101001101010111000010011111101000000000101010100001101110
1101111100000001000001001111110010110101010101001000000110111000
1100110011011000100101011001010101010111100101010000011100100000
1011111001011101011100111110000010010001001011100000111011011111
1001000011101110010101111111110111000100100010010110010111110111
0110000101010010000000010010010000000001011010011111010010011110
1000110110000010001010100000011010100011001000110001110000011001
1011110001011111010101010010000000110001010010000101001001101010
0010011010011101110101010100001001110010001100010000010000000010
1001100101101100110110110110001000010110111011111111000101100001
0011011100010011001001111011011001100001101101101100011100011100
0101111100100011101001100110100001010010110000111100101110000100
0101110101101000100111001100101111111011101010101001100011100100
0100100000010010101101010010110011110100010010110111011100010011
0110100111000100010010010010001111101001000110000001100110011100
1110110100011101010011001010001101011111010001000111000001010000
1100101001101001010101010100001111101010010100011011011001010101
0011101010110101110100111101010001010010001110000011110001011011
0000111001111001111101100100011100100110110010010100110110001101
0010110010110101000100110011101001011100111111101101010110010111
1001100110011100001011010101011001001110110111001100011101001100
