0100011001011101100111110000101010000011100111011001100010101001
0011100100011110011110110111010101100111011101000000101001100110
1001001010110010010001011100010000011111010100011010110101101111
0000001101111100000000101000110100001001110000010100101101000001
1010010011001110000000011001101101000001010011110010101100001110
0100100111001110000111001101110001001110011110010010010000001100
0000010011100100001011011101101100101100100010100000011101101110
0011001101000110111111100001001100001101101101111110011110010011
1101100001100111001010001011001101000101011101011101100011101110
0000011111100100101010111000000011110110010101111110101001011001
0001100011110001110001110001100001111111100110010011101111101011
1100001011101101100010111000101100010000110101110111101110000100
1001101110011001010101110001100000100010100000101101011010010001
1000101111011010110010111010010101001100100101001101100111100100
1110111110000100010001100010001101011101101101101010111101001111
0010100101110011001100010100010000011000101011100111111101111011
1010101001101110111001010111100001110000100001111100100100111001
0001011011000101011010111100101001011110000100110110111010001101
0110000110101110000100101110100111111100001100111100111110010000
0110101110101000001100101010011011001010011001001010111100101011
0000011110001100011111100100100001010011100110111011001011010000
0100001011101101011000111010101101011011010011111010110001111010
1010110011011011100110110000011011100111101001011101101111110000
1111101011000111001010001011001001011100111101001101100101110100
0000111100101011011011001110011101000011110101010101001011001000
0000011101001001111000010001100010001100011011011010001001101101
1001101101001100111010001001010101100100101111110101001111101010
0011110010010101011010010001110001001001111000110100011101001110
0100101101011110110010111011001110110100111100001000011110010010
1000001101101001011101010010110010001101100001110101100010000111
0000011000100101010010101110110100000110011101001111100100100111
0100110111001101111101110010000001100100000011111010110011010111
1100010011001111101110100101011011110000101000111100100111001010
0101101110001101101100101111101001011110000000101000000011011000
0001010110011101011110001101111110000101111110100011000010111000
0111010000110111110100000111101101000100011111001000011000010111
1100111001110110100011110110101110110000000000001100111000111110
1001000110011101110010111011111110100111100110011010010110111110
0110010100101100000111001010101100110110110011100001100101101111
0011110111011110111111101001100101011100111000100110011110101001
0000110000001000101110111001110001001111001100100100011000101011
1000110000111001000011000011111100010011100001110011111101010001
1001111010010100001111010110100000110110100010011110010001001101
0111100011110011101010000101001010000010100100110100000100000010
0100101101101000100010110010010001111010101010110001100110011011
0100110010110010110010011010101100100010100000111100001110001001
0101000010100000001010001011101110001000000110110100000001000110
1111111100011111001001111000000111110100010111011000101100011011
1100010111010100101010111000100101101010101010010010011001100011
0110000010011110111101000010001101010010001111011011000110001111
0100011110100111001100110100111100000001000001011101001000010010
1011010001011100010011111101110001000010111100110110100000101010
1101001001000110110001010000000111001101000111010011000101001111
1001111011011010000011000111111100100010111001101110001000001101
1011101100000001001100100101101011110100101101010011100000110100
1100001011010101000100010100011101010100111101011001011010000100
1101010101101110010011000001000111001011101000111001011101101010
1011010110000101100011111000100010111100110000001011100111101001
1101110110001000010100001001100110111100011111111001110001000001
0111001001000010000110110110001111010010010010110100001001101100
1110111111101000111110110011011000101001100100001110101101011001
0100100011001111011110100001010001011111001111001011111110100011
0011111010010000101110010001111101100011110110010001110000111000
1100110101001111001111101011110100010001111111101000101001110111
1010011111000110111001101001101000101010000011110000011110101011
1010000000100010111111110010010001010001011111110111110110110101
0010111100011100110111101011101000001011001000111010001101101000
1011000000101011101010110110010011010011111100111110111000010001
1111001111110100011110100111101111100110101100100001000010001100
1100101101111000010101011101000101000100111110011100001100010110
0001110110100110101101100110111100000010000001111100111000010101
0011100001101101101101110000100111000000011110011001110110111010
0110100100011000000011001100111010010100001001010011101011011110
1001000010010000110100100001011000010001101011000011001101111100
1111010001011110011101111011001000111100000101000101001001010101
1010101100100111000010101101110101010110011100000011101101110001
0001110011111011010001101011110101001101110000010110111000110100
1010101011100100111110000010111000001111010101100001100011010000
0011110110110100100011101011001000111111011001011001111101110111
1110100101010110101001101001011101000110100000111101001011001111
1110001111110100100000010111101000110011100110010010111000100110
1100110110111110111011100100010101010101110010001001010010111010
1110000010000010000111111110111100010100101110110101010111101110
0110011011000001010000010110011101100001011001111101110000000110
1101010100111011100111101110011110010110000111010110101110110000
1010011110101011010011000100110111000101100011111010000000011101
0101001111110000001010000000011010000010110010100111010010001101
1101001111101010010011111000011010111010000110111110000010111001
0011010110101011010100111001101000000100111000101110000000010010
0110100001101110000111000101100001110110001100001010011100100111
0101011101100001000110000110010001101101100100010101111000111100
0101010010001000010000110111101100011101011001010111100001111011
0101001111001001011100101101001111000000100010100000101000010000
1001001110001101011100011110010000000111101000111110011010001000
1110111000001101111010011101000101010011101000110101001011000001
0101110100011101011010101001100001100110110010100110011111001100
0001101010011100111001111000000011110110100000101100011101000000
1010010101101011011111100011101100011100110111001110100011011111
1011100111010000000100101110000001011110011010100010100011000001
0010101001111010100111100100011011110000011010001101001011011011
0010110011110011011111101000001010101101101010100101010001011101
0001000110001000101101111100000000111100000110011011111110010010
0111000111000110111001101101000110111111101011010011010001110101
1101001010001101000001010101100100000010110111110011101000110100
0010000010101000011011000111010010001101101110000100110010101100
0110101111111111000011000101010101011010111111000000111100101110
0100100101110010011100001100111010110100110101111110110100111101
1011010011011101010110101011000100100010111100101101001000001001
0110111000001110011110001010010110010100100000011000100000011100
1001011011001001100100010000000001000001100101110110101111011011
0111110001111100110000000000010110101101010110111000111101111010
1000110010110000100110010111010101001110100001010111111101000101
0101110010000011010101011010000101000001110110100001001100010011
1111110000110001111010011010011101101111101100111110011001010110
0101010010100110001000100000110010001000111011011100010001010011
1110111101000001011000011010111011101101001011011010010011010111
0100110010001010001010000000010010111001000100001101000010010111
0001001110110100110001110011000001111111111011011111011111000101
0000111011101101110110110010000100001010011110001110011111111001
1001100001011100111011110011101101101110000100000011000001010111
1000010111000000111110001010000111010000100000101011010111001011
1110001000011110011010001110000110000101101100111100111111110101
1110001110011001101000001010111100111010111010110001110111100101
0010100110001001111010101010011000111110111010000000001011000011
1110011110100111010000100000101100001100100000011001100001001110
1001100111011001100010000000000011110110001011010001000000001100
0011101011000000000010111001010111100011011001010011111111011101
0011001001101001001111100101101101110011100101010011001001111100
1001111001110001110000101001000010000110010110011011011111000100
0111010110001001100011111101100001010000000011000111000011010110
0110001010011111011100101100100111000010000101010111110010111000
1101010110000111001000110100000001100001101111110101110100000101
1101010111111111001010001110111001011110001001110111000101011101
1000001000010110101001100010011010101111100001101101000011100010
0011101010011001000010111010001000001010000100101010001100101010
0101110011010010111101100000101101000101000111010101111001100110
0011101011000101110111101000101110000110100110101111001011111100
1100101010111010100111011010000110100011011011110111000111011000
1000001111000111000101000100110011010110100101111100001000101101
1101001101011001100000001100100110010011101010101101011101111011
0101011111111011011110101110011100100111001011100101100101101111
1111000111101010001001001100001100110010101010111101000010000100
1000100010010011101100010000000110011010100001100101110000100110
