1010000011110110100000001101100000110001001011100001000101010000
1011011011001101001001011001000110100110011101101100000000000000
1001001010101010000111110100011110101010100010011001111111011110
0011011010111001101110101110111110010010011111001001010011000100
1010010111001101001011101111101010010000110011001101100100001111
0100010101111110000100000110101111011100100011100000101111010001
0001110110101000000011111001100100001101001011110000100110010001
0011110100100001010000011110111100101000100111010011110111111011
0011010110111101101010011010101001011001011011000000110001110101
0000110101101101000001011101000110011101001100111100111111111101
0100100110100101011011101101110110111101011010011100001000001100
1111101101100110100001111111110110011110011100001111000100111110
1000111011011101110000000010101010001110110111111010000000111000
1111011001101101111000101010100110111101011011100111000101001101
1001010010110000110010111110010110101000101010111100100000111000
1001001011000111100011111011001101111110110001110111001110101010
0111010110000010001101000010011010111101110110100001111101001010
0110001111101100101000101101000001011000110000001011110001111011
0000110111000000100011001010100111001101111000100111000110000100
1001100100000100101110001111010101110000111000011111011011010111
1011000101110101000011100010011011000111111100010011110111110001
0000101011010010010010100101010001110001000011101111000110011011
0111110011011111100110001000101111101001110000101111010010011111
1100001110110000101001001101111000101100101001101101101100110101
0101000000011110110100001100100001100001110110111100100110100100
1111010111101001100001100001000110010001101101000110000111111000
0000101001101001101000001011010111111110000111011101001010111011
0110000000111101100011001111101000001001100011011110100001100111
1110000101110001010001010000111110010011101110001100110011000100
1000100001000100011111010010011000110010010001001100101110001100
1001100100001011011110000100000000111110110010100010001000100011
0010011110001011110010010100011101100001111101011111000110101000
0110011011010000110110111000010010110011100110110101001001110011
0100110100011100010001001111000000100101001010010100010110000101
0010011110100111110100111011011001101110011101101111011110100101
0011010110111110110010010010111111101101111110011111010011111111
1001010100001000000110000111100110101110000100110101010001101100
0101011011000011011001111110000100001110000100101100111110111100
1011000010100011111000001111011100010111001100000010101101001111
1110100010110010101111010000001011011010101001111101001110001110
0111010101100111100100011010011001111101100000110000110101111111
0001111101101011100010001010111000000110001101100011010010101000
1010101001101110110101101101010110110110010111001110001110001100
0100111101001101000011101010111011111011110000000011010001100100
0110010000000010010101110111011011001111111110001101001100111100
1100000100001000100001000010110101101000010100110010000100000110
1010100101001000111011101110110100111011111001000001000100010000
1100101111110011001111100011010000100000110111010000101010011011
0111100001100010001110011000000111110100010010000000010111110010
1101101001000100010011101110100101110110001000100110001110000111
0101111000100101001111111000111010010100110110000111110001110101
0100000101101110010001001100101100011000000100100110110100111101
1011001011001110110001001111010011010000101010110111100101101001
0010101101101101010000010000001110110101110100000100110111000010
1100010011111001000000100011000010001000001011000000100010000011
0000101111101111101011110000110110100111111011000000100110110001
1100101111011010011010111010010011101100001101100010001011010000
1001111010000001001111001010100010001111110011001010010010100101
1010101111011011010011001101001100011000001000101001011100110001
0110001100100111110010001111110001100001111111110101100111111001
1001101110001111111000000110101010010111111111010101000101111011
1001001111110010101100100010010001100101110100110110001010001000
1110111011001100101101011011100001111111100100010001110111100101
0101100111010001011110111110100101000010100011010101111111011011
1010110010111101100111011100100000111101101010010011110001100011
0110010100000011011101111010101110111011110000100010101100011001
0010000110001101010110010000010101110010000111011101101011001010
1100000011000111010000111111011101111111011111110100101011000110
0101011101011101100001000110110001000100100110010000010100011010
1111001100111100010100000011000010101000010111000100001001010101
0011110011110101101100010001010000000100000111110100110100010111
