1110110000000010111111101100000110101111101000010100000100100100
1101000001010100001101010111001011100000001010011100110010011100
0101011110000100011001110110000000100101001010111110000110100011
1111011011111101110111110101110101110011101100101111010110110001
0010011110000000110100111010001011010011010111010101000001011010
1101100111100111001101110110010100111000111010001100100000001111
1010001010110101000110010000000000110111011011011001000111111100
0001010111011000111011010000110110111101010110101011011011101100
0010101100110011101001001100110101000110111010011101111110101110
0111000100111111000000100000010111011100010001010001000001010001
0001100010100000100011010110101011100001011000111001010100100111
1011110011000111000010011011010011000011000001011100101100000000
0010111111110111111100011011011111111100110000100000010000101010
0111101101111000011001011010001010100110110100000101010111110001
1100000001001101001100001001111100100110100010000011001110110001
0111101111011001000011100101110100010100000000111011010110011101
1011110100111111010010110111100000011010111011000111010010011100
0000011000100000111101110101010110000110110111011000011010101110
0101000010110111011111011000111100011010100010111100011000110111
0101001000011101101010010011111111010110001110000110111011101001
1100111100000101101001111011101001001001110010010011101101001000
1100101101011011011000101010101001111111010010110010110000010000
0010000011011100101110010111011110010101000011110010111001101010
0101110010010111010101010111111101110101101010010100100111010111
1000111011101011011111010011111111101101111011101100111011001111
1100000011100101001010111111101100001110000110000001001010111110
0110110011110010111101000000100000110111110111000100101000110110
0110010100100010101001010111011010001100111001010101101100110111
1110000100111011100100011010101011000000000111101011101010010000
1100000011111011110000000000100110111101101101101011101011011110
1101001110110001011110011010111010010010001001011100001010001000
0101101110010101000111000000011111001010110100100110111111011001
0111110010101000010000110000001010001000111000010010000110000010
1101110000100110000100100100111101111010110010001001001001001010
1100011110011100011010100011100010000111101100101101101011001101
0100011111010010110101111101000010001010110001011001011101111011
0011100100010111100101000100001011110001100011111010000011001001
0010000110100100001101011011101110000011010010010011110110110001
1011000110111101000100000100100001111110110001000100010000001001
1110010110110011000101111111011100110101101011011110000101111011
1011100100101100100110010110110010101000000101011011110110000010
1011100100001110010110010011000010001010111000110101001000000011
0111010010001011011010001000011101000000000110101111000110000101
1110011011101000110111111101111000011001001011000100100101011100
0110100101100111000110100100010000111001101110000100101111010101
1010111110010000110111011110010011110001100111010011000100111010
1011011010011011010000111000001111110110011011000000010101011100
1110111101011001110000111010111010100011100010101010101011111101
1110111000011101110011011111101000000100011000001110000100011101
1010011101000010011101100010010000111011001001110000000000100000
1100010001011010001010100101011111100011110011101001011101011001
0001000111011010100100001011101011010110000100111011111111001011
1010001110001010000100111111010010101101100110111100101110010011
0000111100010011110000100000001010100100101001100101101011000001
1011101010101001110100110100001000010001111010000101101001100111
0111111010011111000101100010100001100000111001001000111100010100
0010100101010111000110000100010000000111100100110010001100011010
1101010000010110111010111000001011011010000011011100001111000111
0011110110111010010100100110010100001010101111010001101100111100
0010111101111111111010010011010000010001010000111110010100000001
1011000000000100100100000101000001100110100000010000010011000100
1011111000010010001100000010010011001011010110010000111011100111
0010001001010001010000101101101111110101111100110110011110011000
0110100100011110101011010110000010000110111011001111110001110011
0011001100110101011110010110100000001010101111011100001011100001
1000100011101001110011011001011000001111000000000101101100100011
0011100000111111110111101000000111111110111110111011110111010111
1000001110101110111101010001110010111010100011000011101001000011
1000110001001100011101101000101000011100000110101101001011110101
1000111010001000010100100101011001101001010010011101100001111001
0000001000110110111010111000110011100001010010011010000001000101
1101000011100111010010100100000000100101110100101111110001111111
1001010101011100111001000101111111011011011010100010100111000010
0000000110110100101000101001100111000010101110001101011110100111
0010011110100101001000000100010111011011000100111011100010101010
1011000011000111111101101110110101100110111101011000010111100000
0001110100001101100010110110010110110110001110010001000011010001
1001110111100011001111001001101111111010110001001110001101111100
1011100101111111000010001000100100001010000101100011010111100100
1111000000101001101000110010111101001110000110101110111110010000
1011000111001100101100011001011101100111010010010101011101110101
0000000001110011101101011111000111100011100100010010010110101001
1111001001000010001010001010001001110010010100100000001000110001
0010011000001111000011110011101011010101010011110111100001110100
1110000100000111000110011101101000011011100001011110001001011001
1101010110100100100101010010100010000111110111110111111010001000
0110010101000001001111000101101110000000110111101100010010000110
0111100010000010110000011111100011000111000100111010101011011100
1101001010000001011011010001111000110100010111111110001001110100
0100100111100100100001101101110010010001101000001000101101110001
0001101011111011100100110011111100110000110101000000000010100011
0101010110001111111101011010100000110010101100001101100011001001
1100010011011101000111110011111001001001101011011100011110010011
0000110000100010010111101101111001011010011000011100100001000110
1110111011010110101111011010111101010001001111001101000110110111
1000111010011110000110010010000101011101111000011111110010110001
1001011001101000001000110000100100010110111110000011110111110001
1001111010001100100000001100110010011100011111110011101001000110
1100101000101111101101110110001111010100011001111101111101000000
0010001010001101000011110110010010010011111001101001101011010101
0011101000110001011110100000001101011000000100110100011011011001
1100010101100101010001110111010110101001101001000101100111000100
0000111101011001101001110011001011000111100100000101001011101110
1001011010011010101010000110100001000100101000110100001000100101
1000100111000010100100111110000011110110011100100001101011010101
0111101101100100001011001010100010010111011000101111111101100011
0100001110110010010111000110001011100111100111110100111010001100
0110101010110011100001010000110000011000010110001111101101111011
1100101101110011001100100101001011111011000000011101011000010101
1010101101011000011000010001110100000010101100100101111110101101
1100110010101100000000011001011001111001111100000100001010000111
0001111000011100011000110110100010000001101010000001111010101000
0011100101110011011111101011111010110011010010111111010011101101
1011000100110010100011010111011001111110110100111001011000110110
1010010010110010101101001001000000001001010100001011001000101100
1100111001001111010001000100110010101111110110011001001010011010
1110101100010010100010001101111010110001100011111111111011010111
1100001101000001001011111111011000001001011011100001110101101011
0000100111111010001011111111111001000010011000011101111000101101
0010100101111011111000000110110100101111000000100011100000010011
0111101000010000100101001111101010111010011010111110011001101111
1011011110010010111110110110000110110000010111010010110101000011
1000111000000011100111010110100101001100111011000101000001000010
0100000100101000010110110111011100101110001011011001001001111111
1011001110100100111011001111100000001110100010001000111000010100
0011011111000111011111010101011010110001100010101111000100011110
0101011011101101001110001111100000101000001111111001110011111110
0010101011011111101000111101000110011110000000111011101100011000
1001110010111010010010100110111100111001010001001010101010011100
1110100001100100111001100111101110010101001111011100000000001000
1100010100000001101100011101011010110110100010101101110101010010
0100110001000011110011110100001111011101100011110101010010011000
1011101100101000011111010000010001000010110101001010001101010110
0001000010000111001010000011101111111100011111100011110111011010
1110001001010000101011011111100111111001010010011000110110010010
0000110011101100001010111011011001111010011110000100011011001001
0000111100101101001001000011101010001101101101101001110101110000
0010110111001110101001101000001011000111111101110100110010101010
