1110100010011001110110110100101001000010110110101010001100001000
1111001100110000011011001111001001111100001110001111101000111101
0011111101011100001101001001111100000110010110011100111011011100
1111001110001000001111011001010110111011110100101110100111001000
0011010101011001011111100010011111111111111010111010110010100100
1100101001111110111010101111101111100101110001001010010010110110
0011100101000010001001100110001111111110011010011010011011001111
1001101100010100010100110011010100110001011001000101111100001110
1100001110000111001110101101101001100111000001000001111011011101
0111110010110010010000110111111010101000010111101010001010101110
1011101110010110001000010000010010111011101001100100110000011110
1001011100101111011000101101001111100110100010100010101011010010
0100010110110111000111000001100000111111101111010001010011010110
0111000111100100001010101111100101101010010010101001100011101111
0000000100111110101110010111011110011110110111100000111001101110
1110010001011001000110011111101111001011001100110110001010010100
1000110010111000011100100001110101100011110010111011000011011001
0011111011100100011100101010101011100111011111111010110011100001
1000111101000010111100100101001000000100000111110100001010011100
0100100001111010100011110011010100101000010101011000000100000000
1001001110111111110011001010001101111001000011011010110101010001
1000110110100101111001101111001111100111011000100001111010000110
1011011001110001010111010001010000000001100001110111001100111110
1001101011001111111101001011001011110100000100000001010011001011
0010111010101001110011010011001000001011100001110101010010010100
0001010100101101011000010110100010110001100010100111111001100011
1011001010001101110011001010010110111101101100001000010010000100
0000011100001010111001111101101011001011100011101001010011011111
0101110110001001101011000000011001100101100010001000111001111111
0010001111100100110001001001101100101010001011000011001111110011
0001011111010110000000001111101111001010111010110011111110100110
1101110000110100111100011001110001011110100001010111100100001100
0010110111000101001000110001001100111010111101100011011100011010
1100000001000010100000001011101000100001110000100100000100001011
1010001010001101010011001001111011001111011011000010111000100001
1010110000100101011111101000110000000011000010110010100001101011
0110110010011010110110101011010110010001010100110000100111111101
0000010100010111000001101111001010000010110100000100011000010100
0001000011000111101111111110111011000010100011111000001000011110
1111011010001001001001111110000100001010111000111111001000100001
1100011100101001010110011000101110100100001110001111011101001010
0010010110010100010001110110101010010111010010010101001101111001
1010000111101110011011101111101001110111110000001001011001110000
1010110111100001011101101010011101010010100010011000010011001010
0101001111010110110000110000100110100001001110111100111111001011
1101111101101011011010111100000111001001000011110100100111100010
1001010000110111101011101010110000010100010101110100000100111010
1000001111101001111000001110000100110001100111000001000011100010
1011101111011001101111101011100011101001100000101011111100000010
0111011111011111101010101110110111110011010111111110010111100011
1101000000001110100000011001110111011000101001011100010011101000
1110000011010101011101010111001111111001001101010000001100010101
1011101111000010000110010010010100011000111101111001101101101111
0010110010000001111110001101100000110000011110101111000010111010
0011110010010011110000100100001101110010100111001111100111100100
1100111111001011100111001001000111010000101001011001000110001101
0110111010010001101000011101010110100110000001100101001110111111
1010110110000100010111000100100101000101100010100001100101011000
1010100000010101110111101101110010000010010101000110100101111001
0110010100111100001001001010010100101000110001111100100111111110
0111111110010100101011111000111101100001110001010010001111000111
0110000100110111100110001111100000001000101110011110000110000101
1010011010111001001001001101000111000011010110001110111001110010
0011011111001101101000100000000000101011101001010001111000011010
0001011100110100100010010100101010011100101001000001111011011000
0000101001100001001000100110110011011001100011011000000101110110
1100111100101001001011110011011000001011000010111110000110101100
1001011000101011000101100000111001100010000110011000111011001010
0000010001100110100010010111010011100001011111000100001001111111
0101101001100110011101011010101101010101001100110100011110110000
0000101101011011011000110110110111010000011001011111001000110000
0101011010000101011001100110001101000011010111010001110100111101
0001111111110011110001010001010010111000001000001010111010001011
0000101000101100001010000110001010101111001001110010110110101100
1111010011001100100010110010100100010111100011111110001100111010
0000111010110001001010111011101110100000110011111010001111000100
1111110000110100111110011010110101011011100111110110111110001000
0011001000001010100111001000111000100110110010011111001100110001
1001011001101000001001101010101011110110111101100010000001000111
0010000000000100010100111111001111111010111000010000011011101101
0101111000011011111001001100110000000111001100111111011101110001
0011110010001101010111101001100111010100010000100010001001001110
1011011111011001100110110101000010000111101110000000010101010010
0011110011100101010000100101110000010111000001101001001101110101
0110100100010000001101011100110010011010010110011011100011101011
0110100010100010011000000101100100000000100101100001000111011001
0100101100001110010100100100111001000101010011100101001011000100
0010011111011100110010001010000111000100000101111111010101001111
0000110001110001111010110111010011010111001110010010101101000110
1010110001001001010010101101011001101010111100101111110101001101
1110111111001111101001000001111110110110010110100000101110001100
1110111110110100100111110011101101110001000110111011000111101101
0100100111010011110111001101000101001110000100101010011000010001
0111110111000011011110100100010010000101110101101110001010001100
0011001100110011000111110011000001010100101101111000001011101010
1110110001111001100010100001110110100110011000110100000110001100
0101101111111111000010000101110011110011010000011101000000001011
1010101010011101101101101001000100000000000010011111000001010110
1101010101010100110011101010111110001000000011011001000100101100
1010001001100011111011010000001111000001110001111110100101001000
1010111101000010000101111110100000011100101110101110110001100100
1111100101011010110000010010001111110000010100010100100011001110
1111010111000101100110000010000110110111100011111010110111100111
0010000011111010101011100100100101101001111100100011101010010010
1101100010000010010011100100101011001010110001111100100011110010
0101001011100001100100101011010100101001101101111000110101011110
1010001001110010001010111110100001110101011010111100011011001101
1111010001101111111111101001001100000110101110000000000111111101
1101110001111110101001010011000011011000011011010110001101101001
1100101010011010101001000110000010111010100000011100111000011110
0111011011000011001011111010110101000100110010111001100110001111
0100011101001011101011100101111001111000100010111101100010100100
0101101101001010000010000011110101000000010110100100011000100011
0111001000011010100010010101001011011110101001011101101000101011
0000000101101110111100100011110110001100110110111110111100101110
0110111011001110100010100111101101110011001100000111000111110011
1100111011110100001001001111011000001010100000010111000111000011
1110000010000000000010110111101110101101101010010010000001100010
1110111011011010110111110001101000101101010011000000100010101100
1010110001100101110100000011101011001101111111001000010111110101
1101010111010110111101001010000100110110010010110010010110010010
1001010100111111001010011110011101000100100011111110101000011111
1001100010011010011100001100001111010101001100101011100000100011
1100000110000001101010101100101011110000110010001000011000111010
1001010101010001001001010010010011011010000010110000110111010011
0100010110111101000011110100011010001010111010100000011000010100
0010000011001010110011111000100000110111000011111010010011010101
1011101010011000011001101001100110011000000101111010000011011011
1010011110111110010001000001000100101011001101001110110111001110
1011000010111010101011010010101111011110000001011000100001011111
0110000111110001000100000100100111101101100111111100100010001100
0001101000101110010000100001000101000010111011111101100010000100
0000111000100101000110110011000101010110001101111001111100101010
1110001101001111001010011101000111110101010011101000010001110101
1100000101101110100111000001111000100101100000100111001001101011
1010110001000011000000000001001101110100101001100010011010110011
1110110010111100110010111010000001111110001101111100000110000101
1011111110000001100010011110101111101100100111110001010110010000
1001000100001111110000110001011100101010000110011010101100011000
0000000111110001101001001011111101110111001000000011001110000101
0111001101110100101110001010010111011101100010100101110111001100
0001010000101100010000010101000101000010111110101001001000010110
0111011000111110001010001010000110000111110111010011101101110101
1100101100011000001011011001101111000011000110010110111111101110
0110101111011100100110111101011111101011100111001110010101000011
