1101111111010011101111100010111111011000111000100011100000111101
1001011010010101011010001001001000001101111110110010011011110010
0010010100100101110110111101101011000100101100100011110100000100
0111010001101000000101100001111000001111010001100110101111101111
1000101100001100111011110010001001111001001010100110001001001011
1111111100100000000110101011111001111001111101111001110010011010
0101110100011100111101011010100010010000110001111000001011100100
0101111011110111010101001111001000011010011011101001100101110001
0011111100100101111111100110010110111011001111001101000100100101
0111010010001111001010101011110100001000000010101111100101100101
1100100111001010010000000111011000011011001011010110111101100111
0011111101001001000010010010110101110000111111101010101001111111
1000110110110110000010101000110001001110110101010110100111101110
1110001010101011000101100100010001111101010001100001111010111010
0100000101100010011010001101001110001000010000000101111001111001
1110111011000101001100111101010111101011001111101110001110010100
1100010010110101100111101011110001001111010011100000110101111111
0011110000100001010010000110010011011001011110100101001000010111
0100111000111011001101100110101001010100110100111110001111000010
0100111010110100011001111101101011111110100110110000101100000110
0011110000111001111101100001010001001101010110011111010111000010
1100101011011010001101111111011011001101011000101110011011101011
1100100011110100100110011010101111001111100001010001011011100100
1110001000110100110100111001101001000100011001001011100100001001
1011111110100101001101100000011001010111100110000011000000111011
0011010110000100001100100110101101100110000111000100001010000111
1011100010010000000101100101011111000101101100000010011000010001
0000100100100110010111000010101011100110101110010101111110000100
1010111111100010001100000010010111111101111111000110000110110010
0101100111011010111110010011100011110101011010000000001010101100
0101011000000001000011101100001110001010101001111111000000011110
0000010111101100001111011011001110011110010001001111001110101011
1011101101010110101010110011111010010010110101110001110001010101
1100010101111101100001011111100101111111110010011110111011011001
0111010010100001101100001110100101110101110011110010001111010001
1111110111111100010100111000000111101001010010000110100000010101
1000111010000000011100010111000011010100100011000001000111110010
1001110000101100101001100010111000010111001000101010010001111001
1111111000100011011001110110000000101101110000110110011110011001
1000111000010110100010000000110010001101100111101111011011010000
0010011001110100101011100110101101111011100101111100001100100100
0010100000101010101110000010110100001100011100010111001110000111
1001000101100000101011010100101001100100111111100001110101111101
0000101110100010011011111010111000000001110001100011000000100100
1000100110110011111011001001010110001011001101101011111100110010
1100010100010100000000100110010100000011010001011000110011110000
1110010001011000010101101011110000100111000100010110110001110110
0011101001010110010011001111111110100111000101100110111010000001
0010111011111001110111010010111110100111110001010101111011000110
1110100011110000100000110111001111011010001001100000110111011001
1110101001101101000010000010101110110111001111010011110011010011
1111000100011101010001010101011001110010011100011100011001110111
0001001011000001010100000001101111111010010000010011000000011011
1000111111111110111010000011000101000110110011111011000111111001
0101111010010010000111000110011111111100001000101100100100111111
1001001110011010011100110101111100000011010010101010101000011110
1100101100010100010100110011111011111001010001001101000100001100
1110011000001110100110100010000101100111100101111101001011100000
0111101001011011111010000101001100000011101001001100001010110111
1101011001001000101011100110001011100100000110010000001000110010
0010101011101100110011101001011000011110110100011011110010111010
0100001100111001110001011000101100100011101011100100100101100000
1001101001100010001111000001111001000100101110110011000100010010
0101001011011001110101011101111110101110000110010100100010011110
0000001111001100010010101110010110001111100110000011011100111100
