1010010010000101010011110010000101101111000011100001000011111000
1111001010001100110000010010001100010000111011111100111010101101
0111110110101001101010110110001111000000011000011101010001000010
1000010010010000011000001010111110111000001011110001000101010000
0100001000010111010100100001110010010100011001010110100111100000
1001100000101000100010100011111110100110101000011110110110011000
1001000011000010100111100100111101100101111000010110110000111111
1011111101000101011111101010111111101011111100100110011001100001
1111111010010100000010011101001010010110001101111011100010000101
0101100101111110100010010011101000100000110111101101100011010101
0000100001110010100101101000000001010000010110100001000010011100
1100010110000010110010000000100111101110111110111011001100101001
1011010101000110110010100110010110100001101110001111100000111011
1010010000110100010000000101000001011001110000000000101100001101
0000000001100110111101001100100010001101010110110011010111110010
0111011010010100000101001001100001000010110101001000101001110110
0011100011010111101111101101000011010111111001100000100101011100
1100001010001101001100101000011111010010011000001011110100010010
0111000011000000110010111110100000000110101000001110001000001101
0010011010001011111000100100110010011000001100101010010111011111
0001011000110110111101011110110011001010010100110011111010101001
1110111110010100000111010011000100001111000010100011111011101101
1010000000100100101101111010101001101001110000111000101100001000
0101000001100010101111000100010111111000000001010101001011101010
0011001011011001111010010110111001000100000101101001001011110010
0110101101000100111100110000111110100111001000100110010111000100
0000100000001000010001010110101101111111010000110100001101010010
1100001100000101011010111000100110111111101001110111011011111000
0100001000111101001101100001100001010101101110111111101111011110
1101101001001111001000111011100000000111101100011110000000100111
1011010010000010001101100010100011010010110101010111101010101100
1010011111100111101100001100101010110000011011010011101111101001
1110100111010000110010001011110111101110111111011100001101110001
1001111111100001011101011011100110110101010000010101111010001001
1000001101111000011110001001111110001001000001101010110101100101
1011101110010010111011011000100111011000000011101011100001010011
0110100110011101010111001000111101000110100110000010110010010010
0110110111111111100101111100000001010111010000111011111000000001
0111111111101011110000110111011111100010101001100011010110010101
0111101000010110111001001011011110001111110101110101101011000011
0100110001100111101111010010111011000000110100011100101000110101
1000110101110100011010010111001100110101001110011000101011001101
1110001000111010000001001111010110101100010011101000110010101111
0011000100001100011001101111011101110001001001010000001010101100
0011011011100000000001000010100011101011100110010011000101000011
1010110110000000110010011011101101011011001110110100110000110011
0111010111111010101111100110110101010110111100101111100101111000
0111110000110111111001000111100100001100000110010000001111000100
0101110101011000000010000010010001001111000001110001101011100111
0101001010010110110011101100110111110011100110011011100010111011
1101101101100011110110001011101101000000110000101111110001101001
1100001101001011111011011010111001101000110011101001111000010010
1000111111011001111110010010110001111010101111011011111000011101
0010010111000110010010111010011010110000100100100111000111000000
0001111011011000001101101100111101011001110111101001110010111111
0101111100110110111100101111000110001000001111010101001100001110
1011101001010011101110101010000001001101010001101100001001001100
1100101010111110001000100101010011111111011110000000010001110101
1111100100110010100000010101110110010011111000100111111000010010
0001010000001000011010010101111011011110001110010001001111010111
1001010011100010111011100011100100010110111111011011111101000100
0101101000010010000100111111011101111101001010101110111100000011
1011011101110111001011111111101100011001011111111011011011000010
1101001001001101010110101010001111011101011001011110110101001011
0011110010100000001101010111101111101110011100100001011001010111
0101010100100101001001110010010010010111101100000111111001110001
1000000101001100111010010110011101111010110100110000001101100100
1101101111110011011011110011000110101111011101111001101111010100
0110100111110110010000100001100110001011010011110011101101110101
1000010110011101000111001010100111001101010011011011100111100100
1101010011010101111110001101000100110010011000101001100110011000
1100011100100101111011010010111111111101110100101110011100000010
1010001000011110001111101010111111100011100111111110110110110111
0001111011101101100001011001110111011110101010100111111100001110
1000100010000110011101101001110101110111100010011001000011110101
0011001110000010111111110101001001010001111001011111110110011001
1010011110110110101101110101010100101101001100011100100000111100
0101010101011100011110110000001101010011100101101101011100111111
1010101110011000001000111010100110111111111100000100101011010010
1001110000011101011011010100111011010100001001110101010000101000
1111000000110010001001000101101100100101011100111111100101001001
0001101000001010011011110010111011110010100101011110100111100001
0011101110011110101110110001010001001111000101111010001010110100
0000110100111110001100011000111010010000000000011101001110101000
0100110110001100110010101111000001000011100111011011010010010010
0001001110100110110111110000111101000000000111011011011001001101
1000001110000001111011000110011000011000010000101000000111011010
