0100110100000000101000011110100000101101111011011101011110110111
0100101100101111011101101111100010110100101100101100101111110001
1101111110011110111101101100011111100001100100010011101010110001
1010101100001111101111000011000000011010100010110111000111111010
1011111100101001001110000100101100010101111001101111010011100011
1100111001010101110101110000010110001001000010011100001010111111
1110000111110010011000110001111111011100011000111111100001111010
0000111001101011110111110110110010100000000000100001001101111011
1011101001000100001111111100111110001001101100001011001101000101
1110111000011101011100001010010100110011010010100110111010111110
1100000010100100000011001101011010011111100100101000100100110001
1010100110000110001010101000100100110111101110100111100010010110
1001011101110001110001111010101110100100011001111111100111000001
1100001110011100001010011000100111111100110000000001011110100001
1110000010001100110011110000010101011100101101001000010000001111
1101110100101100111110110000000101010001111010001111000111010100
1000001010010000001111110111110100000000100111010010010010100001
1101101001101000011001111011010100100000011000100001101001011001
0101100000110000111010001111010111111100111101100100100001111101
1011100000010110100011111101000001110111110000001100011011110010
1000111100101110111010011100100000111001011111110010011101010000
0011110101011000001010101101000110011000101011110111011110010110
0000000111001010011010101011011001001100110011100110100000101011
0101111000010101101100110010101001011111001101101110001100110100
0100101101100101001000100101100100001001001001111110001011100001
1100000101101010011110101011101111111100110010110011110101010000
1111110111111000100100000111110000001010110001011101101001100100
0111101011100001101101010000000000101001100011110110100111100111
1011011011110101111001101110111110100000111101011110110111101011
1100111010000010001000001000111001111110001100101110000001011001
1001001110110101000011010100011010100011000011111011111100000001
0100110000110111001010011100100100010110100010000010011010101100
1010101000110110001110010011111110011010010011100110001101101000
0000111010001011110100001101111100111001111011011010000000111011
0000101100111001010011011001001110000101001011001100111101001101
0010100101100101100000101011010001100000001011100001110100001100
1100101111101000111111101100001011001111001010111001010101000111
0001011111010110010000010001100100001010101010010010011100100011
1100100010101101000100101011001110010000010111010000010111101100
0000101011111110111110011111111100000110111110100001100010001001
0110001111010110100100000110100000001011000111101110011100001000
0101111100100111010110111111100010001010011101110110000000101100
1100110010101011110010010111001011110100001101100111111000110110
0111100010010001101100111101100000000101011100001010111101100011
