0001010100101000000010100101100100110101110110100111011100101000
1111101101011010101101101001110111010110000101000100001101100011
0000010100000001011110010110010100011000001010010010001000010010
0101001100111011000010110111110111101101101101000111101011011001
0100000000011011101101011100100100111100101101001111100010001000
0000101000110100101001100111100000000110000110110101100111101011
0101111100010111111001010111000111100110011101110001101010111101
0111011000111101101001111010101011101100011011011001011100101010
1011111100100000000011101001111001010010010100011111101010100000
1000000001101111010111001011011011001000101101100010100000001101
1111000110010001001010001101001111110101000010010011110001010111
0110000001111011001101011100111100110110110110101100001110101101
1101000010110101100111100100000001111010010000101100011000101011
0001111010011110110011101100001001111110001000011011011011100110
0010010010100000101001010011001101100000011101010100110111111000
0101111110010001111001101111110111010010011101110101011110000111
1011111110011111111110111100001011111111111001011000111110111110
1101100011111000110011000101100010100011110110101011011110110101
0100001010000110110001111100000000111011001011010000111001111000
0011100111110001100001100100011101010110011101101111001101100010
1110000011001011111111011111111000111000111011111000111110100110
0111000110111100111110110110011000100110101000001100111010000111
0100000110011100110100010111011011111101110101011011010010011100
0000101110000111111100001100101100101001111110011010010001100001
1010100010111111101000101100000101010100100111111101110011010101
0100110011000111110110011010000001101001101111011001001011101011
1011011010111110011100000100110010110110101110001010101000011001
0100000011011110001100000000101010001001010100111111001110000011
1101011001101011011010110000110110100001100111110111011101000101
1111001001110010001001100000110101001110010010010011010011001000
1001101001001100001101111101100100001011110000010001100100100001
1000111101110010010000001110011001010100101101010110010011000101
1111001011010101010011001001010011010111010100111010011000001100
1111110110011101110100100011100110000001001001010110000100100001
0111010110101111010101101100100000101100001110000100110111110011
1110001100111011011001010100101111010010011010001000101110010001
1000011100011101111011010011011011101110101100010001000011111001
0111110100010000011010110011010000000000111001110001011001011111
1110011100110010110101011111110110010010101101011011011011111111
1000011011110101110010011010011000110011100111111001110001110100
0011001011110100111010010111011111000100011000111011011011001010
0101010100110111111101011100110110110100100000011000010110010111
0111100010011001001001001110100000001001000011001110111111100100
0101000111111000010110001100100010001000000000011110010011111111
1010111011001101101100000001100010010010111100111000100101010110
0001111011000010000110010010011010110101100010100101100110111010
0111101110001011110000111100011100011110100110011010100111100001
0100000001101101111001101110000110011100010011110000010000100101
1000101100110010101011110000000010100111111111011011101111111000
1010100010001111010110001101110111100011101101011100011011000110
1100000001110110100101011001110011000101111011101000110001001001
0010100001101010010001111011000010111001111110001011010110111100
0010101101111101100001011101111110101100010010101000010110111010
0000111000010010101100100010010100110101001011011101011101011101
0100111001010101110101001000100111101001111000110010111110001011
0100111100000001110111111001100110110101011110101011111100101111
1111110111010011101001110101010000110101101111000100000110011110
0011011110110011011000001011000001101011100100000011010110110001
1001111110101000101100111111110111100001111001111011010110110001
0110010111000011011000101100011110000010100101011001101000001011
1101110011111101000010111010100011100100010011000000100000110100
0101111101111010101000110000110111111100001010101101001110001111
1000100011000011000011011111010010101110011100000101100010001011
1111000001101000001111000000010111011101111011001000010001000100
0010110101001101001011111110110110111111101100110100111001101000
0010100110100111100011001000110010011110000011000000100010110100
0011101100010001011100110011110010101010101101011011100111100101
1110010000001001001111011101100101100111111100101111001110010101
0001011111000110110110011101101101000111011110101110000101100110
0011000110110111000001101011000101000011010101111010000111101101
0010101001010100101000101101111101111000111100010111001000001010
1100001001000011000110101010111101000100010111000101101110000100
0010001110011001000011011111100100000111001100100000110100001100
0011000010000000111000101110011000001100101010100010001001000110
1111101011101101111010001111101011011001111010001100010000100011
0101101110011001111000100011100010010000011101100000100000110110
1011001100011100100110100010011100100010111100000011101101101111
1000110101110000011011001011110111100000001011001100011000001110
0110010001110101100011100011001000010010010001101000010011001011
0011100110011110000100101011010111110100110100111100001010101001
1011100110100101000100110001101001110110001011000000001001100111
0110001011011110110111111001001000111100101001010100001110001000
1100100001011101010010001110011100110100010000010000111100011000
1111000001110111110011010011011001101100110001100100011111111010
1011101101110111001110011001100111101110100011010010001110000100
0100101111011100000111101100111111101101101100000111111111101000
0101010000001101110111010011010000010111010100110001100101111101
1011011011001110111011010011111110100000100100101111010101010010
1100111010010001011000010101000011011011100111000011011011011011
0010011100111010101101011101001010011100010100101010000010000001
0010000101000001001110100100000110110011110010011110001101000111
1101111001001000011000011100011110110000010000110010011111000110
0101101111011111110010100100011100001100101110111110001100010111
0100101001000011111000000010001011111100100000101111100000101111
1100111110110010011000001010100100101001011110111100100010010101
0111011100001010111110010010101000100011111001100011101111001011
0001101101101101000011111011111011010001001000110011100111111010
0100001010101011000101111010111000111100110001100110111011100110
1110000101000001011010010010010000001010000100010101111010001000
0010000110010110111001001011000000000101001000010101100111001001
0001111000100110100100111111001110111110000100110101000101101110
0111101011100100100000010011101000101101000101100110010010110000
0110010011100011100001100000000110110101111011110111000100011100
1011001110011101001111000110101010000000000111111010010010001010
0111000110010101110010010011100000101111011010100000000110100101
0111010110010011101000111000111001000011110100000101001111101000
0100011000001101100001011010110110100001110100000110110100110001
0110111011011000100101010111001001111000100110111011011111100100
0010111110001100111110101011110111001000001100110110110010100110
0000100010001001100110001111111000000101000011000101000000101110
1111101010110000101111101101011111111000111111110000000001000010
1111110001110000100000010110001001000111001101111110000011011000
1001000100011110010110000000110001111101111100110011110101111101
0100001000010010100111100101100010111000010000011111100111011110
1101001111010010111100010110000101001010000010101100101100000100
1000100000110000101010100100100010001000011000011010000001100110
1100000001101111000110111010110101010010100011111001100100111111
0111111010000100101110000001100010001000111111010111000011000110
1100001111110111110011101011010001101110111001101111110001010101
0011111000110110101101010111010001011110111000011101010001011011
1100000011001101111010100001011101001000110111101100101111110011
1110111110001001110111110100000011100110010001010001000111001100
