1011011100010001010100111101111111011001101101010001010100010010
1000011101001000001101011000111001100000101111110001011011101101
0111011001111111101101110101101101100110101111011100111110001101
1100000011110101010101011000101000111101111100111010111000111100
1001111101011011110100100100000111001001101110110101110101010000
0000110010000010110010110110000110011011110010011001000011011011
1010011001000111111000011001000001010111011001111000100111101011
0010010110011100101000000101000001001011001111011000111100001111
1001010110110000101001101010100001001100110010011000110110101101
1011001110000000011100010100110110111010100011111111011011010000
0000110100000011101011100010101010010011101111110011011001011001
1110111101111001011000001110001011101010101101101100100001110111
1110000010000101110001011001111111111011111011011111011001101000
1100000001111001100101001100111111011101000010110000101110101111
0010010110100111110101001000110001100111101100101001101101000111
0100010100101000001101001001010000101101101011001100111101001011
1110101110011011111100000010100111110001101000111011010011010101
0101000001001010000001010010100101110110011111011001110111101101
1100100100100111100101100110111111011101001001101101001111100110
0000110100101100101001111101101100011100001000110100100010000000
1111000100111100000010010001110110101000110100000111011111000001
0001011100100100011100100011101110110010101010001100111100100001
1101000000001010111000101111110011001010011000100001011010011011
0111001001011010011100011001100000010001100101011100001000100011
1001001001000111101111011010010001001001100111111000100011100111
0111100110101111000001111001010100110011010101100010101001000010
0111000100111110010111010100011101111010011001110101110011100101
0110010011100100001011101011100111011011100000101101001111101111
0011000010000001101110011101100000110011110101010100000010101010
0111111110111000010000100111001110100000101111100010011100111110
1001011011001011000001100011111100100111001001001001001001001010
1101101111111110011000110100101100101001011111001100000011111100
1110110011000000011000101111100001000001000100111100010010100010
1101011001111111111000010000110000011011101100010000011001010110
0101100011110010110101110100000111110001101110110110100101010001
0111010110000010010101101011110011111000100100111101111010110011
0011011000011110110000001100101010011000110101111110111001111001
1110011010000100000111100011011011101111101111000110101011100101
1001111010111010101111010010111100110001110110001100100101101101
1000011011101110100010101101011010100011110110011110111010010011
0001000010110010100110001000010110101011010010000000110001110101
0100001011011101111010111000000101101100111010011111100100011010
1110011011000011100010010111000101000111101010000101000001110110
1001111001000001100111110100001001011010001001101100111000111001
0110000010010000010100101001010000011011000010001001001111111101
1010010000101011101100011110001110110101101111100110100110011001
1100110000010001100000101110110100001111110011011000101000110100
1111111000101110011111001101010110011110011011100100110000011000
1001011011111110000011111010010000111101000100011011000111001100
1110001011001110111010110011111011100110110100011110010011111000
1101111101001001110100100010011101010111100100010110011111001111
0010001010011001101101010001101000001011100110000010001000001100
1000110101011110011011101010110100001011111011000100110111001111
0101010010100111000110101011011000111101110000000101001010101010
0110101000110001101101001101010000100100100001111100000101100100
0110001011111110110001101111110011000011010101100000101001010101
0000010100110100110010111110011000101010101010110010101011101000
1010100111010000101111000010111000101100000110000010001101011101
0110010011110011010011110001000000100110010010111101110110010111
0000001100011001101100001100110011111010110101101111111001111011
0100100100000000001100111100100001001001001110110101000001100111
1011100010111001111011001111011101111100011010010100000110100110
1011011001111111011101011100101001110000101101110010101010000110
1011111000111110110101111000001010001111101010000001111101101111
0000110110000100101110110001110000100101000000111000001010011001
0101101101100001010011110010111001010010110101110011010010010111
1010100101001001111001001111110111101110110100001101001111000011
1111010101001110111011111000000011111000001000110010010011110000
0100101001000010011101110110001110110000010101111110000011101000
0010000011011010000100011111010100111110001100010100111111011101
1011100000111110110100100010001100101100110000111111100000100110
0100001010010111111011111101001001011101010110100110000010110100
0000010101011100001011010101011000001101100010111011100101110001
1010010001100001000010100111011110010101000101001111000001110100
0001100010010110001111000000000100000001010101100101000111011111
0100001100000111010111110001110110100101101101000000100100111011
1111111010011101110010110000001000101000100101111001001100011101
0011010111110110101011001001100011010111010110001111010111001100
0011010110011011100101100000001011000000000000100011011110010110
1011111100000001111110111010011010001100000100001011011100000010
0101011111101000101100010100011101110111111001000001001010000010
0000111000101011001010001011100101111011000001000010111010110010
1001101101101110000001100010001011100001011011110101111001010011
1111001110101111001100001000110001101001101001110101010100001010
1101010000101010011011111111000110111011110001110111111011101001
0101011111011101111111001100001111101000001101011011100011101110
0101100101011001100011110010111011100010000110001101011010001100
1001110000000100001100000011111110111010011001111111100110010110
1001101011011110101111011101100110111111000100101010011110110101
1011111111100011000101011010101101000000011011111001101011101010
0111001001111001010110001001110111010000101111100100010101100001
1010101010011110011011011111011110110100100011110110011001100010
1001100100000010101101110000110000001010000100001111001101011110
0001011011010101100010100110101011010011001111010010001100011101
0011010011111101010011101001011011111110001000010001010011100001
0110011110011100111100010100110011100001001101011101011011000101
0111010100100110101000111101010110010001110000110011101011110010
0010000101011011000010011010111111011111001001110101100111110110
0011101101101011110011011101001111110000111010100100100110010110
1011110111000110110001110110100101010000100100010001000110100110
0110011111000111111101101001011010000111111100010111111100111110
0100001010011000001101000110111111010001011111011101111011100100
1110111110111011101101000010101001110001110110101001011110000110
0010001100010000100010010100100000000111111010100101101101001101
0011111001010101101010100110111001001000111000000010000101111100
1100001011110110100111011101110011010110110110101011111010101001
0001001001010100110101000110010010011110111100101000101111100100
0001010111001110000100100110010011010101111011100001101011011100
1001100011001010110100101111100001100111111111000000001000110000
0101011010100101110001101001110110010000001100111010110000000100
1011011001011111000110001111011110111111000100110001110111011000
1011101100110110100100001000100011001001111001100011001111001010
1100101001011111011010101101100111110111011010011100111100110100
0110100001101111100101100010011001101100011111000110010011010110
0110000100011110100110001111100111111101011010001000100101000000
0111101010001101001011110101100100100101100101100111010111110100
1000010101101110011001100011100111011101010111110001111100111010
1000111110000010111101011011011010011000000011010100000010100001
1011011000000010100100000100111100011110011011010001010101110001
0011110111011110100010010100010100011110001011100001000010101111
1010101001010111101110100001100011110001011110011000001000011110
1110000100000001000001111101100001110110010011100110110010000011
1101111011100001011100100101101011011101100111110000011001010011
1011011101011000001100111010101110000011111100111001101010000111
1111111000111110011111000100101101100001101000000001010001011111
1110100110010000010011001010000011011001111010101001110010100010
0111001111110000101001001100000110100110001010111111111010100001
1110110011010100101000101011000010111001011101010100000000011110
1100010000011101101110001010110101110100111100111111110110111011
1001101100001000001100001101000110111011011010110011000010101111
