0111111000101101011101010110000101001010111111001000110100000000
1010001001011011111001011100100010100111101011110111000010100101
0001100100000101000010000001010110011010101100010010000001011011
0011010001011100001010110000001100010000001101100011011011001100
1001101000001100001110100001100100111110010111110111001100011001
1100101111001101111001101101011100110010000110101101111100101011
1001100000110010011111100111101101000101111000011010001001001001
0001010101111001010100011001100010011011000111011111110111111100
1110010000001110011000110010001011110101111011000011010100010111
0100001010101010001101011110010000010111100101010010111110111001
1111011111110110010110100011000101111010110101011001011111100111
0111110110101110011000100011100001001100011110000001101100001101
1110101111011001001011000110110010111100110101000000011011011001
1010110100010010110001010010010000110001011110010101110110001000
0110000001110110111101011011111001000000101111100001110100100111
1010000111000111000011001011101011101111110110010011010011001010
1010101010001000101110001101101010000001111011110101011011000110
1100110110011110110101100100011111101111011101111111000010100000
1010001011001000100011100111011111011100000111010100101110001001
0100000101011010110110001010010000111101111010011111011111111011
0101111011010111010110001011110011001010000000011010101101011010
1100001001100100111111011111011011111101101001001000100000101001
1111000110000000101111000101110111100000100000010101100000101111
1100011001001110010111101100001001101101001001100010100100000010
1010001000001010101010011000100010001011010000101111001110000110
0100110000001010010001001001101011000010101111100111001111001100
0001101001010100101011001001010010001111100111010100001001111110
1011001010011100010100111110010010111000110101101001001000111111
1110000000101111011101001000001010000011010010011101001110101100
1000100000111011101010101100101000011010111110010010001011100101
1111001111011111000100011011000110010100011100001110110111011101
0101001000100110000111111101011001010001111010011110110101010001
1100010101000001111000001111001001101010110010000010001100000100
1101111001000010110110111111010110111000010000011111010101011111
1001111000001111010110011010010011100111000011100110101100101011
1001101101101100010111101011100011111111001110000010101001111011
0111111111101110001010111101011101001110101111001010000110011100
0111110100011101010000010001010100111000001111011101001000000001
1011100101101001001001011111010101100011001001111100010011101111
0110001100100011010001111001101001101100011110100001111000110101
1110111100011011000011001010011101010100001111010001111000011010
1000111010101100111011001110111010000111011110011010011100111101
0110010000010010010111101001110101011110110001101101110101111010
0111111011001000101111000001101010101001111101110111110101110100
0111001001101001010101111110100101110010111010111100100100000011
1001000111011011110110000000101111110000111001001010011010111011
0001110010000010100000100101010110001010100010111011011001011000
1101010101100101000010011011011100110111010000010001000000000001
1000111110111100110111010111011100111011101000010101001111100101
0001100110000010111111111011010110000011011000101010100101011110
1111111110001101111010110111110010111010011011001110111101100100
1011110000101110110010011110000001011000001101001001011010100100
0001011000001101101100010110001000110111101000011110010010001010
1011000000011100001101111101110101000000111100011000011100100110
0011011001101011001101110010011000100011010010000101100000010100
1010110101111100000110000001000101011001010111001011000100110010
0110000111000001001000100101011011001010001101000000011011100000
0010011001101010010101001000100000010010111100010010010110010110
1101000100111101010011010110011001101111001000110110111111111111
1010000100001010001110100101010100000010001010110110111101010010
0100111111111100101111110111010110001101110101000011011110110100
1110101110000001010101000110100111010101001100100010011011100010
1010011011011111110001100110001100010010001000110101011001000100
1100110110011110101010001110101000000100101000011101001000000000
0001011010100001111000001111011011010100111000001011001011000110
0011101000011000011011000001010100010010010111011010010000100100
0000110000111000110111001101000111101010100010011111100111000111
0011110011010000000001100010111101111100010001101010000100110111
0100001110110001101100111110011101100011010111100000110010010000
1001000110001011111110001100111011110010000110011100011110010100
1111000010100011010010011100101111101110010100000101101110100011
1000010111101011101011000011110101110010001111110101001111001100
1110010011100000001111101010100111000100110011010100001111101111
1111000110101100000000101100010111100010101011100001101101101110
0100010001001010100001010010001011110111010010101011111000010111
0100111001010001101100101110011011000101011100001011101101001110
0001000000111110010110010000001001001111011001001011001100010001
0011010010101011011010000111110111100001011100000100010100111100
1101011100000110101101101111101111100000000000110010110011011100
0111000000110001000000111110010111000001010010101110100111010101
0101001111010001111111111110100101010001011100100000101110011110
1010011101100101110000010000001011100111111011000011001100110000
0111110000101011001010101000001100011111101110011001001110011111
0010001100011011111101001110101010101101100110110000111000001110
0101000011011110000010101110111001001110110000001010011100001000
0011010001101000100001001001011011001000111110100110001100001010
1110100011101111110001100001100110010101000000001001101001101001
1101011100101110001110011111111110100101110111111101011010000101
0110111000010100001001011111110011010101010111111100110110010111
1111011111110010111110011110100111110111011100110101111011011101
0010110011100011101010010110100001111100110010100010001000100010
1000110010101010010001111010100010001011101001100010110110101010
0001100010100000001000000100000100101000001101100011000001001101
0110011111011111101111101010001000011110111100010100111101110000
1000101111111010010000110111101101101001111011111100001100101010
1010111000111011010100110001000100100001111100000101100111101101
1011110101000110111111000111111001001100101011000101110101100100
0000100010001110010110001001010110000001011111101110111001101010
1010011100111101100100011100110001010000011010000011101100000011
0100111100001110110101000100101010000111101101001000111100010001
0001110111010010101111001101010001101100010101000001000110101111
0000101000001001011111100010110111000101001001111110111011001001
1100111101100000011001101001111111101110100000100000011101000111
0001110001000110101100110110010100010111000000110000001011111000
1001011011110111110001100100011111010011000111111101000101111110
1001111010000000001110101001101110000010000011011001110000001001
0111000101111110100110111100101000010001111101111111100100100110
0101110010000101100101111010110101001000101011000001010011110101
1110100111110000111010110101011011000011100001110000110010100110
1111101000000110000100101000100101001001101110001101101010000100
0011110010101001001001100101010100010100000000110101111101110100
0100001101100101011110010011101001111101000100110111101101111111
0100100101001100001110001000001111001101100110100010011001110010
1101111110110111010000000011010110111101001110110101000010010110
0111000111110001010111011100101011101001010100001001100100110100
0001001011100001011010101100100111010100011111001010000110100011
0101010111000100101100011001101011101111001111100011000000010000
1000011010011010011000011001110111110111001001011100011001011010
1011111010100011110010001001001001101010010011000110100000000110
0110011110001000011100011110010100111101000001100101100101010110
1110010011000000100110101101010001100011011000111110011101101011
0001101001000101110111010101010100110110101010001000000101110001
0011000010110110000111011101110000101011010010100010111101010001
0110000111100101100100001101010101100100011001010010010000001011
0000111011101001000000100000101111101011100001001001001010010001
1000111101100100100010100010000011011000101011101001001010001001
0000010001111011000001010010010001111111011001011111100111101011
1101011000000000100110111100111101011010000101001010111010110101
1101111100101011011100000000101101010001001111001001011110001111
