1101110011000000001000111110000111100101110010110110110001010000
1110101000111001001101101110101100110000110111010011111001011001
0100111110111101010101100000011010001001101111010101000101111000
0101000111100001111101000101011011010111100100011001100011000100
0000001001110011101010111000101110110110110100100101110110011110
1001011101100000101100001111010100110111000101111101001110101000
1101100010101110001011110011000001010000011111010011011100001011
1001110010111001001101100110111101011100010001110101001001101111
1111010001011000100101000000110110100110100111000011010001011110
0011000101110111110011110111011010000010010001010110110111000000
0000001000111010111110111011101010011001100011100010000011010011
0101011101101000110111011110010001000110001111001111110101010010
1001001011001101011110111101100111110101001001111110110000101110
0000001001001111101010011001001000000100000011001110100010010110
0101001110000000110001111110011000100101000010000100010110000101
1110110010001011010101101010010100111100010011001011011101010000
1001001011111010011101100011011000011110100111000101111111110101
0101011001101001000000111001100011101001101000011001011110001101
0101000001011011001010000011011111001101000110001110110000111101
0110111001010111001011000000101110100011001101110111111011101111
1010001000100111100001101100011001111010110010010101011001001111
0010010011011011001000011110010010010111110101101011101101001000
1000110111100001101100001010110101111010000010001010100110001100
0110010000000011110010000000111111000010100000010100011110101010
0101100011110011111001111011111111001011001101011110101100111001
1010100111001111110110010010000011000001000001011011000000100110
1000010011101110100111101010010000011001101000100000100111100101
1110010011010100111000110101111110100101110111110011010001011110
0000111110001000111001000110110110101100110111011011111111011110
0010010010110101101101001111011101011110110000010000010001100001
0100100101111110100111001101001011101000110010101001001111100000
1001111010101100100010100011100101100110110011000000111010111100
1101110000111111010111000100010011010011111110010010111011111101
1100111111000101011100001111011000101101000110110010001110000111
0110100101110111001001100111101100111001000111011110001100100000
1011001110000011100111010111000011011101010010111010111111100111
0010101101010101110111001100110011011100000100101100101011001110
0110101010011110010110010101100010100000110000011000100010110011
0001010010100010101100111011010110001010101100100000100010001000
0110100011001001110000000110110101111010000110001011001111100110
0011100001010110011111000000011011100101011010001100100100111100
0101001110001000001011111101001101111100111110110110101111000100
0011011111001101010100101110101010000011010111100101101110011010
0111010001110000000110000101000011001011010101011001011010111110
0100100010000011110001111110000001110000001110010010001100100101
1111010110101100011001000001111111111101010100110101100101001100
1011100110111001010111111001101010110111010110110110010101101011
1110011000011001100011100011110110010000100010111111011100101011
0101001110001101010110101010001001000110000011110101101111001010
0110110100011001100011101111111001000010001000010010001101111110
1110101110010001111100101001010001010111010001101010011100100110
1010111010000101010111010010011101101000001101001111110101111111
0100010110110110101011101110000001101111100010011000111111000100
0101000101111111101111101101000101001111001111111110100110001110
0100000101001101101100111111101100011011010001001110101101101110
0011100001110001001001000011100000000111100011001000110001110100
1111101011010011101101001110010010011010001011011010011111001000
