1010010001111011101100100111100011110101011101011011011001110010
1101011010001010011101000000000000001110001011010100100000110010
1001011011000001100000110000000100000010111001011110000000110001
1001110101111010010100110011010000100000001000000100100100100111
0101000000011111111010111110010000110010110100110000101101010001
0111110101110001000000000111011000011101000010001110000100111111
0100000101100011011100101111100010110110001111111110101100001011
1111001010101001101000000010111111011011101100001110001110111011
0110110111111011000111000011100101010010100001010000111100101001
1110001010110011100100010001000100001111001001101111000100110001
1111010101010000011110100111110001010011100010000100000010101001
1011110100100011000101011111010100100011000001010010110110001110
1111001011010111100100010011000101000001100001011010000010110000
1101000110000000100101100110111010000111000110010001100111000000
0011010111111011111111010111110101001011110001110100010000111100
1011100100100110101001010101101000111001111010111001010000010001
0001001111110000011010110100010011100010101010100101011010100100
1011110111101000101100101101101000011111110000010100011011110010
1101110000011110100110101011011110111110100001010111100111011100
0000111101110010111101001100011110010011110011011001101010011110
0100010010101010001000011101000100010010111100111011001010110000
0001000011100010111001110110101011101111001000011010111110110111
0110001010010111100001100100000100010100100110000000011001100001
1001000111110101001000001101000101000011100011000010101010011001
1010011000100110100010000011101000001011001111101101000111111101
0000011100111010110100101111100110010111010000001011110011010100
1001100101110011001001001110011000101000101001111001110001000110
1101111111011110000000111011110001101110100100011010100010011101
1100001001010011101000101000010110111001101010011100100100101011
1010110100011000101110110100110001011000111010101101011100011110
0001000010000100111011110100100001111010100001110011111100001101
1000001001011110010111001011111000011110010101001101001100010110
1100001001000000000100001000100110011100110111100100100101100111
0011111001010110110010110000011000101001111000101111101010010111
1000100100111001101101000101111110010010001001001100010100001100
1001110001001110011110101001011011100010010101001111110000000101
0001000101011110000110111000101011110100110101011001000101001000
0110000110011010101000011010000000111000001001001100011110000001
1001110100000011010110010101101011000000001001001111110100100010
0000111001011011100000111001110101010001000001101010110001100010
0100001100100001010111001001001111000010100101011100000100011100
0101101100001010100011111000101100100100111011001010101101101011
1010110000100001111010110111101111100011110100010011010101001010
1001111101101101011101000000011001101111010010101010001111011100
0111011101111011101111100011011100011010000010010101011000101001
1011111010010011101100110011011110101010011011010101100111000111
0111011011110000001001000011110110011110010110011111110001010001
0001010000011011111100100011101110000001101100110010101110000000
1101001110011001100111111011101111111000111000111011001101001000
1101100110101001101110001000101001011110001001000100010011010000
1100100101100011001010000010010101011010111101100011111111010001
0011011010100111101001101100101001111110011110000110100110011000
0011010000011111011001111101001111011111110100000010001100111110
0010100100010100111011000000000111100110100010111001011110011100
1011110101111010011001011000001000011111100100010111011111000010
0010011111110000110010101100110100111011010001110010000111111110
1010010100010011111010101010000011000001100111000111001111000010
1100100110010000101001000101111000010000000000011110000001111000
1010101111010000001110110110100110011101111100000001101001111000
1011100001000110110101111110111000111001101111001000110101000101
0010111010100110011011101111111101010000111111011110101111000011
1010001101110000011011100010010010100111000000101000000101110011
1001110100001110001110110110011101001011100000111010101110011000
1010110111001110011100100110111111010100001100111001100100010001
0010100100101000011110100101100111000100000101100010001110001100
1110110100010101110100011101010001111100010100000001110100110011
1010000000011010111001110111001100000000101000000000101111101001
0111010110001110010000010101111010001010001110110001011001100100
0001000001100011101110000110110100110110001111011001110101011100
0001000100100001001001000111001111111010011011001101011010001101
1001111010101111110101010001110110000100101100010000000000001011
0111011001000000110111000111100011001110110000111100100011100110
1101001110101100001100111110111000100000110110111000110100000101
0110111111100111010010111111011101001101100001111010100111101100
0110110111100000110011101100100000111111000101110000111100101111
0101101110000101100111111000100110111110001010001010011011011101
1101100001110111100111111111100111100111011000101110110001100001
1011011010011010000001010000101110100000001100111010001100011110
1110011011001100001100001011001100100011100110001001100110001000
0101010000001000010101111010110110000110110100011000110001110000
0110100011101010001011111010000010111010010010011100011111010011
0110011101111010010101011000000100100100101100101101000101001111
0001111011110000101111011000101001101111011010011001101001100011
1000110001000110110110001111100000110011011101111011111011100011
0100111110001101101001110100100101110000100001101101000001000011
1000110010100011011110011000010111010011110000000010010101110100
1011111110011100100000111000001101010011001001001010100010100111
1000001110100011010011111000000010111111010100110101000101010101
1001110101101111000100011110111000110010110101011011111011111111
1110111111010010111111110010100011100001110010111110001100100101
0000000010001101111101111101110000010100110110011100111011011011
1000111001101001110110111111101000101101100010011101011010001011
1111101010111111111010011101001100111000010010111110100101011101
1001100100101111110101000110101001001101101011011110100111000110
0111100011001010000100011110111010111001011001100000010111010111
1100110000110000000110110110111000011001101011101010001001110000
0011000100100110010110100111101011011011101101111010101100010000
1110110000001100010011101110100100010101100001110001110001100011
0001100011111011010100011000101100010000111100000101011000010011
1010000101111010010101011110100101000001000101101100001111001000
