1010000000100000011101001100010101000110001000000010010100101101
0010000101110011000000010110001100100011011010111001110001100100
1001100011001001100100111100010011111001110000101100010001111001
1110100101111000110010011110011000010010101110011011101000000110
1010101011011010010111010001110000001100000011000110010010000001
0100000100110010101111110000100100100100101101011110111000010101
1011011001100000101011000110010101000001101011000110001000101111
0101100100100110100111110100011000011011100000100101111001000101
0000100011110110010101001010101010001000110010101000110011101111
0011010011000000000001101111101100011001011000110000010110010111
0011001101001000001010110111101111111110001001101000100111010111
0010101001001111011001010001100100010010001110000001011000011101
0001001010000011101110001110010001001011010001110001000000111010
1001101000010000001100111111011100010000100110010000000100011101
1001111001110111100111110001100101111011111110010111101101100111
0000011100100100100011001110110001101001011011001000000101011100
1101010010011011111000100110110001100111010101110100100100010100
1001100110000100010010100000110111000110110000110001110101111101
0101111100111001001101000000111111001110110111011010000110100111
1001111011010000010110101000111010110100101010101011110110111111
1011110110010011101001101011001100011010000111111010000010001000
0011111010110101001001110011110010010100000101110110000001000110
1101001010110000111101001111101001110011000110111001101010001001
1100111100001001111100001011111001010101100001011010101110001011
0111000100101011000101100000000011100111100111011000000001111110
1110111011100100001000011101100100010101100010011110111011000010
1010000101001111011100001001111001011011011110010101001010011110
1100010011111110101100001011000010000101111011111111000111011001
0111100011111110010011011001001101001001001111111101001101110101
0111110101110100101000110101001001011110111000011101010101111011
0000100011111110111110011001100111010011111011100110001110011001
0110000011101011001101000110111011111001010010110100011101110001
1110010001101010111001110101101011000010110110100100101110000101
1010100011000101110111011101101110111011001010101100111000010011
1110101111110101110011000110111011110000100011000010001000011000
0010111010100110101110010101000100010010111100100000100000001100
1001010111110101001100000101010010011101010100000010000000101111
1100110110011001010110100101111110110011100100011000100100011111
0100010101110001010011000100110011011111010110101000000010011011
1100100111101111010000011011011100001100000100111111000110000010
1010001100110110001100100100000011110101100111111001100111101010
1101010011011000010110110010000100111011111101011010010111111111
1110011101110001110001100110111110111001111000100000100100011011
1101110111110001011000110000101101010010000000000011000011111001
0000010001001001000001001110000111110111010000001110010000110011
0110100000110010110010111111010100101110001001111010000110000100
0110111010011111101011001011110100111100001110101100110000011110
1111000110110001000011111001011010100101000001000011100010110000
1110001011010100010100111101101100101000101000111100111001000011
1010111010000001101101000011100100000000010001100110111101100111
0010011101000001000110110001010011110000010111011110110101000110
0011001101011011001111111101111111011111001000001101110111010010
0111001100000110000101111110100011000111010110100100000000011101
0011010100000101001011001110111100011110000110100101100101100110
1110010101110011011010111100001101000000100010000111101101000110
1101001111001100101110001101001101100110010000101111011101111111
1110011010111011101110111111000111010110101100100111100000011100
1100110101111111010011000101000111101011000101110010101110001000
0011010010001000110110011110001101110000001111100010110010011000
1100000001111100100100111000000010001111000101011110110100001011
0011011000010101000011000111011000011111111110001100011101000110
0000110110100100100001010010011010000100110000110011001100011000
1001110111110001001000111001111001000101000011010100000111010100
1001010001001111000001110001100010000100100011110000000111110010
1100110101000111010111001110101100100100111101010111101111101001
1101000101011010010111111011110100100011001111000111111000010111
0100111111110001111010100110010001011010000101010000010011010000
0011000001010011010011000000111011010001010110100011100000111011
1110101100110011100110110001001010010111011011000000100110100010
1110100010111111010111110100011101110010010010101010101000101110
0101111100000111110000111101001111011100101101101011011100111111
1001100110011110010000011011101001101011101010110001110000101011
0100001010001110101100100011110101111011011011111011011101010000
0111101111100011001001111000100101111100001010111100101111010011
0011100111001000101100000001111000111111110110001011111011010000
1100011100100111000110000100001001010010101001100100101001011111
1110110110100100000100001000101000000110110111001001011110110000
1100101111101000011101011000110110101111010100101001101011101000
1001100110010001111100000011111011111101000101101000010011100010
1000000001001101101101010101111011001011010010100010011100010011
0010110001101111000001110001000110100101111011100010000111111100
0000011111000111000100111011000000000101000101000101010100001011
0111010111100101111111101111111010000101000000110001010011001101
0001000101001011101101111100001100101100001000001101010011010010
0100101001001011001101000011000010001011010110010001000001001111
0110101001011101010110000110010111100111111100001011110110101001
0001111010110111111111100110100000111011111001001000101111011011
0101111000111001101110110111010111100111111011010100110111111111
1011000101001101111111000001000111100011010000111110011011011010
0100010011000011110010110001001000010011111001010011101011000000
0000111110101111101000000110100011011111001000010000001100010110
1100100110011101011101101111000110000010111100010001000100111010
0111110110010101011101100000011101100000100100011111111110001000
1101001110000001001101110110000011000001011010100111111010011111
1100111100010011000110100101111011001001100000011000110000011000
1010010110001011011001011101100010000111100010111010001011111001
0110110111111110111000101010011011010010100110110001011100101101
0010011101011100000000110110110011011001110000010110101101001111
1110011101001011000100001010000110010010100000010001001011000111
1111000110111100010010100011010100110000100000001101101111010000
1101110010001010100000001110011101001111110100000001110101000001
0100111010101100101000101011101111100010010010010000110101001101
1101110101101100101101000000010111100111011000011100111010010001
0010010101001011101100100101100110011110111110111100110111100000
1010100000111000001111101000110101101100100110101011010101101110
1001010001110100010101001001011110010010110101000000001101101010
1111111011001001110000111010100010001011100010010111011111101111
1100001000110001000011101111010100011110010011011000110011011000
0011001110101100001001001001000111011101000101001111101100100111
1001100010000011111110010011100111010000000001100101001101010001
0001010010101110110101111000010110101001011100100011111000001011
1000011001001000010111110110000001100011011001011001010000101111
1101001110011111011110110101001000111011100010010101001100001101
0001000100111110000010000010000011110010100101000001010100111111
1001101000001101101101110001100101101110001100100001000100100111
1000111101011010011111100101001100010000111110101001011101110011
0000010010010011011111110011110010000011010011111101110010100100
0100011010110000000001000101111011101111100011110001000111000100
1001010101010000101110011011111100101010110111001010101010110111
0100000000010011101100011101000010010111111000101110101101100101
0101001100010111001111101000000001000010110000101001011011110110
0101111100110101111100011110011101011000000111000011111110110000
