0100101110111000100001101101000110011010100110100010110101111011
1001111111000101000000101110101101110010010000110011111010101110
1101001000100110100001001101100100111001010011010111010010010000
0001000110001101011011100111100111001101000100010010000000011111
0000100001111000110100111110111010110100001001111000111011010001
1110000101100111110101111000001001110101011010001110100111111001
0000000101110001101000000110001011101000110001000101010110001011
0000110110011000011101111110111001110110011100001100110110111110
0011010010101000101110101111001011100000011010110101010001011101
0110011000001011101001100110111100110001100100111101101100100011
0001100000011111100111100000000000010000110110101110111110101110
0010011101111010110001100010101011100101101011100101100001001000
1011101100011011101101000001011100101101111010100101110011001011
0011011101111000011010010000110001000110110101101001101000001000
0100010110111001010010100101110001100011101110010101001111011110
0010110011001010010110011110011100101000101011000101010111001110
0010111101001111111011111100010011111010001000010001110101111111
1000101000110100111010100111000000101101101010001011100101110110
1101110100101001111010001010111000000000001100111001111000110001
1110111111111000011101111111101011101110010000111111100101111111
1001111110011110100111001011001010010101001000111111110100101000
1011010110010110100101001000010101001001101110110101001101110100
0111111110110000010000110101001000100000111011010010001100100110
0110111001110011101110011010011010001010000010010000100100101011
1000010110111011010101101000010111111011010010001101110110011111
1101111110110111100111011110010001100101010001100110101100100100
1010100010110110111010011001011110011000111000111000110000100010
1101100101100001110011111111100010100110010111111101101001010111
0001100111010111001101101010001111011101111010011001100101011111
1000000111100100001110001011011011110100011111100011100101100110
1000000010011111101101010110000010100110101001010010101010100101
0000000011010011101000000110101111111110110110010000111110101100
0101010110010011101000110000000001110101011111000100011000001001
1110000001111101000110011010010010010010010001100001100001001010
0101011111100001100101100111010110001001101001101011000101110111
0000101100011100011100100101000110001111111110110011110001011101
0001101000010000001000011100001001110110010110100000101010010011
0010111100000000010101111110001100111110011110101101011011110101
1000110110010011011010001010111010100010011011101001100110111011
1101001110111111010011100101101100010111001100101010101110000101
0001011011101011010010011010010100100001110010001011010101100011
0010011011001101001110111001000110101001011101000011000100000100
1101011011111010100011010110110110010110011110110111100000011101
0110111110011111110100010111101100011111111101011010000110100011
1100110100001001111011101010001001011001010001010000011001000011
0000011010011110011001000101100110100100101100010001010101100111
1101011000110000101011110001011100101001000111010100011011100000
1110000001011010110001010101101010010111011011010111000100000010
0000000100001011000101000010010000010010000001111111010111010010
0011000011000101100100001100111001011111110101000111001011111100
1101101111000100011010001010000011101100110111100111101010010111
0101001000010001110011010001000000000101110000001111010011100111
1100110110011001010010000101100001110110100010010110100100100000
0110010001110000101110110111110000010011001100110000011001100111
0110111000110000010101110110100111101101011110101001011000000100
1110111011110000011111101000101000110011100010001011110100001100
0011010111111000000000111011011000011100000000101010100111111111
0110100001000010111011111001000011111000101000011001000001101110
0010001001110000111110010011011000011001110100011110011111000000
1000101010011100110001100101100001110111111111110110000010100000
1101101101010111110011111001100001011001101011011100100101001111
0001111000101111001011010000101100101000000111111111101100010010
0100111100101100110100101011100011110101110000011111000101111001
0111000110001110010100110111011010001111111110001110011110101001
1011100110101111011011111001101111000000000101110000110101011110
1110000111001100100010101011100010110111100000100100110111000011
0110111100101001111010111110001100010010101110101111101001111000
1111101001111011011110000100000010101001010010101011101110110000
1001111000110111011111010111111110100101010101010111101010001110
1101110001110011010011111010010101011101110101000010100011100001
1111000000100001011101010101100000010110010100010100011000000101
0000111010111011100111100111011011011111111001111010000101101111
0100000010101011001000101100110110101011011111111001110110001000
0110100000100111011011001100011000000010001001101010100101101111
1001101001011111010100001110101010111111101000111011011000010110
0010011100000000011011101101100010111110101010101000100100010100
1011011000110111100000010010001001000101111010000100111001101101
0110101110111000000001111011001100111011100010101101100100111001
0100000101101001000000101101111001011011011101110110011001000010
0001110101001010011001111100101111110111011110011011100010101111
0100011101100100100111101001110010111000010110111100100010100001
1000000011010010011001110111100000011101111011110101100011001000
1000100001111100011101100000101000000001011001010001001001101100
1000110011011010010011100101000010110011101000101001100100100010
1000000101001100101011101001100101011001000101110010101001111001
0000111011101001111101111000100111011101011101000000010101100011
1111110011000011100010010010000010101011101110101111111100110110
1000010100111110111111111010110100010111010011011001001011001100
0011001100010010110011011111101101110010101001001010111111100010
1000000011111000000001011110001000001000100011110100100010000110
1101011010101010101011011101100101100110110101101111010100011001
1001011110111110011010101000001001001100111010100100100010110010
1111110110011010011010111100000010000011111101011110000001001011
