1000100001001110011010000011000110000011001001000011100111011011
1101101000010101101100101101001011010101011100011110011011111101
0010010011101000010010011111110010001011000101111001100010101110
0101000011101101110011101001110101100011001010110110010001001100
0100101001011110010110010100100111100001110101111100001000010111
1000100101011110111111011010101010010100100110110111000111111001
1110010001110010110111010000101111010011101010100010000001001010
0100111000100001100100101001011001110110100100001010000011110111
1001001000010000111001111101000110101000100011010001001111111110
1110011100010101010111001101011000011110001101110011010100000110
1000110001101001110010001000110100100001001111011000100010100000
0011101100000010110100010000001110011011111001011000010111111111
1101010011010101000001100100010010101111101010001111011100010111
1101100110011101001110010011001000110111010001001110000111100100
0010101100011100100000100111011101000110011011011100110100111001
1001000010101111100010001110000111100000110110100100100101000100
1010100101000010000011011110001001101100001010000001100000110001
0111110111111011110100011101101010001111110110000010011111110111
1110110101110100110001111101101110110101101011100011001111111110
0101000010000010110001011100001000101000101100011111000010000100
0000011011011011001001110110101000011100001000101000101000101110
0111110110111010010100101000010011110101011101100101100011011101
0100010101110100011001100010001110010111001110110000000011000001
0001001111010011000011111000111100110011101001100110110111111111
1111100100010101000001000000100110011111111110101000110000101111
1001101110111111101111010101110011101101111111010010010110100010
1100001110000101110001111101100001011101000001011001110010011000
1001011010110111100001101000001100111111011011000001001100101000
1111010101110001011011011110101000110010100101111110001100001110
1101101010111001001001111111101100011000000001001000001011111100
0111010001111000001111000011001011000100011111100100011001100001
0011110000100011011011000010010100011110100011100000100011111101
0101000011011001111010111100000110011001011111010010100101011001
1000111000101101101000001100000011110100111001010001100110001101
1110100111011110010001010001111101101100001101100010011000101010
0000110101011100100000101011011110111011000011011111110100010000
1011000011001001011010001000110011010011100000011101101000001001
0100011010100010100110111001101001100011111100001111010010111011
0111001100100110111011100000111101101111001010011011100111110111
1010010111110100000001010011111000101101110110100010000011000011
0000010110101010111010111001111011001111110001111010011011000100
1100010010000001100110110010100011110111000000111101011001011101
0110001010000011001000011000010010010010100100100111110011000101
0001000101111000010010000010111100000101001000000100000001000111
0001010101000101000010101001000000001010000010111001011110000100
0001100011111110110110110000010100000011100001101111000001001001
0101101011000100001011001001100001100110111111100101100110111011
1111100011010010101011111101110011011010011100111111010110100011
1011110111111001110010011100101001110101011001000010100000100001
0100100011010000101111110001010011110001011101110111011001100011
0101011001000100100001011001010001101111101111011001010010010110
1100011000001111101000110100001100110010111010101001111001000001
0011010000100011011001100111011110111110010110111101110011111000
1111110111001000011101100111111000011011110100110111000011110001
1101001001000001110010011100010101100111000100011000001001010000
1011010011011111001001000010110000101100101100010011110110111111
1101010000011011100001101100011110001000100110100010101111011100
0101001101001100101110010100110000101110011011110010110101111100
1110111000011110100111101111010011111010110110010011000100100011
0000101100010000000100011101110011001101100011100000010001001101
1100110110101000100010101001001110001010110110111011110101110010
0101111110010111010010010110000000100000001011010010100111001111
0101111000000000010101010101011000000100000001100000001100100000
1111111001001110000001010100110101100100000101110010111110110010
1001100011000111100000000010110100100111001111001010001111111101
0001011000010001101011100111000011001011000100111101010010011101
0010110011110001111011110101101000111111011001011011001100001000
0100001110111000110010110110110100111111111111001110100010100111
0000001101001101001101101110101000101001010111111111101000001111
1000111100001011000110110101110111111100110110011011000011100000
1001000100111101111100110101010110010010010111001010111001000110
1111110001101011010110111100001110100001010111011000110011001000
1001110000000010000011010010001010111001001000011011110000011000
0010111010101000000100111001011011101000110100111100100000110111
0010110011110011011000111101000100010100110101111100111110011011
0101011011001001010111010011101100101110101110011111000111101001
0110101010111111111000010001111001011100100110110110100111011000
1001010110101110100100100011111011111111100101001001000011110010
0011110001100100011101110100000100000011100001101011010000111101
1100100101000100101001011011010000111101100111000010001100000110
1011011100110101100100010001100100001111110011010111000110011011
0111111001111001011110001100011001101110101100110010110111001111
0110000110001101100000110010010001010101000111101101111110110100
1011011011110111000110100100111001001001000000100000010001101001
1010010001110100110100101101101110010100100010101110101010000110
1111001111101101010010001110000100001111110000001001101111011010
0110010010110011010011100101011001100011000000111111010110011011
0111111000111101101011110011001011101001110000101100011111111110
1000010101110010000111111011111111011001001011011001101110101001
0100000110000100111100001100000100000111111100011111000010100100
0111100010010100100011001001001110110000000101100011111010001001
0011011010000010111000111000011010011000100001000110101101010011
1101010110011111011010011001101011111101110011110011100111011000
0010111100000010011101001111101010101111001100001001011101001011
0011110101111100001101001010010011100100011100011111011101010111
1100000100001001010111101110001110100001001101100110010100011100
0100000011100010101101000110010000001000111101010010100000001001
0111101001001101111111011111100010011011111001001010101000110100
0100010110010011001100110000111010100001111010010000100100111100
1011100001111101111110001101001011110011001000101111010100000001
1000001101010100011110100110000111101011010010100001100001000011
0000101110110101010100100000110100100101001101100111110000101111
1001000110100001100101101000110101111110001010110010100001111111
1001000100011100110001010111001101100011111010000111000110110111
0101110100001100101010010011111001011011001010111001100110001000
1010101010011110101111111101110001001110010111101100011110111011
1001000001101100010001111011101101011100001110111001100101001001
0001011101101110011000010110011110110010111101011010111010111111
1101011100110110001000101010100110100111111110000000101100101101
0110000011000000000001101010100001100001001011000110111100011110
1100010010111101100101101000111000010111110111011011001111010110
0010000100100000000000111011111100000110111001100111000001110010
1101101011001011011100111000011101111110010011011011100111001001
1000011111001101110010010101100101000000111111000011011010100000
1111011110111100110110111000101110001010001010010011110000000010
0111111000010111000111101000010000100001100100101010001000110001
1111010101011011101100101011110000100001101100010100001011000001
0101010001101110100010011011010001110101100011100101010101000011
0010100100001011100110001000100101011000111101010100110010011100
1101110010100001000011111001010010100110011000101101011111110001
0001010000011111100111000111100100100011010001100001100111011011
0011110100111100001110010111100001011001001100111101101010001110
0111111001010010100000000010011100111111101101101001000000101101
0011010101000011001111000001001111000011001101101000111100010110
1101100011010001111011010110110110111011011100011100111011101100
1001101000111111110000010010100000010100110110101111001000110000
0010100011011000101011001110010001110100010101111001001001001000
0001100111101111000111001101011010000100101100000110010000010011
1010011110010111010010011110111011010110000001000011110000010010
0100000010011000011000001011111000100110111001000001101101100001
0000001100101111100101011010101100100111010010111111000000100001
0101111110110011110000010011010011000001000000111111000110001010
0111110110001010000111111111010101010010000110110010010001111101
1111011111110011101010111011011000111000111100110111010100100000
1000101111010101110101101111001000110101011100011010011110111000
1100001110101100101111111110001100100011100010001100011000010110
0111111010001010000110111111001110110010111010010000011101111110
0101011000100101010010000100001001011011101100100000001101010110
0010011000110000100111010111000001010001001000001101011110001100
1101100100010110011101000010000010100101010101011010101110110110
0110011100000100111001001111111110011110111110000011001011111111
