1001011101001001011011101010010011101100000011101101000000100111
0000010010111010001000101100010001110101100000000110000000100111
0001111101111100101010011110001000001101101001001100010001001111
1000101110110110101011010101011110011010010101000110111010110110
0011111110010010010111000110110000001010100111100100100001101001
0001011001111011101100010110100010010000001011011000111001100011
0111001101111100100001101110010100100101110001100100101110001100
0111110101000000101101010011011000111010001001110000001100011110
1110111100000111010100110110101100111000111000110111111100010111
1110111000111111000000101010000001100111110011110110011100101101
1101100101010001100001100000100101011101010100011100101000100101
1110010111100101010000000011000011011001010000010011010001000111
0100100001110111010010111111101011000010000000001101011100110101
1011111001000011000101110001000000000000101010010110100100001101
0101010001001100010000001110000001111100010000001011000110110010
0000000110101100101100000001110100000101101011101011010111101100
0111111100010011111111101001000001100011001100010110101110111110
0000111010000000101010101110000010110010111100110111001100101101
0010010100101010101001011101110110111011100011101101111000100110
0100100100101110010100111101101000110010101010011101011010101101
1100110110100101011001001000010001111000101100100000000110001101
0000010001100011011110111110100101010101010000100011001010011110
1001000100010110101000000010011011100000100110011011011010110110
1001111000011111100111101011100110000100111011010011110010110011
1000100010101110100110011001111110111000000110110001110110001001
0010101101010010000100101101101000011010001001011110010100011001
0001010001111010110110011111100100001001001011000110100010100100
1101110101000101011000000111100001010011010111011111101011110001
1110010101001111111001001011110110110010011111111001000101011111
0010010010111101011000001111010111001011011010011100110011100000
1101011110011001111000001101110100111101000111000000011010110010
1110110011011011010010001001110000001011110100101001100110101110
0011000101110001101101100011101001110101110001110000111001101110
0011101001111011000110000011000011011101110000001100001101000111
0101101101011011100100001110111010000011001010111111110100000000
1010111101110001111000010110011100011101101100000011000100001111
1110011111010010100011001011111001101001110100111000110101001000
1010101001111110110101110010001100000110110110111000100010111001
1011001000100110101000100011100110001111110011011110000011000100
0010001010101110011111101001000000000001000100000100100010010110
1101000111110010101001000011111011111101111001011111001110101000
0101001010110010010011010010100100111101100100100001001001101100
1011100010010111111101000010000110100111111110110101011110001101
0001011101100000000110010100101110011011000100111000010110001011
1000000111011100111010101010001111000001110100011000000110010011
0111101100011111110010011010001111001100101010111100100001010001
0100011000110011101111100010101001000001010111100010000001000110
1000100010001010010111101110010010001001010101001000011111010110
1010010001000010111111000001100000111000000100000010010011111010
0111101010111101011100000010110111100100001001110100100110101011
0101000010001011111000110001100010001111010111110000100000111111
0101111011011001100100011001000100101001001011100001001100011011
