0101001101100110011000011111001100001110010010100111110101011001
0101001010011110110111101110101101000110001100010100111010101000
1000000000010011010001111000110000101111001011010010000000100000
0101111010101001011011100010001100110011111100011100011111011010
1100011100100001000001010000001110100000100100010101111100110111
0101000011000010010111101011011101101001100011100111001001001101
1000010111001100101110101010101001001000111110111011000110100111
0110000111000100001010011111001110100001100011010100100110110110
1101100001101010101010110111110000001001100001111010100010001000
0011101111100000100100110110011001110111000011010100100000010101
0111111000100111110100110010011101101111100011101001101010000111
1100110000100100100001100110000100011110011000100010000010101010
1110001000111010101010010101010000100000011001000110100110101011
0111010110110101001001111001111101011101110100000110010000100000
1100011100000001111011100110010001010001001010010011111111011110
0000101111101000011100000111110011011100101110110010001001101000
1000001010000100100111001000011111001000100010110110101111011011
0011110001011001100100000010001011010000100001100000110100100001
1111101011011100010010000111110101100010101100001010111100101011
1101101100011010100010010100110110000001100100000001011010001001
1011101110110001010000101111100010001110101110110111000000110010
1000001110001100100101010000110110100001111001011000001110101010
0111101100010011000010000000111001100001000001100001000111001111
1100011100011110011101110110000000111101011010111000100011110011
1000110001000001101110010101101000011101010001110110011110100010
0100001001100111000110011100100000011111101111001010101001010001
1010010010011001010011011101010100001001001011010000110101111011
1010111001010100011000111011101000110111010110101010110111100100
1100001100010110100001001111110111011110010101000001111110101111
0011011011100110100101110111010011101111011010011110001000001101
0110001101000011111000001000100000010111100110010010110100001111
0110110011111000111101110100101110000100010010001111000000000101
0001010111010110110001101111101101000010110001101110111111001101
1001011100110001110000000011011001110100101111111100011111010010
1110000010100110011000011111001010001000000100000101111010110000
1110110101011000011000110010101000100010111000100100001001010101
1101110110111110100001101110110010101001011111011000111110011001
1001110111011001001000110001000010111111110011001100110110111101
0011110111000100111110101101000000010101010100010011101111101100
1011010101101111011001001110110011100010110010000000010100101101
0011110001100110001001011110100010110000001011111110100011001110
1100000001000001101111000101010000000011011000011100000001111011
1111001000011011010000100001100001011011000011000010011000110001
0100010010100100111010001001001100001010110111100101101100001011
0101000010001110111000001001000011111001001110111011111101101000
0100010111101111010010010111001010101001011101010000001111000000
0010101111100011000011011010110111000101000011110100110011011110
1001010100001010100010010111011101101101011000011001100110000000
1100100001001001001010111100011100010001010111110011110010010110
1000111100001001011001100101101101010011011000001001001100011000
0000110011100100100011010101110101101101101011110111110001111100
1110111011111110100010100000100111001100001100101011111100110010
