1100000101011110011110001100001010010111011111010010010001101011
0100000111000000001111011011001000101100001110111111100001010100
1010100000010111100111001110011001111010100100000001100010111010
0101110110011100110110110101100111100010100010011001110110001111
0110111100010010001001111010011101011011010100100001111110111010
1000001010100000001011100110110110000010000110101101110101011001
0011111000000001111000011100100101010001111010101111000100100000
0101011110110101110010010101011001100011011000001101100010010010
1101010110011100010011010101010101101010010000111001010111001001
0010111101011100100001111000101101110100011101010101010010111101
0110110101000110111100001101111100100110010010110111100100000100
1100000100011111011000101011111000110000011111000110100101111001
0001010001101000010100000001111010001000111000000000101101101011
1101101111100101100010111000000001110110011101010000011010101100
1001111110100010111010100101110001010010101101011100011111110010
0101011001011100010000000011001100100111000110100011101000110100
0000111001001011110101100100000011100101011100001111011000111000
1000010111101110011111010010011000110011101111101011010100010010
1101010101010011001001100101101000110010100001101111000110011000
1101011101011010011111010110001001110100111010010000111010100100
0101000000100010001110101001110101111010110000100100000010010011
1100111001011001001111100100010000100010010010110101101010100111
1101110011010110100111001100111101010111001001011010110100110110
1101011101010111110100100100111010001000110010111110111011001101
1110101010011010110001101000011101111111111100111101001010110101
0111100010110100001010010000101101011000000110111001010110110000
0110011110110000011100111110011111001100011110111110101001101011
0110110101110111111010000001110100101110011110011010111000011010
1100001011111110110010100100101011110001110110011000011011101100
1101100100001011011100000100010010011011110000111000010111101011
0111011010001001111100001010000000110110101011100100111011001001
1001010001110001110110000011110101011101110111111010010101100101
0110110110011101111001000110111110000110110100100110110010101001
0000010110111001001100101101111000111100000000111110000011101010
1101001001111110010110110000010001111110001010101010001011010110
0110000101111010100010001111010110000001011111101100101010001111
1111110010001111100111110000010101000000011110000110111110010000
1010111100011101111100000000100110000011100111001101011100111110
1000001000111010110100101101101111101110111011111001101010111110
0111100011100110101101111111111110000100101111110100000010010010
0101011001000001000001010110001110110110000111111111001100111100
1101001000111011100010110000110110110001000110010000100000000100
0111001010100010000011011111111011000101011011110110100011100011
1100001000001010110011111100010011000111111100001010110001111100
0100010000111010110010001111010001101011001011110000011101101101
1101010001011001011110010100110101000111010000111110011011010011
0010010001111010101000000010100000100000101110110110000001010001
1101110100101101100011011101101000010101111011011110010000010011
0001011001010110110011100000100101010110001110000010011011101001
0011111010001101000110000000111001111101111101111010100111100001
0011001110101111100100000011100111011001111100001011011111001100
1010010101000011010111100101101100000011001010011010010000101101
0111010110011111101001111001110100100110110110011110001010101011
0011111111000111000101001111001101110101100110001000001010101010
0100001011011010011001100100110111000110101011010001001011010010
1110101110100101000010101000010000100011000000011001011100011111
0011010000011110101101101011101101010101000101111111111100111001
0110100000111100011000101001101100001110010011101101101110001100
1100111001101011010010101100001111010010100111100100100101101001
1011000011010010001000000011001100100100111011000111001111111011
1010001110110011100110100000111000011000000111001100001001000000
0110000000000001111010010101111111101000011111011100110011001111
0011111111001000010110111011101001111011101110000011001101010100
0011000001010010100011011101011110011111000111101110010111111101
0010111100111101010110111000100001001110110111010111010000100000
1011101001010011011101110110101100101011111101110010010100110100
0101110100000101001010001110101000111000111010101110100000001010
1010100010011100111010111011110010011011110011011101111011100101
1101101011110100101000111001010100010110110111010011001110000011
0101100110100000000011000011111010110000001100000001000000110000
0111101101101100001110111001111110110110110101010110100101110110
0111111011101110010010010110101100000101001011101101001100110100
1100100011000001000000000011100001101100100010110101000111101101
1001011000011100000000110101001110000000110001011001100010001010
0010010010100010010000110100010101011111101110100100110101010011
0000011011010011110110111000110011110100100011011000101101011100
0110111100101101111111110110110010111010010000011010011101010111
1111111100000001010101010100110000100110101010011010101011110101
1001011000101001110000101101111011100001001011011110111010100001
1001101000111000011101100000011010111101010111010110001100111010
1000001110010101100110001101100100011011001100110001111010100100
1000110111101110111010001000111100010001101001001111011001101100
1100010011111010110110000011101011110101010001111111110110101101
1100111100010101100000111101100100011000111011111010011100000001
0101110111001111010110111110001101110011011010100110010000010000
0011000110011100101101100111100001000100100010011011111001111011
0001010001110111011101101110101111110001001111101100110100101001
0110001110111011101111110110010000010101001001101010000001100010
1011100101100000101001000010110001001011100010001110011000111100
1100010001101100000101011010010101110100011001000110011101001100
0100111011101111011010010100100110011011110001110101000000100110
1101101011101000010001000000000100001100011000010010110010000000
0000010110101011001100000010001100101110101001100101011101111111
0110110010100100001000011000101000001111111111110011100001111110
1111101100111111011000100011000101100001000011000010100011110001
1000101111111101010101001101010111110101001110100111110010001010
1110010001100100010001001001011011010101100110110110100100100111
1100001111000011001001010110100111010000011100001101010010101011
1100101010100011101110110000111010000000100111010110000110110110
1010110010000101011010110001110101100010010010000110000110100001
0110101110100001110100110010111010011101100111110110110010100111
0000010101110101010001011100001111010000010010110001010001111011
0000000110111000111110000100100001110101101111100111000101010101
1100111100010011100100000100100001101110100111001001101110111001
1000101000110000011101001011111001101000110101111101011000111011
0101111111100011111011101110000111110001110100111000110011100100
1100101100110111110111001001110010110001011001000001001111110111
1001011011000110011001101000110011101011100011110011101000011010
1100000101100110000011100000001000000100000110000010000001111110
1100010101100111101111101100100010100011000011100100010100011110
1111010100100000101001111011011111011111001101111100000100001010
1010110010000000010111110011100000101011000010111000100001000001
1000110110100110101010100101100100110100011100101111001111001000
1101100100010101110110110111111110010000111000100011000011110100
0111011001001100111001010110010000011010011011010111011001010111
0100001000000100011010100101100011010000001111110101100110011100
0000100111111000001011011000000010100001000110000100100010110110
1000011111110001100010100001110101011011110010011111110010011110
1110101110011000110100011010001101100101011100110111111100111000
0110111100011101001110011011101110101010110110101111010010101110
1101101110011111110100110110011100110111000101010100110011001101
0011111010011101010000001011010011000110100111101111010110010010
1011011110111101000101101010000010001101101101010101101101100100
0010001110001111101000010101010011001110011010011100111010001001
0000101000011110111101110100110101111110101010010101000000010101
0001111111010000110111010000010101110111011111100000101000011011
0100000011111000010001010001101110111111101011100010110000101101
0111100100000100111100001000111111011100010010111010111101100010
0110111011011100110010010111011101101000110011000000101011010100
0001010000110000010010100111011110110000110000100101001011011100
1100010010111010001000111101010000000011111000010010100100100100
0001000000110101011001100010111000011111001101100111101001111110
1100110000001011100000000101110110001010011010010100001110011110
1101110111100101010010100001001101010100110000111100001011110010
1010001011010010110100010010101011100010101110001011110000000110
0111110110010001001001110100100100100011110011110010101010101001
1100100101111010101000001111100101111011001000110010001010111011
1011000000001100001011110100101101001000100010110011110111111000
1100000011100111101011100000100010101101101111001101011110011100
