1100011111010001010010111001110110000111101011111101011011010100
1101110100001010000110001010110011000011110010100100111100010111
1011001010101100011110100001110100101010010000000001011000111000
1010100101111001111010111101110111000110111000011110010101000100
0100010111101001001000110111100100100001110100100010011111010101
0001001110011111010101001000111110110100111011111101011100010010
0111011101111100011010100000000001001100100000110111000110111001
1010110101010100001101100001100101010000011001000001011101100111
0110101101011001001001011111110010001100000001111101110100110100
1011110101100010100000100000100111010000100011111001110101011011
1010011011000100010000010010010011110000011011010101101000010010
1010000111110001001001111111101000110111000000100000111101111011
1000000000110110010010010000011100101001101000110110101100110001
0010001001000101011000111101000001011000000111000111010011110010
0110100100000101101001110111111011101000011101010000000000011011
1001010101011100111000111101000100101010011011010101111111001101
1110001100100001001001110100010001111000000001001101000000101101
1011110110000011001000110101010000000001100100001001100101010010
0000001011011011001001001001001111000101011110000100011100100101
1110011000001100011010101000010011100011000011101111001011100101
0110000110011100101011110101010110110000010100110100110010011110
1001111010000011111011101001110100001011101010101001011000001010
1010101011011111111111111010010100100110111010001110101100101100
1011111010011010000000001001000000101101010000100010100001100111
0000011110101001101101001111111111000100000110100001010101110110
1111000000011100000100001100011011101000101111010000110101101010
0010100001011011000100110010101001101011111011010110101110011111
0110100010100100101110101000011100000110010010001111000000101111
1001110000111001111111000101011000100101000011110001100000001110
1100010010001100011110111101001101111111100001100110010011001111
1010001101110110010111101111100011101111110100110000011001011010
1010001000110010001111101111010001101110011111000111101001110110
0010001001100001011011111001101001100001111100101011111110001110
0111011010000011010011010110100001001000100001101101101001011001
1001111001101001110001100010100001101110010101101110001100000000
0011101110111011100111110101100010110100100111101111100000010010
0110101100001111111000001001110010000000011100011101110100011001
0001110010000110000111000000111010001011010000101001011110100010
1110101010011101110000110101010110010101110010110101111111110100
1001010101010110000100011101010100001110011000010010110110110101
1010011001000011111100110100110000100111101000100011001110001110
1001111110000100101000010011101111011000101000010111110000000110
0100100100011110000110010010000111110000110010110000001111011001
