0001000001101100110101101100111111011010011010101010010110110000
0100111011101011100011001100010000011110100010111011110101001101
0101100010001111001011111110111000000100010110001111111110001011
1111000000010001001111110010001010010010110011110000110111111111
0001010101100101110000001010010011000000100100000011001100010110
0011011111110101001110010101110110001001111000000010000100111110
0110011100001000110000110011100111000101100101001000111111011010
1110011100011111001011011101010001110011100111101101100101101111
1001110111011100101001110111100110100101110111000000011000101100
0000100000111010101001011101100000111001111000001101110011111100
0011100011010101110010000011010110100011111001111001111101011000
0111001101000000010111110001101110111001110001100011011101110011
1010100000010001011010011000011101010110011110001100011001101011
1001000111011110100010100010011001100101011011100110101110011010
0001101101001000001111111100100100001110101011011111000111100000
0011101101011011110110011111000000011010000100101111101111111110
0010111011000111010101000011111010001101110000001110101101011011
0110100011010100000110010111111000011101111101110011001110000110
1100000100101011001111100011000101100001110001010101000100000110
1001000011110100101110100000111000011111011111101110101101110111
0011101100010110000001101100010011001111001011010110110101111011
0001111111110110010110110110001110010000010100011011011110110010
0000111100110101000001010010000110111011010101001100011101010000
0000000101001110110001111000100001001001000000001000000100100011
0011111100101001001110111100000001001100001001101110000010101111
1111110010001111000001100101011000001110101010100011010111101100
1011001010100000111000000110001000111001101001110110001100110101
0010101000101010100001010001000011101101110110101010100011100010
1011111100011111100111111111001010111001011000110000110110000111
0010010100100010110011011001011110001010011101000010010101011001
1111000001011011001000101010010010101001000111100011111001111111
1001111100111001011100101000100110110101000100100101010111100001
0001111100001001001011010001100101011100110011110101110011111001
0011001111111001110000000011010100101011111100010011000111110001
1110001001010111011001011010001011000101001011011011010110110001
0100100101110111100110100000001110001011111001010000000100100001
1101011001100111000101011111010101101010000100110010011010111101
0011001100010100111100001111101100010101111011010110011011110000
1010011100111000101010001101100001010100100101110011111010011110
1101011000110000100011111110001100011001011011000010111010000101
1101110001100000010011110101010011000111110000101100110101110100
0011101110101010000010000111011001000001101110011101101001010011
0000001010110100110010010000001011111000111101101100110001101011
1111000010110111110101010000101110001010011101011110100100111000
0110000001100010111001110101100011001100101110010110011111010000
1000011110000100010010000000001010001101110011110001101111000010
1011110000000011000010011001110010011001101110100010111101100110
0111101011001001011101001011011001011010111001011011010010001111
0111001001001100110010100101011000010100011010101000010010001010
0110001101000100000010010110101100101110000100100010000101111010
1001101010110101100001100000101001011111000000011110110010001100
1111000111010111110101100101101100000110001101101010111101011100
1111110000011111000001000100011001110010100010101110001101100110
1110101111010111110101110000101011100101001001010111101110010011
1011100101111100110111001001010101010000111010110111001011100010
1111110000011111001010010110101100000101101101110011010100110000
0110101110111111000100101011101110001011011011101101110010011101
0010001001110010101100101110011011000010010100111000111001101010
1110111010011010010111111111110111010100101111001100110001100011
0100001111110101111010011111111110101001100100010001001111010001
1010110110111011100001001011100000010100100011111010110000100000
1010101111010011101111111100101000111111110101101100010110000001
0111001100001100011101100001111011001100010001011010001011111100
0101010010101110110010011011010001001001110100110001001101001001
1010011100001100000111000100001001000011110000011001000101111011
1101011110011100110100011101000000010111100111101011110000011110
1000111011011101101010110110111100000101100101110011110100110110
0101101111001001011111100110110000010110111001110011001110010010
0111101100111010001100001100001100110000001010011011101110101111
1011101111110111000100111010100000101101010100001100000110101111
1001010101011010100000010111011101011101111010101111100010100000
0001000001001001100101000011010000100010011101010111011110001000
1110110101100101011001100001011000011100001110100011111001110010
1111110101000001011010011111000011001010100000011111111010111001
1110100011011101110001001011001101111111001100100010110001101101
1111100101000110110111001000101000001011111011100000000110010011
0110011101001100100011100110010111110111111100111010101010011111
0101100010011001010110101010110010111111111010010110001100101111
0110101101000100100001000101011110100101011100100110110110100110
1111011000000101000100100101110010011000001010001001011010110101
0010111010011010111100110000000110011001100100101000101101100011
1011110101111001000001101110001110011101101100101100000111111100
1011000011000001001110001100100100011010001101110010101100010111
0100101110101001010110110111000110101110000110001000101000100001
0001110000001101111001100001001010000011111101000111000101100000
0110011000100110111010111001001111110000010100010110011111011010
0000011011101000000101101100101111000001011100110001001101110000
0001101111100110100111001111011100001111100101100111010100110001
1100110100010101001111110110101110101011101111010011001000000010
0111001001010001100101000010111110100110000101110011001110111001
0110000001100111000110100011001001010011000000000011111101001011
1111001101100101010000101011010101100100110100000100100001100100
0111110111100000000001100000101110111111100001110001100000001110
0011011010000111100011101011111011000011010001000101110111110111
0100011111100101101100010100111100111011110001101111100001000000
0010000111011010010010010011111100110001101100000010010001101100
1001100110100000000000111111111110010011110111001101001111010100
1010001001110011000011100011100100110000000010011010001011111000
0010010010111010010010100110101010101000111010111001110000110000
0110011101110101111001010011000001010111100000101010011000100100
