0010000101011101011110001101111000110000000011101000111101111111
1101110101000000100100111001010000111011101101000100101000110010
1110001001100110110100001000100110011010010111100101001010100111
0101101101110110011110110111110101111000110001100110010010101001
1110100101011110110000100111000100010111101010010101010111111010
1000001111011111010110101011100100010110010111000011011110111100
0110000100101010111010100001000000110001101101100100110011011111
0110110010001101101101110010001111101001100000000100101101100010
0111000001011000110100110101101000101111100011010001000111111110
0101110010111001111001101111101101000000000001000111011010100101
0010010010011010010001101001011111110100100001001010000001100101
1011100111011100010001100111001011111011000111111010100001101101
0110000011101010100010110111011101101011010110000100100000010001
0011001111111011100101101001111101100011101111101111001101111011
0100111111010111010101101000010000100010001001001011110100110100
0000100110110001001010101010111111000001110000100100110111111101
0001101010010110101011101101110010110100000000000101100110010111
0001111001010000100011000010101100100101101001100001110000111011
0101110100011000100100000011101011011110010011001001101100101011
0101010000000110011111110010000001101011001110010110110000101100
1110000010110010110101000000001111001010001011010100000100100000
0111110100101011111110101110101001111101111000111010101000110010
1010110010110001001001010001000011011101010100010110111110100111
1101111000100001001100011001101011010001110111010110011111011011
0011100011010101001001001000010110110000101100011011110100001000
1100001000001000001010000110101110001011101111101010001110011110
0111000111111000111000011101000110011000100001100001000100110000
0110101010001101011101010010101000010011110101100011010101101100
1100010010100011011100010000011000000011111101011000101101101111
1100101011100111100110010110001111110101001111001110010100001100
1100111110100111110011000110111000000100010110101101111111010100
1001100101111001000100011111100110101011000110011110011000101001
0101110000110001010011101101011100100110000010111000101100110100
0110101110011111100100110010110011010000001000111011011000010100
1010100011101001011010101001011011011011011010011110011010101011
1000101001001101101110101110110110110011100110110110100110011111
1010110111101100111110010111011101100000100001010011001001101001
0011011000000000101000110000110010100101010001101100010010001101
1000111000101100101010100010001011101111101100101011100010111011
1001010010011010001101110101000111001111000111010010100000110001
1001111000100010010000000100101000001111110110111001001101001001
0000110000010100001110010011011110001001000101110001101101001000
0111011100000100101000010100011001001100000000100100010100110110
0001100111010000001010101010011111000011101101001010100111111100
0111001110010011000100011000111010010011101100010110000010110110
1011011011100101100011111011110100101011010111011000100101001111
0010001010111111100101111010110000001011010000011001011010011010
1000110100101010011000101101101010111110110000111110000111010000
1100101010101000111111101101111111000111101010000110010100010110
1010000010111100000010011110110111000101110100110011111100101100
1101111010001011001100010110000111001101010010001010001100011110
0001110011001001111001101111111101000000001101100010100001001101
0101100111110110110111110011000100101110011111110100001011011110
0100111011000110000100000110111101111001110100010011001101111001
0111101000101010000100000100010011100001111001011100001000000100
0101010101000110111111101110100100101010011010000011101001111001
0010001010001010111001001111011111101101000110100111110111011111
1001000010011011100110111001010100111010101010000010001110000111
1101100111100010000101001010100111110010010100001110011100111010
1101101000010100010110100100001100010110100011110110011111001111
1001110000111010100011101111001100101110000011101100110000110101
0111110000110101011010110101110100100000111111001001001000100101
0011101100011110000111010001100011111000110000011010100001011101
1000100001101000101010100110001101011111011101010101000101010101
1011010100111110111100000101010000010000100100101001100101010011
1010101110000110111110100010010110001100100111111110101100001110
0110011111111110000010010100100001000101110110110100110100001110
0001100100011101010001100101111010000011000110011101101010111100
1111010010011110001011100110010000100000110110100011110100111000
0101000100111111111111011010100000000010000111010101110010101110
1111100000001111001110101001100010110110010011010111000101010000
1001001100111010111110111101111001000011101000010100011111101011
0000001111111101011100010010111001000101001100110100001011110000
1110111111100000000110110010011100011110110111110000110010100100
0110000100010101110000101110100011100011000110001001011101010001
0101010000101101101110110110000011100001100010000000110101110010
0100111011011100100011011100111111100111000000111101101111110010
0010111110011110100110000010000100010100100011001000101111011111
0000100010100010101011111111110101111111111111101001010111100100
1000001101001111101010101001001110110001001001101110110110110011
1010110100110110000101101111110100010110100110101100011010000001
1100111010011110111101010001000111011111010001010110111001100110
1001100111111101111000001010101101111011110110111101111101011100
0010101001001011011101101111100010010011011111111000011111011001
1101011000100100100000010100011010010111000000100001010000111010
0101011000110100110000010010011010110100110101110010010011110101
0110101101011110011111100010010000010001101000110100010111010010
0011001110010011011110010111000001001010000001111001011011000010
0101111101111000100000011001110101000001001101101001010010011000
0011111001000011010001101101101011101010011111100000000010100000
1110110010100110011010011101100001100111101111010101100001110101
1111100111001111010101100111101100111110000011001100110111100000
0110001111001011110111110111100111101111110110001111001011100011
0001101011011010000100011011001001110000100001001010100101101111
0001010010110010001101010110110100111000111000101110101101110000
0001000111110000010110000101111101000001101100111110100100101110
0100001011011110101111100010001100011101110010101101111100001000
0110011110011001100011110000000011101000000010011100001111010010
1000111111010010010111010100000110111110101011010111001110001000
0100110001101101101010111011011100101011110101011110010100010101
1100011111111001000010001000000100101110110110100111100011011000
0011110101101100000000111101001110000000011110101100111000011000
1100011010000101001111010010000101001101001010011111110101101111
0010000011001010010111101100001111100000010111010101111001111101
1111000010110100010101011101101000101110110011000100000110111010
1111101000100110100101110010011001001011101111011000110111100011
0111100001100000111100001000110101101110100101001101100110100111
1001101101111011110100111110100111000001111000010111000000010001
1000110001100000111111110100001111011111000010001111001101001101
1110001011111100111100000000101000000001101110110011011010111010
1001011101101001001110011111011011011110110010101001011010111001
1110011011011001110000100010110001010000111010111101010101011100
