1001101100011010110111110001000011010011110011011101000010101000
1111011011100111110100101010100000001011001110011010100001000001
1000111000000000000010101111111011010100110101101100111100010001
0110010011001101011001011001010010100001000110010010101110100010
0011110110010110011001001010001100010100101110001100110111011000
1111011100100001100010100111010110000110010011010001100001100110
0011110011111101101100110011001001110100100100100100101100010010
0001011001000100110011101011111110111001001001011010110000111000
0111001100110110101001100000001010010100001011110100100010001000
0101101111111101111000100010101100101011100110001100110110000110
1110110000001111010011001011001110100001000001000111001011010011
1011000010100011100110101001011000101111001110000011000100100010
1001111010100001011000101111010110010001111001110110100111001110
0100011100111110010110000110011101111101001101101010011010000011
1101010010010011110100011000111100100000100010100000111100010110
0000100100101110011010100000111011010000100100110010101010101100
1001001111100010000001010101111101101000100000011010100100100000
0100000101010100110011010011000101010000000111000001000010010100
0001011011010111011110000110101111111000000001100000010000111101
0011001001111010101010100001101100011110101101011101010001001100
0011110101010111110111101101100100010011010010101100001101111011
1100111010010101100011110111000011111001111010100011010011000011
1010111110000011001101110000011011111000100110001100101100000100
1010100000100001100010011111100101000011010001101110100001111110
1101111011110101010111101111000111001000110111000001010101100001
1011010111111110011101110011111111111010101101000110000001101001
1101000111101101101000100010010100011001100111010111000111011010
0011111010101001011001101110110110010100111011111100110101000010
1110011101001111100101111101100101110101011111001100101111010110
0100111000101110010001001111010101000011110011101111100100110000
0101010101100011001111011101100100010111010100011010100000001111
0111001010110110011110100111010011110101011101101111000100011000
1010110000101110111010000111011110001000011011011100001101011111
1000001101101111110001011110011101010011101010111001010011010000
0101001101000011110011111001001100000000001001110110111011101110
0011000111110110100100100110100101010000001110100100000011100010
0110110101010111111111110100111010101001001011100100011110011110
1111001101101011111010001011100011001010101000011010100101111010
0000001111111101010010001111110110010111110111100001101111010100
0000101011110101101110100111000100101000101011000100101001100101
0001000011111001000000101100011100100110001001111111001111111110
0001001001000101110001110010110110100011000101111011101010011101
0101011110010010000111000001001011010001001101010111111011101011
0011101010111110010110111010000000011001111011101010100010011111
1111101111001001101010100010110001100110111110000001110000000100
1101111001001000100111011010010000110001011001111000110100010100
1100101111100000011010110011110100110100110101001000110111011110
0000100111111011101111010101011011110001110101110100000110001011
0001011001101000110011011101111101010100111101110011001011111110
1011011110011010111110011001111111100110101111011101111111010111
1000010110101001111111000101110010011011111111110100101110011000
0111010100100101001101110010100101000111101011011010111000011000
0010110000001001100011011010010101010010100111001000011001010101
1011101000001111100100001110110000111101000110111111100011010101
1001011000000010001001111101001111110010001101010101101111000011
1001100011101000100111101010010010011111100100101011101100110110
0110001001100000111101000010100110100101011110101001010111000010
0101101011011010001111100111011110001100100011100100001100011101
1011110011111110001000001001100101111101111001011011011111111100
0001000001001110111110101100010111110100001000010011000011111100
0111010111111010110000110110000000101000011010100000100001010000
1101011000110011100011000100001101111001010001100001110101111110
1111111010000110011101010000001100001100011111111100100100010001
0010111001011111100011101000000011101101101001001010000101000110
0010111011100000111110000001100000000011011111110101100110010010
1100000111100100010100101100011101000101111010110110011100100010
0010110010100110000000101110101101100101110101001110100010101100
1000010001111010111001110000110101000101010110100001101111001010
1000100100000011010110110111100001101111000010101101010010010010
0100111110011000110111001001101010101010000111011101111100010000
1101011010001100010111001110010100001100011101001011100110111011
0100111111010100110100000011100110010110000111001110110001101010
1001000111110100001000001111101110100110111100011110000001000101
