1100010110100100000100010000010011101001010110000010000000110101
0001100101110110001011011100100100001100000101100110111001110110
1101110111100101011110100001000010111001000000110110000011111011
0100000110111111111101101110000000111111111001011111010101011100
0101001010011001000101101110000010001100010111001101000001101100
1011011111111100100011100110110100001011000010010011010100000101
0100010111110010110000101001001101000110001010011100111100100001
0111011111110101011111110000100011001110010000001011100100110110
0000110011110110001101111000000001000001110000110010111000100100
1001100101001110111010111000011111101110111100100100111101010011
0101101110110111000010000001011010010011111111011000001000101001
1011000100100101101010100001100101011110010110110111101111100000
0111111100100101011010111011111101011100111101100100111100100000
0100110000001100101001100101011111101110110101011110110001011000
0111100000100000101010100001101100111001110101011000110010101000
1011011000111101010100100011101001111000111111010010111111101001
0001011111110101111111101100001001001001000110110011001010011001
1110101111110100011110001010001100110011010010111010111000010010
1010111101001110010111110010011000101110111111101110001010011001
0100101100010000010101011011111110000111101110111100000010101110
0101001010101101000101110111000010000101100101100100011001111110
0100100000011010111100000001000111010000011011111100010110001111
0011000001101000011000111101100111010010000011011110010100110111
1100110010010000110101000000001110010011011010110101110000011010
1111010101011111001111011110101101011001010110100000100100001100
1110011101001010000011001100010100101111101000000001111011000001
1110000010001011000001110100110000100010101101000110111111110110
1100111100101111110001011100110011001011110001110001010101110111
0011011100110101010001010011110101001010111010001000010111001011
1010001111100001000111110011100101110001110011110011101010001100
1010001001001001001001100001011101011111010001010010101000010000
0000111110111001101101010101000000100011011011100010101011000001
0111100110100011000010100010110001001001010110110110001101100101
0100100111000010000111100000010100101001011100000111001001001000
1010000000101001000110110000101001011001100001101100011110010001
0111101010001010110101001101000000110101110011100000110000001100
0100010001101010101011011000110001110000000101101100101001100110
1011001110000001101100101010100110101000110101000110010110100101
0001011110001101011000010111001110000111100101001010101111100010
0111001010010111011100001010100100111100101110000101001001101101
0011110100111011000110100110100111101000000100100011011110000110
0001010111101011000101010001111100001111110101110111011011001011
1011001000001010101101010011010011111101100011010110011000100001
1000011010000100100101111110010111000001111111110110011001010111
1010111111001100110100100110011001100111100110011110001001100011
0010000110111110111111100110001100101011111011100001000101000100
0110001110010111101000001100100100011111011000110101010001010000
0000101011111111000101101011010001101000110111000010000111011000
0001011000010111010001011010110110101101000001110000011111111010
0010100101000100001111110000110101010101010110001000011010011011
0010100000001110010110101010001100111111010001100011001101011101
0100011001101001111101110100000010110111010010111110001100111110
1111011000001000010000000001010111111000010001110000100010101000
0011001110110001111100111011001000110111101101110101101101110111
1101010000101110101010010001001001101110001011111101100100011100
1001111110110000001101000110011101101011010001111111110001001101
1100110100011010111010101001000000110010010000010100010111100001
1001110111110010010001011010111110101001000010011111001110010000
1000010100110001110000111000010011000011001010001111000010011101
0100111111110001001010101010110110101110001101110111110101111100
0110100101111010111001010001111010000001001100010011101000011001
1011011101100010010001011111100101000011101110011111100110001010
0001011101001101001010001100111000101011110011001111001011000100
0000110101100001011000111000001011100010010110000011111001001011
0000101110011010000000001010111100110111110011001011010011110011
1001011010000010101001011101001000011100010010000001010101100111
1100101010100101101000111111010001010101011000001001000111011001
0100100101011110000111100100101110001000011110001010010100010000
0011000101001010011111000000001010001000100110001000011110100110
1111111010000011010010011000110001011000011010000110101011001111
1100000101110011000111110010001110000100110110101010100110110000
0100100010011100101101001111100001010100111001110000110110000000
0110001011001110010000011111100010100110011011001111001010110111
1001111011100010001001111010101100000110011010101110101010110010
0001101101010011100010110100110010000001000010101111100001110110
0000111000111000001111110011011000111111101111110100100010101001
0111011010100111000100010000011001011000000010100010100010100010
1001001111110111001100100000011011111101001010100111100010101100
0000001100111000100100110101100111011100001001111111111000110000
1100110010010101110100111110000000111000010101110111000000100011
0100001011000110010101111011000010110111001000010000111001111010
0001110111000111100100000001001010010001110011010011010110101000
1110110000001110101000100000010101001000010011100110111100101100
1110100101001111110100101110100110110101101010110111001100101100
1010011000100110011100110100001110100111110001011101110011101000
0111000001100100010010011100001011101101011111000000011000111100
1110010111000101000101101001111001010010000000100001111000110000
0000111000100001000010011101110010000010111111011001010001000000
0100011000101010000010001110000011010110010010001011100001000111
1100001101011010110100001010110110011010000100110001001011100000
1001011011110111000110101000010110010011101100111110001001011000
1111100100000000011111111100000100000111011011011111100011100100
1010000111001001001101000010001110011111010110111011011111100111
1000011011110111100111111011110011000001111100001010011000000010
1011010010001110111011000101110001000001101001101001010111000101
0100011001110100100000101101011011001100000111010100111010111011
1000100100101100001011101110000100110100000001111111010001011101
1101000110000001010000001100000111111100110011010111011110110110
0000101001001111111010000100010010101111110101001110100110100000
0000110000110010111011111000110111101100001100111001110000100001
1101111011010000110011011011110100011001010101100101110010110001
0001101001001001100001000100111001100010100110111100010111011000
0100100011100100101000111001111010010101111001100100000100111000
1000100111100000110100010100100000110101001101010110011001011101
0010110101011001111011110100000110001111000010001011010010001001
1101001011111100000010010010011010110100110110011010100010000110
1101000101101101010110101101001111111100000111111001000010010111
1110111100000010011101011011001011000001110001100101100110100011
