1100101101111011011111000001010000001110001001111001011101101110
1000101101000100100001010101011001010100011001111001000011001010
0110100010010110000001011110011010111100110101100110111110111100
1111011100011010111110000100000010001010100001011001001101101110
0101100000100010100001100001011101011000011011010101100000110010
0100110100011010000011100011111011101100001000111000010101100011
0000111101000000011101110010110011110100011010011011000001010100
0100011000001000100010010101111100000001111010111111011010010110
1010100001010001010101101101101111111110111011000001011100111110
0100010001011100011100100010010111100100101110001001010100111101
1000001011101110000110110110011111011110011100100100011010110110
1011001110011001101100101000011111001101000001001101110111000001
0001010001011000001101111001000010000111001111101011010011111001
1011100011101110001001011110001111011000110110010011011010111001
1000010011000001101011110110001011101111101111101101111011011111
0010011001101100111001101110110010101000011010111110101010010001
0001101111000110011110010111001101110011111101101101100001111110
0001011110110100000101100101010001101010011001101110011011011110
0101001000100011101101001111000011010001110010011101111011101100
0010000100000000011011010011100100011000111111110100001101110011
1101110110111000000100010010101001010111101001001010101000001000
1101011111100110011010111001100011100110110011101001000110011111
1110000000000000110000111110011101001001111001010111101010110011
0001010001100111110001101001100001011110000000101111011000010000
0111111111100010000100110011011001101000001000110000110000011101
0100000101110011011110110011101000010101101101010100111101011110
1000101110111101011011011010110110111110100100000111010011001000
1010110111110000010101110110011100000011101110001100011100011110
1111011010010011010101000010100001100000010000110110011110110111
0111001100001110010000000111111101000000001101111100001010011100
0011101110000111100001001110011010001100010111101001010011110000
1111000001000100001000100101010000001111011111010101001110000011
1100011001010110011011100011011010011001011010001000110011011100
1101111101011110001000001010011000000110101011011110100010011100
1010000101010010001010000100000000000100100010001000001111011111
0101000001011001100010101000111101100011100011101101110101011101
0111010010110000011101101001011010101101110000110111100001000111
0111110011010100101111101100000100110000111100000000101001001011
1111011000010101001010001011100001001110000110010101001100111111
0001111001010000100101000100001111100001111001101101110100001010
1001110001100001100100111110000000111001111010010001000010100110
1110011001001101100110101000101111100001101011000011001010001001
0111001111101001011110111010100011000101111111110010110111101010
1010101010100101001010111101010000101111011110000000010011110000
1011010011111000111101100110110100010001010110110001100010101111
1110110110011111001000000010010101101111011001001010010100111011
1100111101100101101111011100001100001111100001101111111101111001
0001100100000011000010110111101110110101000011011000011001101100
1011001000111011011110011011011010110000101001011100010101111001
1001000100000000001001001011010011000101101101111101010100011101
1001001001011100011111110101100001011111110001101101001110011000
0110011000001111000001010101011101001001010111111000001010001111
1110000110001010101111111000010101011100101110101011011010101000
1011000001011101110111011111110100100110001111101000001011111110
1000010000101101111101001101001001101001000011011000100101100110
1101110010110011001110111000110011000000011101001100100110000000
0100001100011010001111101101101000111000100000010110110101010001
0110101010100000010000101010010111111100101111110010000101110111
0010110100100001011111000010101000100111100111010100001001000010
1011101110011111110000000111111000000100110100010000011011111101
1111010101000000110001100111110111000101111110010110111100101110
0110010110100111011001001100001000100100110000001000001001001111
0011011011011010111011000110101000011100101110110111010011001110
1010110001001001000001110010111110110010001100101001100000000101
0010110010011101111111110011100011000100110011010111000100000001
0011101001100111110010110101001110110110101011001010100111011000
1111101100000001111111000001010111110011101111010000111111110111
1110100001110110000000001101101100011110100010111010110010001111
1000101010100110011100001011001000111111001001100011110001001010
0110101000000000110100001011111010111111110011010110100111000111
1110011011100011101100010011111100100101001011111101101010101100
0001101101111100110110001001011101111101010110100110000100111001
1100011011010000111000000001110111101001111110011001111100000010
1010011100100010111111101000010110110010011010110010100110110101
0111111001000100010001010001100100110000011010100101000001101101
0000100100011101010000001100011110110001010011000001110110100001
0000110001111110111100000100111100100010100001000100101101110000
0100101010110101110010010101000110011010111000000111101110000001
0000101111100000110100000011100001100110000100101110101110101001
0011101010001111110000101101011110010111011110011011011000110000
1011110001100000011011100111110001101101000111010110101100011111
0110101111100001011000011000100011000001110000101011100100101111
1101011011101110011110101110010100001100111111111111010111100011
1101110000111010110001101010000100110001000100100000000110001010
1011001001101000101111101110010000101001010010010111111110001000
0010101100001011011000111000110101001101101001110101000111110100
0001111001011110001000101111101101111011010110000010011011010101
1001010101000110100111010000110101001000111101111010010011111111
1011101011100111011010110000111011000100010000101110001110111001
1111110111110100010011110100101100101100110001010100100111111011
0011110001001110111101001100100011011101111111111111110010011111
1001111100110111101110100101110001010001111010110100100101111100
1101111010101101111110110001010010101001001111011001100100000000
0010011101110001001011010010000110010000111011011111111011011100
0101100110001100111000011100111110000000000101111000001010001000
0100101001101000000000100001001101110101011001100111110010111100
0100111100001111111001110001111011001001111111100111101111110111
0010011010010111011111111100111000001011111010001011010100010111
0000100111010101001000110110110001111010101001110110011110100000
0111110100011000001011101111101100000101111111111011110111110011
0011100000111111001101011010000111001110100011110000100111100001
0010110110100011001111111011100101111100111000101001110001001000
