1101101101100000111011101011011101110001011111101001010111011011
0001100000010101000100000111101100110100010100000110110110110111
1101010111110100110101100111001111100000011010101111010111011100
1001110101001001101010111110001101110110011111110110001110111101
1100100111011010101110111101100010010001010011000001100001001000
1011111110100000101011011001110110100100001101011001011000001100
0111110011000101000100111110100101100111101101101011101100100010
1000010110101101001001110000010010110011111010011101000000100100
1110011101110000100111101001111110000100010100000111001010100010
1000010000000010111000110111111111001110101101100010111011000010
1111011111011011001001010101101110111000101001111010100010010110
0010100011100111101110000100010111101010101010011110010000101011
0011010011110010000010000010000011000110000010001010001000000110
0110010101101110100010010110010100001110011000011011000110100101
0111110100100100001000001011010101010000011100001110100111011111
0111010000001000110001111101000001000000111001111101001001000110
1111101011111111101011110110000110110010010011110001101001010111
1110010001010010100110001100010101001000001000111111110101010000
0101011001111110001001101001100100101110011001001011000001011111
0000100001110110101100100110110011101101111000011011001001110101
0000001000101000100101001111010001010110111111100101010001011010
0010101111011011100110101011000011011111011011000101011011010100
0010110000010000101000111000111011101111011000010101110100101101
1110000001101000011001000011010110100110001111011011110111110101
0100100101111010101111100110111101110111100011011101101001000000
0111001011101000000011010111110010111100010110010000101111001001
1100100010101110001100111110000010101110000100011001101111100010
0010010011101010000011001111100101111011011101000101011011111011
0110010111101011010011101001101010000101110001001000011111011110
0101011001000100111111010011010111011001010001100011111010000001
0010110100011010010001001011010101010110111100001101010101001001
0011011110111001100111010110000101010101000101100110011000111111
1100001000111111100100110010100011000010001111010111101110000111
0100100001101101010100100001001100101110110110101110000001001010
0011010011111011100001110100001001011110101101111111011001110001
0001011001110101011111000000000111001000101010010100000111000100
0010101101110001000000110010111100101011010001101001011101100100
1111011110001100010111100000001110110111101000110101110100011100
0010101011010011100001110000000111100010010000000011110101000111
0111111110010001000100001111111101101011101101110000011010100000
0110000100000101100110000100110101001011010010100101010010011100
0011001101110010001100100001101001110111010000000011010111011111
1010111011110001000101111000010100111101000100100000110011011010
1000100100110011110110000111111001110110000010001000010001001011
1101110101110100000100010111100101110010001001000100100010001010
1100100110111100111110111100000010000011001101011101011101000010
0100111110001000011000001100010111111101111111011101010110100001
0101000010111001111011011010000010101110101111001111111011111011
1111111011001111010010011010110100110111111000111101000101111011
1000111001011000111001110100110100010000000101101111111101101011
0100110011110110010101110001111111110101001111010111000111101000
0111000010100100000100001000001011100111000001010111110100011010
1001100001100100111101011001101110100110001011111100100011110011
1101110011110001101001110010110001000101000010101000011111001101
0000110001101000110110101110000101101111110011110101001110101110
0100010011010000111011000010000100111010101100111000110100011101
1111110110001110000011111110010010001011111100110001010100100011
1011011001101001010110001100111101101100100000110111011011100001
0111110110110000000010001001001011100100111001111010110001010010
0101011001010001001100001110100011001001100010110101111111111111
1001111000001111110111101001011110000010000000010011000010110011
1010000100001011111111010111100111101110100000011010010000100010
1100101101111101001011010001011101010100100011001100010110111111
0110010001100001010101010111011000001110110000111011110011101000
1101001001001001110100000001011111110001110010100110000000010100
1111100110011011011001011100101000001001100110100101110000001111
0010110011010111101110010111101100110110001010100001100001100011
1001111111011011000000101000001111110100100000101101101110010001
0100001110110101111011010001011000110100010110111010100101001010
0011001001110100101011111010100010111011111000000110101000010111
1101111010101001001111111000110111011110101100110011011100001011
0111001010101010110111010000101000101001100111110111100111000000
0000000101001001010111100000111101010001011110011100110101010011
1110111110011010111001001011111001101001101101101001101010011000
0011110111001101011110011110011000111100100000111111011010100111
1101001011010001100010001000111101100111000111001100110110010100
1011111110011101100100111011010010100110110011000010100100101100
1001111111001000011000100110101010101100011000001000101010011110
0110011111000011001010001000110000101001101000110011110001000000
0011100010001010110000001110000100110011001101101010001111011000
0100001011010000100100011100101111100010111000000101010111011110
1000100010111011100111111101110001001111011011001100111111010010
1111100000110001111011100001111110110110110011010010111100001111
