0100111110001001001101011010010100111001001011011001100000010001
0000110100111100001000010111001100100000111100000101110101001100
0000111011111100111001001111000110110001100011110110000100100100
1010100101110110100100111111000010100001100011000001010010000111
0011011011101110101001000111111011101110100010010110110001011111
1010100000000101110001111111010101100110001000000000110011110010
0100011010010111111010111001110011101001011011010000100110001001
1011111000001111011101011001110111100110110000000101101000100101
0100000011000011000110010010110001011100011101001111100100101000
1010000001111000011101100001110111001000110101011110000101100011
1101110100010110110110111001110110001100000101101001011100110101
0001100000101100011010011111110000011101001011101000100011010000
1101001010110100111011001000010001110000101101010000011110011101
0010010011011001110010101000101000110111000111000001000010011000
0001100010010000000110010010111110001110011000111100000011011010
0001001010010101100001010111101000001111001011000001010111010001
1011111010010100100111010001001001000011110101110000000010000111
0010110110101111110000111001001011000101010001000000011110000101
1101011111010101110001011111111101010101010100001111101110000011
0110111111011101110111011101000011110011000011111000010111001111
0111011001001101111000110110000001100111101110111001010100110000
0001000111100001100000110100000010101111010101100110100100111100
1010111010111110101110000111110100110110011111101011011101110111
1000100110011100001100011111100100101011101001010001011001111101
1100111110111011100111100011011010010000011111001101100110001000
0010010111111110100000110111100010011011000011011001110001110110
0110111111001101100011100101011100011001000000111110100000100111
0010001010011011110110000011110001000110000110000000011111010111
1110010101010111000111101010000100100011110110011001011110001110
1101110100111000000001011111000001100000111010011110101010100101
0101110001101101100101001110100011001000010110101010101000100001
0111010110110101000011001101111001010101101101101010110101001110
0101100111110011100000011101011010000000101110001101010011111011
1101001001111111001100110010001000011001011101101000001110100011
1000010001100011100101101110111100001010010011011011011110100000
0010101111011110001000110110000011111101011101001010111001011110
1011100100010000101001010001110100101100111110000000010110011011
0000000111101111010010101111101100100010011001111000110110100111
0000110110101110010000001110010100100011010111101100011010100100
1100000111011010001100000001011011101100000111111100110000110010
0101111111011011111111110010110001100001010111001111101010100101
1001001010111001001000001111010001111100111001011001110111110010
0000100011101111000001101110100010111000101001100111001000010011
0110101101110000001000010111010111111100100110001011110110100010
0010000111101111110001011000111111110100110100000111110000001010
1110100000111110111010111011011011101100011101110100010001011000
0100111000101101011010110110110001100100011000111000000101101111
1101111000001001101010100001100011111110111011111101100111001010
1000001001100001001100101101110011101100100100100110001010111111
0010011100101111110001011001110011001000011100101111000111110000
1111001101100011100000000011000001100110111111101010011101111011
1001011000111111100101001001001000010011100101001000100000110000
0000101011001000111100111011100001010110100011001010010101110001
0001111110111101101011000110101100000001111100001011001100010100
0010111110011111001010011110111100010111110100011001111000101100
0101111011010000011100100011101000001100100101111011000110101010
1011110010010101000100110110010101010000110111001000110011001001
0011010010111110000000111100110100111000110011000011001000111000
1001011110001110011011110100000011101000101100110111000001111010
1101100011100110110001001110001011100110011101010110001001110110
0100101101011111110110000000010001001100000011001111110011001111
1110111100100000001010011110011110010011000110000101011001100011
0110111000110100000011110011000011101111101100010110011101100000
0110111111011101000110101100111100111011111110011110011001011111
1001110100110101011110110101100011100100110110001100010001011010
0001000101101110000000100111000001111010110000000101000010011101
0111010110001100101111111111001010001100000101111101111000100100
1000110011001110110000011011010101100000001001100110001001001000
1010000001011111010100110001011111111011010011101011100100101011
1000110001101111100001010001111111110110010000010010111111010001
0001010000101111111111110111101000001001001001011101001011101100
1101010100110001101111111011101100111101110101101101011111010111
1001001100011111101101110011101001111010110010100110011110010110
1001010001000010111000001110001100100001101100011110000110001010
0011100111001110011101011010101010011000101101110110110000101111
1001000010111011011111111000110000000111110110010101011101010111
1011011100011010000010111010110111001100010110101101101000000000
0111100101101010110111111110001011010110110000010111010100110100
1101011001011110110111000011100111100111100010001000101001101010
1100100101001010111010101010010101110100010111001001001010111001
1000011111111101111011110111010000011100000111111010001111001100
0101000001000110110100101011011101111110111011111010010101000101
0001011111001001111001110011000011101011110001010101000110011101
0101110001101100000111101000010110001001110110101111101010101110
0111000101001101100001010011110010100001100100011010011100000110
1100111100000001000000000010101000101101100110001010001100001101
0000001110000001100111100001000010100100111100101110111000001111
0001010111000100001101100000110000110101010100010010010011101000
0011010101111010010101010001111111000011101100001001101100001010
0001011111110011000111011111010001111010011011100101010000010001
1111101110101000111001101011000111101100101010110011011010000100
0001110011001101110101010011011011101110101101110100100111110101
1101000101000000101100101100001011100110100101011100000101110110
1011000100111101010100110100101001100001000100001101110110001011
0111111111010110011100100110100111010011101110011000001000101101
0111010000001011110101001001011100100100001100111011100110110101
1110101101001010001101100100001100001111110010000010001100111010
1001001011111100011100111010000101110011100000000110010101010110
0001011111000001100101011101001001110010001110001010110010100010
0001110011101011100011000110101011001000010011000001010011100010
0011010011111100011010001100111110011011000010010011110110001110
1011001111101100000101100110111001100101111001010010111011101101
1000001101010000011010011001010010001001110001110001101111110001
1111011101111000100100101010110011011101100000111001001001000011
0110111011010100011100010111010111010101110010101111011111010100
1010101110010001001100111011010111001001010001101010100100001100
1000001100001100001011000101100010110000101111110110001011010001
0100011001111000101101110100110011101011011000010111101100010001
0111000000101001010010001000110010111011010100110111011010100110
1100110000110001000110110010000101001001001011000000000010000011
1000100001011100010100011001010101000011010001110001011100011000
0011110110001011111110101101010101001110010000010110000101111110
0010110001000100101101000110011001100110111001111101110111111111
0010010100101111110001000100110010111000000000110000000100001100
1011111011001110000111101011010111000011101001010110110110101000
0101011010111101000011110111110100010111001010100110000101100100
0100110100101111011010010100001111111111010001111010011100010100
