1000011101000101011011010010010101010010101100011011100000101110
1111110111100011011101010001110101101000110101000101011000010101
0001101010001011111010011001100010101110010011110001000001010000
0011010110100101100110110101100000010011110001111011111000011001
1110011101100111010010101110011101110100001100010000100101011000
0000001001101111111110011000011110001011011011110110001101100000
1100101001101000110000110000000011101110110101100101010011010110
1100000001011111100110101011101111100101001101111000101000010010
0111101100101001010111100110000111111100011001000101100000100000
1010100010101100101001011000010100101111110001111011100100011000
1101011010110101011001011010100100010111110101000100010100101101
1000010000110010110001011001010001110001100010110000001111111110
1000000101010111111100110101110001111001011010101111001001001110
1011111000100011110000000010010001011010011011001010100001001000
1001011000111001100011100110001100000011101100111011000101010101
1110001111110101010100001110001110000010110111101101111100110110
1001010011100111110000011000110010011110001010101001101000110110
0001011010000100000111101011011010010110010100011000001110000001
1111011010100100010101010101111000000100110000110000111101000111
0101011000100100110010000000100100001110111010001111111111100011
0001101100000100001100110000011000011011000000011011110111000001
0010100100010100010001010010001001110011100100011011001110100100
1010111010110100000010111010001011110001000011010111000001111011
1000001001111110111011100111000010110011000011010011101001111101
1111001011100010000110010100011000011010101000100101110011100010
0010101110101101101111110000010110111001000011000101000001101101
1110011011110101101101001011010110010011111000110100010001111111
0111010110000001011111101110100111100101110101111001000011101000
0111000100010000110101011110110000000100110010111001111110100111
0101111000010110110001111110000010000011001110001010101010011001
0011000001101000111001011110000101110110101000100101001101111000
0100101100001000011101001000011000010000110000000010101011100011
0110110100110001100101000101011000000110100111011111010101111111
0111110101110001011101010001100110101000011010100000100001111010
1101000111010010101000100110111001000010001101000101011010111110
1010010011010110110110110101000000001001011110000100110101111000
0101101000110110001100010101111101110010001010000101010011110110
1000100111001100001100000011001011001011100001111010101010011100
1010101011101110110100101010111001110111000111000010101000010001
1110010000001101100000000011111111001110010011111101011111111111
0010111001011110001001000100101010000110110011110000111001011100
1000011110000011101001010110111010111000000000000100110111011000
1010001000100011101110011010001110111110011011001111000101111010
0100100000101100010000101101011000001111011011011111101101000100
0010111110111110110011101010100000001000000001100001110001010101
1100000100000101101000101110000011000110010110000000001111110100
1101101101110010000000111101100110010101101111111110010001001101
0010101111101000011000011111100101010010110010110101001001100101
1010100011110011011001100010110111110100110111011001111101010010
1010010000111100110110101110101010011010001001101101000110001100
0111111101011000110111101000010100110001010011001110001010110010
0001000100000101010001110001110000111011001011001000110010001110
1011011000110101111101000010000110010001101111011110011000011001
0111011010011111001110010100001100100101000101000110111010010101
0001010111101000000100001111111011000001101111100100010000011111
1101100101101000000010011011101110010110111110010010110010010100
0101101000011001011111101110100001111001100000101100110010111000
1100001110111011011101100111111000010101110111111011000111001101
1000011110010110011111001001001010110101001011011100111011111110
0100010111110000010011111000101000011011001000110111101000110100
1000010011011000110101000010000010001100011001011010001111000101
0110110101001111100100111111010011111010100110111100010110101101
1101101001110111111101100100010000000111100000111000110011111110
1100111011011001010110110010111111001010010000010001010111010000
0110110111010010000101100101001111001100110010011000000011111011
1001011000111100101110010001101011010111100010101000000001111000
