1000000010111001110100101111000100011011010010011101010000001001
1010000001001000111100000011111100011110001011111011001011101110
0111010000000000100110010000011001110000110101001110001101011111
1010010101110101000001110100110001110100011010011000010000110111
1010110111010001100001111101100011001011101000000100100100101110
0011010110100100100010000101111100000110000010010000011011001000
0101100101001101011100011100011111110101111110001100101111010110
1000000111111000000011001011101110001010101011111110111111010100
0111110101111100001000001111110110101100010110000101011011011011
0101011000100011011010011011101011100000101100110011001011001110
0011001011000110101000010000100011000110111001101010111010011111
0111110011110010000101111111010111001010011010100101101001011001
0010100111000010001111101110111001100111010100011110110100101101
1000101010001011011010110000110111110001010000110000100100001010
1111100000000100011100111011010011001100110100000011100011101000
1101010111000111110000000010110011101010111010100000111001010011
1010000101000010011101010000100000101010101111100111000001110001
1011100111011110011000110100010101101110101110001100111110001101
1001100001000000111111110100111100000101111001111111110011011101
1011111100010100111010101110010010011110101011101110010110001111
0001110011110001101101100010110100101100110010101011110111101001
1011111110010101010100110100011111010010000001010111110100110001
0000111001111111100110110011110011101100011010111001000010001110
0100010011010000000011101010111011100000001111011101110011001011
0111110100100000110100111111100111111111101010001111101100011111
1111110101110001110001010011110110010011000101110000101110100101
0000010011001000011101111011001010011001110111010011110010110010
0001101100010100101010100001000000101001000110001100010001101001
0101011101010110101010011000110110011111010001001100010011000001
0001011001110011000110000101100001111101100111011100100001100110
1111100011111111110111111101001000101111101000101101110001010010
1000010001000011111000100101111000101000100110101001111111101110
1010010100010000100000111011111100000110001101000000000011111010
1101011111001100001110100000000011110011110010110000111110000111
0111101011100101101011000111111010011110010110010111100101010111
0101010101101001010001000010100000100010100101000001110011001111
1010111011010110001100000111101110100001011100011001010010110101
1011110110001010010001110100101011111000110111111111110110000010
1110111010111000111100111110001100111011100011111011111100011111
1001110100100010111011111010000010111110111010101011011010111110
0011111011000101100100101111101010001011110110010100100011110011
1100100101101000010001101001100010010101001000001010101000100011
0011011010101000111111110011010000111001111011001001101100111110
0111001001111000000011010000011100101111001100001111110011001000
1010000011011011011111011010111111101100100011000000010111001011
1101101100011001100111110011011001111001001100101011011110111101
0101010101010101000111110001101110011011100010111010110101010101
0100000100100000101110100110100100100011000010100100010010100010
1111101001101001001010110110001011000111010001011011110110001000
1001000000101100011010111010110110010100010100011110011001011000
0011001101111110110011010100111000101110011110101100100100101011
1000011100101100010101101100100001001110111100100001111001101101
1101101111011011010000001111111110010000000110000000001010010110
1010000010101000111001100001001110001001110101010011111110110101
1010111100001100110010110110100011100100011111001110000000001011
0011101000010001001011101011111010100000001101001111000110100000
1101000100100100111101001101101000010010010011010000111101110100
1101111100110000100110000100000001111111011111001100011001011100
0010001011101000010110100000101110010110111100110000011111010000
1000001101101010001001111110101000111111111010100011001011110111
0100011000101001111010100000111101110010001000010011010011100110
0110001000101001011000011011110101100000111110000011001100000101
0101010000100001111001001111101101110011100011110010100011001010
0011110100010101111110100011101000011010010011001110101110100101
1110111111110011111001011101111110111100101101010111011101001001
0000000100110110001011101101111100110011101101011000011010011100
0011110011000111100001101110010101001010110010011010100111101100
1000110110011111000101101001101011100101001111111001010100000100
0111100010011011111110100000001010111101000001001011100110110000
0101001001011010100100111001111101101011010000101100111011111001
1101111111100000111000110000001011001011101001101001100000001010
0011100010100010010101100101100111010010001110001001110101001110
0110100000011110011100101010001100110010100000001100101010011000
0001010010100011111100110101100011110010001100101000101001000010
0001010010100111011001011001010110001001001000100011010111001100
1101100010010110001001100101110100110101011010110001000110110111
0110000111110000000001101010100001101011111010010000000110100010
0111011110001011110101011100011100111101111001001011011101000101
1101000111000110100110000111101110001000011000101011010101111110
1111001110100110011000110000111010101101111010110111110001111111
0000010111100010000110100100110011011101000101000000011000100010
1110101111101000001010111110111100011010000001110010100101110011
1101010001100001101000100111000110100111110100100001011111101100
1001111001100010101001101100011010011001010010111101011001101100
1100101001100011101010010100100101011111100111011100011010101010
1001100010000010000101100100101100001110011111000000100011100000
0110100001111011101001000110001000100010111001011011110001111001
0110000001000110011000110001010111101010011111001101001110110001
0000000001001001010101110001000101101010100100011010001000101101
1010001111111011001001010001001000000011010010011011001110000010
0001101110101001011100011000001011100100110100011111010011110101
1010111010111101111110111100001011011011101111101000101011000101
1011101000101011101011001110101110001110110010110101111000101011
0011010001101111110100000001011000000000000010111111010001100111
1110000000111001100011101010000011110111101101011111011101111000
1000111110001100101100110011110101001010110000100100101110011011
0100110010011111000100101001101110101101110100110111100110011010
0110010111001010110100010001000110010000010101111011110001110010
0101110001001111100000111011111100110110110001101010011001111011
1101101101111111010100001010111011001101101000010101101000000000
1010110111110001110110101010011111001101001111100110111110001000
0000101100101101101110111110111000011010101000101100110000001011
1001011101101100101001101101110100010011000111110010110111000110
1001011101001011111100010100010010000000010000110101101111101010
1001110001000011001011010100100010100001011111011111111011000011
0011111111101001001110010101000110100110110101111000011111110101
0001010100110111101000010111011111001111001110011010000000001101
1110110100110001001010011001011101101011101000011111000000111100
0001011000001101011101001101111111101010101010010111111010111011
1100001000110111011111111100000110001010111011101000010011111010
0110000000110000011001111101101010010001100100011101111011100001
0101111100101000010100111100100110111000010011111100100000010110
0111000011000000100011110001010100001001101011000001110110100110
1111100010100001110100010110101101001001101000101010010111101100
0000110101110000001001111100100011011110011000000010011011100010
0110010000101110001111100100101000100101101100000000100001101100
1001011111001010010010000000110011100000010011111101010110011100
0110010011110100011101111010010010010110001110000101110111100010
1010001111100011110011111001001110001010010001101000001011111100
0101110101100001111011010000100001101101010000010110011011110010
1000010011101100110000000101101101011110111111101000100100110011
1111011100010010110001110101010101111011010000111101001111000101
1010111101101110110001101100001011001001011101111001100010001011
1110110110000111011100000011111000010110001110100110001000100001
0111010001111011011110100110101101101100110001001111010010111111
1101111000000110011111001010010011100000001100100011110111001101
0100010111001110111110111111111000111010011101101011100101001001
