0111111001101010110011011111100011101011010000001111111101100001
0000010101110000011101111101101100101011001100001001111111110100
1011101010111110010000100011111111010000111100110111011011001011
0001000111011111010000001101111110011110110010100010010100011111
0111101000011100110101100010011100001101001010011100001101100000
1010101000011111100010100101101001011011111110010010011011110111
1111000010000000001110011010011001110010010100111010101011111110
1011101001111010010111001000000111010111110010101010110110001010
0110011100001110010101100101101100101100010000011100111001101101
0000101111001101111111110010101101100100000001100100100111111110
0111100100100100100010101011100101000110011011111010111110010111
1011001101100100101010110010011010011111101011101000010110110110
1010100000101010000110101000001011011111110000001000001001111110
0001110101111011101110101110110001110010100000010011111110010100
0110001011001001000110010101010011001110001101010000101000111011
0000110111000110111001101100010000110000101000111111000001001011
1101111111110101001110001000100110101101110001000111010000110100
0101011011000110000100101001011101011010010000101001000000000000
0001010101110001011100110101000110100011010101100011100000010101
1101101101101110111001011000011101111110110111011011001100101000
1011111100111110100001010111001010100001100101111101111110011011
1111000011111010101000011001011001011110010101011110111101010111
1111111110010011010110000110000000111111110101111011100011100000
1101100000010000011011010011111100010001110011010100010010000000
0010110010110101111001011010001111101010010111011101101101110000
0011011110110110011111100100010001110100001101111011101101001001
1011000100000110000101111010011011110101000111010010001011011010
0101101111000101110011111001110111110011111100010100101011011000
1000111010011011000110110111000011001001011000011100110101100011
1110101001101000000100001000101101100011000000101010010000001011
1110100001011010000111010111100110011010101000101010001010011101
0111010001010001100001111100011111011001000101001001101001010001
0000110000111101001000110111001100100110100111111111111101010001
1011110000100101011010100010101110111001000100011110001010010111
1100010100010001011000000100100110111111110011000110011111011010
0100011000100000000110100111001000010010111111011000101101111111
1101001000010111011100010011101110001110011001111101010110011011
0111100001000010100001100011110111111011010011001010110001010001
1010000100010101100101111011010011100100000000011100110010001100
0101000010011010101001010001010101011101011011110111010101110011
1001011110100001100100011101011100010000000110101100101111000101
1000101000001101111111011101110100110001001111000000000111110010
0010011111100010010111111001001110010000000100010001110000101010
1110000010010010001001000110001111111100100100100010011001011101
1011010001101001110110001001000010101101110000010000100100001100
0101101110101101010100011010101001000111000010010111101001100011
0000111000001000001000011010110100111111101000110010001111110110
0101100011000100000111001100100000111111011000011101100001010100
1000001000110001111000101111000110100100110000000101000110111000
1100010010111011101111011111111100101001101101110101000011000011
0111101110110111001100111010010111110111010001101101110010110001
0000101100011101100101010001001100101000000110001000101111100001
1101100000011001001010111110010101001101101001011110010010010111
0011110000011010010001010010101100110011101010100011000100000011
0101111011010110001010010000011111111001011011101011001110110111
1101110011010111110010111001001101000100101000110101000001010101
1101010001100011001100001111000010100111111100000101001100010101
0010000010010011011111100010111010011100010101101011001001110001
0111100110000110110011010110101001001111011000001001000000011011
0011101010101110000101011001000100011101000110000101110111100000
0111010101111001001111101111101111011101111011010000100011100000
1000001000111111110100010101011100011010110011010110000001100111
1111001110110111001011110111010011101110100100011011000001001010
0100010111000110101111011100111110011110110110100100111100100000
0000011110011011011110111101110001110010101101101011010101110000
