0111110001011110110100010110011100101110010001011001101111100011
1110001010000000101111001010110111100011001000111010001011001011
0011000010011110010110011111111000110000110111011011010100010000
0010001100100111111110101001100010110110001000000111010101000011
1101011011100100010011010110010000111110110100001111100111110010
0100001001010101001100100100000110101010111011001101011011001110
1001100011110111010111110111111111001101111110111010100001001001
1001010011011101011100010111011101001000010001010001100011011010
1011101001001011011000110000100010101100101100111000110011001010
0101001000001010011010101110000101000011010100101011100101110110
1011110111100011101100111010011001110100101001101110011110101001
0011000110000100101000011101011110101010010111110000001001010110
0001111000111011001101000001001101010011001110100011100000111110
1011001010110110110110010011010100010010100000100011100101010110
1010110110101011001001010101001100111110010010010011101110110010
1110010110111101110111101010000001111100001000011001110011110101
0011001100101000011111010000010100111101110111001111000010001110
0101110111111110011110001101000101010111110101011100011010100011
1011010101000111010011011001101010101010001001000001110001111100
1101010110011101100001000101000111101111001010001101110011111000
1101101001101000010101011001100100110111011101101011100101001111
0001110010001000111111000101011010010100100001001111000000011101
0001000101011010100100000111001011111000000011100100110111100101
1101100100101111000111011111101011010100111110000110010011111111
0110000111100110010100001110000100001011100110101011110110001110
1010011101100010000000111011100110010100100011101111001100111000
1010100101001100100011011000000101100111101001110011001010011101
0000011111100011110010111001101101000001100110101101111001100000
1011101011000010100111101001000011101101100000101100000001110111
0100100001100001000100111000011100000110000001010010100110000100
0100100101011011001101001101101100011001100111010111010111010111
1100011011010111011111110011111100011110001011111011100000100100
0001001001111101101011001011010000001010100010110101100010110100
0011011011010101100100111011000100101101011011111001111111000011
0001010010101011010111010010110001100101101000100100011011101111
1110100111101110001111001001101110001011001010110111100110000011
1000011111010001010101001111100100011001110000011001011000110000
0001010101100100011010010110001000110101001010100001110110100101
1110010001011011101100111111010000110010010111001100110100100000
0100110101100010001100010001101100101010100100110000100100101001
0010101011001100101000011001010111001111110101100110100001100010
1100111110110101111110100000101110101000001001010111010111000101
1001101100001011111101100110111101010010000001011000000001010010
0000101111110011011100000000000000011010000010010001001011100011
1100111110010001110101011000111110110101100001110111011011110110
0011100101110111000011110111101010001111010000110010100101100001
0001100001010000111000011010001000110000110011111111000001101100
0111000000110100111110001010000110111010011110001011110110001100
1010101111100001011110101111111001001101011100011100000001011111
0011011011111110001110010110100010111001110011101111011110100100
1011100010100100000110111101011011111000011001100100011001100101
1111001010001111100111000111010011011010100100011001101001100101
1101100111111101011010000001001001000000000010000010110110100101
0101001001110001000101110101100110111001101010100010111101100101
0111111110001001110100110001011001100110011011011010010101111110
1010000001010110110011001100100111001110100000000001101010101001
1110110100110000100111000101110010111001110100101001010111110110
1110001011100100101100110011010110011011111010101111100011101011
0100111000001100000001101000011010110000011010101001101011000000
0100110010111011101000001011001111111100100010110100110010111110
0110000110110011011000000001000010011010010111000011011000001011
0000001111111101011110101010101011011001100111101011000101101101
1100110001101010111010110111010101010111101010000000000000000110
1001000010011011011100010001001011110010001110001000001011010000
1101011110100110111001110100010001010110111000000000100010111001
0101010001001100001010110111000010101101001000001000001000010111
1001100101011101000010110011101111111000101000001101000010111100
1011101011111011001001100100010110101110101010000101110100111100
0011101001110001111100010111101011100111001001100001111111100110
1010000011001001011011011010100100001010100110010000101101011000
1011101111111000101010110000010011111010111011110100000100001110
1100011101001001111101000010101010010011100101111000010101010100
1111000111110011101000011001010011000010001000111101001101001110
1111001010101011000110100010100100001011111010010110001011110110
1110101110101011100111101000100000100111111111100110001001011101
0011110111000101010100111010011011001011010110100001101010100001
0111111110000110110110011011100100110011000001110010000000010011
0100010110011110110111000011001101111111001101101110001011001011
0001000000100010110010001001111100001110100001001100111001011001
0110010100011001011001101101101100111010001011010111010100010000
0001011011011110011011000101111101100110010101010010101011000000
1000101010010111010011010000001100100011100010111110001011101011
0011010010101110111011101101001000000010000111011011001111100101
0100101110110100110001000110111111011010011111011100111101000101
1010010110010001110100000101001011001101111000000010011110010011
0001111011011110100010111000101100011011010010001110010101011011
0100100000100001000001011001010011110100001111110100100111010011
1100100011000111001110011010111100001010010010100001000010010110
0100011100000001100000011101111101000100110110110111110010101001
0001000100110111101000001000100000100101110110111111000000011011
0100010101010111100101001001100101100101101110100011100101000100
1110010010101101000011011101000110011110100111010110101000001010
1100000100001000010000110001000001000000001000010000000100011001
