1000100100011010000100011010001100011110000001101101101111100010
1011001100000001111110111000011110101000000110011100101110101110
0101000011000010110111101000011100011101100101111000100001001100
0000110110001101001111011101011111001111011101000010110011010010
1011111001000110101011001111111100000100001000101010010011010101
0001001010110100000100000101000000100011000010110001110000001111
1001110111110001001011001110001100011010000010000100010010110000
0110101000110110010101101011111110110000011001101010100011001000
1100111010101111010111110010011100110001100001011110000101111010
0100001100110001111101011011111111110100100001100111010000101101
1000101110010111101111000001111111110111101010000011010110110101
1101100001001001001110001000111010100110001011011110010001000010
0110010101111000111010000101101111001011010000101100111010010101
1010111101001011111100010111011111011010000110110001110110000001
0110010100100110000001001100010101011100101001110100101111010111
1100010001001001110011101011000001000111001011110000111101011001
1000100000110010100111101010100010011001011001101001001110001011
0010000000011011101001001010010111000101110100100111111110110000
0101001011001011001101101100001110111000101010011001111001010011
1111011100111000000001100100100001100011011011101010001101011100
0100000101001000100110001111000111000001000100011011011100100110
1010110010001110011010101101001110010010101001110011111000010110
1010110001001100100010111011010001101011111010100011110111111100
0110010110001011010110110000101000110110000011000010100110011110
1111100011100110000010010011100111001011010110011001100001001100
1101101011010110100110100110110101001111010110101100100101001000
0001110110001010100010100001110100101100100000011011100011011010
0010111110011000010100111110000111001010100100000111011001110110
1101010011001000100011101001101110001110000110000000010000011011
0101100100000100101111011010101000100001110110110101011111111000
1010111001011001100110101110110101011100101100011100101000001110
0010010101100110011000111000101111111011101000100110100111111001
1100000000101111010100100000110011101101010101001101110010001100
1001001010011010100100100110010001001111111110101000001001010111
0111010100011001011100110001000111000111010010001110110001000111
1111000101111110011111000110111101101010010010100011011011011010
0010111101110010101100000011110101100010110010000101010100011000
0001011011000100010111100100111001011011110011101100011100010001
0011110000011010110001001001101100100100110100011111110001000100
0110101111101000110110011010010010100011110101011100010110011101
0110110001111011010111111010110000011010110101101100100011000010
1100100111011101000001100110000110010110011101101111000110100100
1111101111101111011101101011011000000101000011100111110000000001
0001100100010000101100100010000001111000100101010010110111111001
0110110100011111001111000101011011111110001010100100011110001010
0110011011010011101111011110000011000011000001000111101001011110
0100101001010011110100011111001111110001010001001111111110101101
0111011101101111011010000000110111110010110010100001110110000001
1000001001100010110100111100000010111000000001100110100110110011
1100110101101001000100111101001100011010101110011000011111111100
0111011000110011110100000010011111100101110000011011100001111100
1011010111010101101011001010010011011100001111101100001100000111
0000111011011110001011101001011010101001010101111100100110000000
0011111010010010010011110111100101101000101001110000001001100011
1010000000010001011100101001110101011101010110001101110110100100
1101111110010000011010001101100001010000100000110000101100001111
0110110011011000101101001010111110010000101011110001100001010011
0000101000111011111000101100110000000000111101011110011101111000
0001000101100100100001111011010101111011000001001110111101001100
