1001101101010011100011010000001111000111000010101001011110000011
0100000000011111010100000010001000000111101111000011001011110000
1100000011000111010011001001110110110011000011100011000000011000
0110111101001001111011011100111010111111110010000111110011101011
0011001100001100101101000000100100011010100010011100100110011110
1110110100010010001000111010110000001001001001001010111101110010
0110011000011101111110110001110110010001010010010100111000001100
0110111001011110111000101111100000010100110001101100100000111100
0100101001100001000010001100001000101110101100000101101100011000
0101111110110111100011101011111000110000001101110101011000011101
1010101100100101111111010111111001110011001010011101011001011000
1010001100000000001000100111000101011010011101110110001000101001
1011100101000101011111011100110000000000001010001100010000010101
1111011111000101110101010011101010000111010010011101100111010000
0111010000001100011000011100001111011110000110010011100000101000
0111000001000100100001111101001000010110011101000110110110101010
0101011011011001001011111000111100011001101101011010010010110000
1110111110101001110110011010101100101110000110000010011001001001
1101011000110100010000101100010101110011011111001111011110000111
0101000101010010100110100011110010011001000000100111001010101001
0100011100010111100011111011011100111101101000111010011100101111
0111001010111001000000001001000001111011100100011000111100010110
1101111001001001110110011100001101111001001100100001001000001101
0111111100110001111011011010001000101001100001101100000000011110
0001101111110101111001110010011111011111011110010011110000001000
1111100010011101001001000010111010000010100110001101000000010001
1010100010000101110001110010110101110101010000100100001110000111
1110110011011011111001110000111110010000010100101101111100000101
0100001011101100111111111110001100001100110110101111110111010100
1001001000101101110011011101110110000001001000100101110010001101
0110101111101010001011101010100101000001000100010010111011000000
1101111011011011011111010101110001111001100011011001101001010100
0101010011100001100111010101100000000000110000110010001101110001
0000100100100100110001011001110011000010101101110000001101010001
1001101111110001100001011010110011101101111001111010111110011110
1011110110100000111101001011011111011010101010100000100011110101
0100010001001000110000110011011010100100111011110101011101101011
0110001001111100011010111101101010010010011000011110000001011000
1000101001101000111010111010001111011110000011000100001000100100
1110000001101010110000111000111010100101100001000100001111001100
0011000110100001101000100100011110011110100010010011011101010101
0100011000111110110001101001101001100000111001000110011100110011
1011100000110101111001011110011011000101111011001010101010100111
1010101110101001110110000011001101011010011001111110110101010010
1100001011000110011101110100011000100010111110001011100011010011
1010101001111011110100010110010110101101100100000111110001001000
1001100110011111100011101011100111011010100100010001000010101011
1001001001111011011011100111011100000000011110000010001101101010
0011100101011011111100000101110101000110010011100100100001101101
1110101011111001001101100001011110110001111100001001011101011111
0010011010110000101000110001010111101000101010100001001100101111
0011011011110001110101101001011110101100001000000110110111111110
0101100001000100100001100111001100100101000100011000111000110000
1000101111010010101011100001101000011111001000110010011111111001
1100000011010011011010000000100000111000011011010100101011011011
1110001010100010101100000101000110100110101110110001101010101101
0001010100110010000011111111110111100110010110100100011000011001
0001111110010111110111001111110001100000011100011100011011111001
1110000011111111111000001100100011010000011100011010101111100110
0110110111100010001000101001011000000010100101111001000011101101
0101000111001111110001101111100000100111101001101100110110001100
1011100101100011110000000001010011100101110011011001101011101110
1001011001000111010101011000111101010100010011001001110110110011
1011001101100000110011001100011010011010001100111100100111110100
0100001101100000100111111010101001100001111101011101001011000001
0101101100111010100111010001001010101100000011110101010001010000
0001100111011011010010100011110001001111011000110100100100000000
1101101011111111100111000101110101010000000100110100000011011011
0110011110110000010110001011011011011011011100011001000101010110
0001011111011010001111000010000001011101010110010001111001010101
0000010001011011101010000001111001110000101111110100000011010111
1001100001111000011101111011001101010011010000100000101011101101
0101001101001000100110010100010010000010001100000110110001100010
1110110110011000101011100001100001111011100100011110010001001000
1001010000011110111111001000111001001001000110101110110101010110
1010111001011010100110011001110110000001111001100110011001011100
1001100001111101100000111001001111000101000110010111001001010110
1011001110111011011011111110101100010100011001001100001010000100
1110111001000101011101110110000110010111011111000011011101110111
0110100111110101001101111111011001011010001111110100110010110010
1011000100011101111011100001101001100000001100100000000000101101
0110000111011010000000100010011101110101010000111000001001001110
0101111101101000111000101111000010001100100110110111110011100110
0111111101001100100000100011110100001110110110110001101100001111
0001001010101011100011011100111011010010000000110001010010000111
1010001000000110000100011101111111111100010101011100111100111100
1000011000100001011111000011100001000011100111010010101110101001
0111000110111110101111110010110001110110011100101000101100010111
0001101111000110100010011001111110011111101110100101010111000011
0100110001001100100011100110010011100110001100000000000100010111
0001100100100011000001011111010110101111001011101111001000111010
1001001001101101111110001100000101011110000100001110111100111101
0000011001101110011010000001101100010110101100001100000011011100
1110100100011011101111110111111100011100010000000110101111110100
0010100100100110110000001101110001101110001000110111110111101000
1101001011101010100110000110001110101101000110101001000101001011
0110010101111000001110000110001000110010110100000101011101110111
0001101011110100110111100011111100001111001001001010111000010000
1010100101000010110011111110110110111101100110100000001001101010
1001101001111001000001010001010011100010001010001011010110111011
0010101100000000111101101010011101101111001101100010011110110101
1110000001001101111010011100010010011111011011111111011000110100
1101010110100000001101001101001110101111101001010111111100100101
1000000111101011110001101011010111010110110001110011110100011100
1000010111000000100111100011011000101110001110101111111011011011
1100111100101110011101111001101000101100111101011001010110101000
