1001100100110110010010010011000110000101011101000111011010001101
0010010100011010001100101111111001010100011110010111000111110100
1000101011000100011010101110110010011110101101010000011110011011
1000111010111111101110101000101111000101000101110001101101010001
0101110010111101100101111000001011100011001000001101100111100101
1111110010000111011011001010100111000110110110100001110111001001
1010111010111100110001101010110000011100011010100011011101010110
0001001010001011111010001011111110011100111010110100100011100100
0101111000011000100101011010001101000110001110000111100111110100
0011110011001100001000100111001101101011001110111101001011010111
1011001100001011001100000010100111010100100101010110000110110000
1011100100111101101010100101100011100011100010000000011101100111
1111011110011110000101010110011001100010001111011001110100101110
0010101001001110000001101001010100111001101101010111011111010011
0111011010010101100010011101010111111110101110100011010110111100
1100100100100001011001111011110100010010001001110111110110100101
0110010001111111101110101100010011111101100011000100100100100001
1001110100111111110000000010001111001111010100111100111101011010
1111111010101011001111011111011000001000110000011111110010110100
0011111000111011000110011000100101101110101110101101101010100011
0100100010001111000010100101111001101101110001000001011110100010
1111110011111111100010100001100100111101011110111101100100001111
0100010011101101000010111010110010011110100000100100001000011001
1011011010100111001001000100011110010110100110011010110110100100
0001011000001000100000101000001010101000000001111011110101010011
0100111101010110000011010011101010111010100111010111110010000110
1011011001100000111101001111101001000000111111100110010100100110
0011101000100001101010100101010101101100000111010111111011111110
1001000010111011011100110101111100100110010010001110011001101011
1100110101111010011000000010110110101110110111001100010000010011
0001011111101111111110110100110000010011001010011100011000001100
1100100111010101101010000100010110011001101001101011000111001000
0000010111011110010111111101010101011001011110100100001000000001
1011011010000100010100101001111110101111101101010010000101100110
1001010001000000000000110101111101101101011011110101010001000100
0110111001101001100101100011001101101100110000000010110010110111
1101000011111010000010001001001100110010111100000100011000010010
1011110000011010011001110110001110010111101001010001111100101011
1111001011101111001001011101111100010011000011000101001110000111
0101000101010010111110110000101010001101001100001000100101000101
0001100001011011111101000011111110000101100011100001011101101000
0111000111111100011011100001110110110100111111101100000001101101
1011110000010100110001110001011000100100010111011111101010101110
1101100111110001101101010011011110010011100100100011110000111010
1010110011000001000101111010101010101000011000011011001111010110
1001010000101001110100110000110100101011110111111011110100010000
1101010100100100011000101001101001001111101101100001011001111010
1000011010011010101110011111000111000011101110010100100111011100
0110101010001101000000110001001100010101101000011100010011100010
1101000000001110010110100001111000011001001111010110100001000110
1001000101010100000001100011101001110101110000000000011000111100
1000001000010000100100010000110101010110100011001111110101100000
0000100100110001011010100001100111101100100011100111100111011001
0100011101011110010110011110110100010010011001111101111100110011
1110001011110000010100100000101101111101110001000101110011001100
1010101010100001010011100011101100011101111100101100100100100001
1001101111111101100000000001110111011100110110110100001101000111
1100100000110111110010110100001111101100000101001100001110101101
1110110110010111010111110000101001001100110000010111001010111110
0000000101001100110110010101100010001010111101100111001010011111
1111101010011100110110111111100000001100101011011011110010101101
1011100110100111001010101001110011100110000000110101001101011001
1001110010100000110111100010101100101100000110101110110101111011
1000110001111011001010110101011011000011000011111001000111010000
0000001100011001111001110110100000100101101010100011100100010100
0101101101000011101000001010010010100101001011001011111110101100
0110101101011000001011000101011100111100100101101001110100000110
0100011100100111110100111100111111010100110000101111100101001100
1101111111010110110011101000011010001111011001110100000000101001
1110000001000101111011000110001100101100100011000001011000010001
0111101100101110110010010100100000000100111011010010011000100101
1101010101010000001000010100011110100001011001000101011001110100
1010111111111001000100010101000010101010011101101101100100001100
1110101111101110110011100100111101110100001011110011011100011101
0000011111001001100111010010011100001010001101110011000111101011
0111000010011111101111111101111101010000111011110010001001100111
0101100011000110110011110110100111010110001100100111100000110101
1111101111001101101011101100111101011011000000100111101101100010
0011111001011110100101111011000101000100000110000100110101000101
0010010100101111001001100000111010011000110110000011000001010100
1001001011111110010000011101111000001001011001110000011001000110
0001100001100101001000011000101000010001001000101111010001011101
0010100011001100101010100110001111110001111000100100010001011011
0010010011010110011100100000010010110111001001000100110110101110
