0101100010101010010101011110011111110100100011111011010110101111
0101001111101110111011010011011010111100011010010101101010101001
1001110101011011100100100001000010111011101111100100100001010010
0010001000111110000111010000101001001101010111101110111011000001
1000001101011010110100001110101010001001010011101001110000010011
1011101010000110011001011111001011011110000110011000101110101110
0111000011001011100011000111111101011001001111110000111000010100
1010000110111101010011010001110100000100001100010110010011010101
1000111110101111011011011101000100011011110011000110000101111001
1101101000110011001110111001111001000000100110000011011100001010
0000001110101001101111010000100000000110011011111111000101001101
0011000010101001001011100001000111010110001011010000010110111111
1101001111000101000011111110110000000010100000111111001010010100
0101010010101001111001010101100000100000101110111010010110101011
1011111100101111000110101111000101100010011011000110010001111110
0101011010011011000010000100001011110011001100101010000101001011
0011001001001101111010101010010100000001101001000110100001010000
1101010011101110111010101111000011010111011011110111011010011010
1101010000001100110111101000011010011011011010010111101001100000
1001000011000110011100101101110000111110100001110001010110010010
1110110100110011101001010110101101011110001000000000101001011011
1100000001110011101010000100000101001111010111010000100110001011
0000100110010010101101100111000100100000110111001011110100001000
0100000001101010111100011000111110001110100111110100001111101111
1100001000110111000100111011011000000000010010101110110110001100
0001000010111100010110110001110111001011100110011101111010001011
1110111010000111011101110111101000101001100110011110101101010011
0110000010001001001111100101101001001101010100101101110011010100
0111000110101100110000111100011000110011001101110011000011100000
1101110110110100100010000000010101001110000101001010001010101011
1010100000100001110110001100000111011010100000001010101011111011
0100000110110111111010111001010100101100010000111010100111110000
0011111000011101010110011111110110110000011000110000011111100111
0110111010101011011011101100111001010011000000101000110111101111
1111110101101100110101011100010101111111001110011110100100101010
0101001010110011000101111100111110000101100100001011100100100111
0010011001001100111100001110100111000001011001110000111100100001
0111111010001011011001011111100011010100110101111100111101101011
0100111111010001010010101000101010011010001001111110101001000001
1011110010101001010101101010000100110110000010001110011001010101
0100010001000000110101100101110010100001110001111010000100010111
0101110010010011100010011010000101111011111010011011000100000110
1011010111110001010101011100111010111100011011000111010001101110
0011111111011001000001001001100101010010111011110001100000001001
0000110010001010001110000111001111101111011110111010010110010000
1101000000101011000001100010010111101001110100001011000111011001
0111010110000100001000100011010111111010001010100111000111111000
0100010100111111010000000101000111001111101111011001110010101000
1100101010101011000100111000011101011001100000111111111110001101
0011101101011111110111100100001000101011100010101010001010010011
0010111111001110010110111011100110110011111111100100110111100000
0010110101100011011011010000101100100010000111111110000110000100
0011100010001110101101111011010010111100110001100010101001001100
