1100100101011011001101000111010111010000000101110010111010100100
0111000111011101101010011000100111011001001100110001011111011110
0101100101011001100100000000100001011011001010110000010000001101
1011111000001000100001001010100001011101010111101110100100101001
0111011101000101010001101111101010100000101100100011100100101001
1101001110101110111111000001100010011101000110101000101100011000
0001000011000000111011101110000110111011110100001101001101110010
1000010101011001110010111100001111100101010011101001000011111101
1001000111110100100100000000111000001100000111101110101100010100
1000011111001111011001011100001100011100110101011011011000110000
0000101100111101111001110111011101000100110000101110001100111010
0011110000111010001001000110011010111111111000110001101011111000
0011011101000010000001010010100011001100001000001000111011101111
1100010101100111100011101001111011110000011110100100010110110011
1111001110010001111001110111101100101100011101110000001010011001
0100101101000001011000000010111011000111001010101110100010011011
1101101011010011011111011101011010011111110000000100000100111000
1000010010100011101011110011011000111001100010000000100101101111
0111001111011111011011101110111110000101001001010110010011111000
0110010000001000110011010100110111011100111101000010110101100110
1000111011011101001111000001011101010001001010000001101011001010
1101111101111011010001011001110100110110111001000110001111001101
0010010010110010111010000011101100100110110000110000001000101000
0111000100010111001100111100111111101000001111111110100001001010
1010110001101010110001110011011000110111000001010101100110000101
1010111001111100111110100111111101001010000100001101110001110110
0111010010000110001001101000101010111101001111010000000110110010
1110011111100100100110111110001001000111110101100010000110101110
1000000000101001011000111000011110110110001000010010011110011001
0011100011001101111101000001100001000100101000100011100110100011
1110110101000100101111110001100111101010010100110011010110010001
1100110110011111100110101010011100010111000000101000001101101000
1010001100101001101001101011110011010100111100101101101101111011
1010000100010011101111011111000011101001111111000111001011011100
0100000001011001001111101111000010011010100110101101110000001111
1001101111100011001110100111010011111000111010110000011101110101
0101010011010000101110001000100010011001000001110111111011111011
1001011101110110101001111100111101111010000001010011000100001000
1001100101000111111111101100001101100111001110010010001010001111
1010101111001101000010000100011110011011101110100000111000011001
0010011111110110011010111011010011011111101111100001011110101111
0111010110101001101010110011001001110000000011001001110100011101
1111010010001111010101011100111011010001111000000010011001000111
1010010001001111101100010000010100011000000001110110001101011101
1111101111100001110111111011110111010011101011101111001010100110
0101011010100000011011010010010001000111000111010110110010111010
0100010000101101011101110010011001101000100011101010100010111000
0000101101010101011000010100010111011101111101100001100111101011
0001110100101111010010000011011110010101000101101001010101110001
0000011100111000100100111011011001111100001010110110000001111011
1010001010101000100010011001111001101010101011101110100011011111
0111000110110101010111110110000011010110001011101101001000111010
0000000110011000110000110111011100100001100110100001000110110110
1011001101011001001101001000010010100111110000000100111001011110
1011110001111110011001110011000100011000011111100101000110000011
