0001011001110111010101011110011011110101011010100111011011101010
0101110110110110101110010011111010011001101010010001101010001110
0111100011010001110110101000000110111010010010110011000001100111
0001110001011111010010011001111100100110011001100100001001001110
0001101011011010100100110100111100011100001001001100010110011010
1000000100110111010101011001000101110010100011111101010000100100
0110010111110101011101010100101010011111010101110010000010101000
0001011010101101001111110101111011010001110000111010111100111000
1111111010110011010000110001011011111101000001110010100100110010
0011000110100101011111011101010000000111101100001001001010010101
1011100101000000010100001110100110000010001110100101110110001011
1000111011001111110011000101100010010001110000011011111100101011
1111101100111001000010110101111111000111101111101011110000111110
1111110001010101100111100100011001000001010010011000110100010111
1110011010010000100110010010000010010011010011011011010011110010
1011000110100000110011000001011111111111110000101100111011100001
1001011101110110001101101101111011000110000000010100101011111000
0110100000111000011111001001111110110110101010000110101011111100
1011100100011010111000100000110010011011101010001101001010011010
0011011001010010100011011011101100010111000010101100100100101101
0010011110010010011111000100001111110110110001100100110101111001
0110100010000011001011011110001001110001001011111111011100011010
1101111001101011001101001110110000001000011101100100101000101100
0011101010000101011010101110101100001100011110100011001010101110
1010110011011111000100100110101100100001001101110111101100101000
1001001010100001000100111111101010100101100011100100101100011010
0010101011100111111111000100000111100100110101100000101100111010
0000001010110011001101001011110011100001101001000000011011111100
1010001001100111111001001001011010111110000001111111001001111110
1110100001001010100111011101001010011001011100111011000001000001
0001000001000011011101010100111101101000000010100011011010100001
0111101110101101100011010101100110001001010111100000101100111011
1111001110000110000100110011101101111100111100010011101011010010
1110011000100000111010001100100010101000110000001111001001111011
0101101101011100010101111100001100110000010111101011001011011010
0101100111100011010011010011010000110101101000101001010011100100
1001101101011111001010010111001001000101011111001111011101100001
0111111111111010001100001110011011011111011010000011101001001100
1110110100100001011110000101101010101111111110001000001110111100
0011100011101101100110101100111000110101011000101111000011001101
0111001110011110000001001000001100011011101101000011011110010010
0011001011111001000111000010010010001011111000101111001110001000
1111100101100000110001111101110111010111100011100111010000100010
1100100101110100010000001010000011001010111010111110011100111110
1011110111110010001100111010011110001000011001011011110100100100
0011110000000111010111001011110000011010110110001100010111110000
1100011111111010001111001010100110111011110001001000000010101101
1000111000111101001100011000010010010100001010100000010001110100
1110110100000101011100101000011110010100000110100010101101011010
1101010111010101110110111110000110010011111000001111100001001101
0001101011000001011000011010001000101010110011101011000100101100
1100000000010100000011111101110010111000010001111101010011011101
0111000101001010110110011111110111111010001010101011001010101101
0000111111000000110011001001001100000101101010101110001001001101
0011101101100111111110001001100110110100110101001011001011110100
0000000101110101000101101100000101000010111001111110100110101101
0011101001111100101011110110100000011010001110111111000110001010
0110101110011011100110100101011101011100101011001110110100110001
0100000001100001100011110001100000111010011111101101001001010101
0101010001001110010000110101010100011101001100000001101001000111
1101100010010101001110011101001001110010111101001110110010100101
1110011000100110001110101100011101100100101111100101110110000100
0000110010010110100010011001010001111001111100100000101110111001
1100100110011110011001111010100110101001001010100010111011001000
0001000110110111110110111101011110110010101101010101010110100111
1111100011110001010011000101111111111010000000010101001100000100
0100001100111100111011011001111011010010100110111011010011100100
0110101110100100001011000100010100000010110111100010010111001011
1101111110110110001111101000100100000011111011110111011101100110
0011010000000110101000010001100111111011001001011101100101111110
0101110100111101011001100101010010110000001000001111011111100011
0101110101000010100011001101111011011011001100000111110010101101
0101100000110100110001100100000110100101101011110110100010010000
1000001010010011000111110000010001010101100101001000000010100101
0110011001100110111101111010010110010110011110000000101110101000
0010101011100111100001010110110000100101010001111110100010001001
1010111010100011011010000111100101011001101111101100001010001010
1111110011010001110101110000000011001111111100110101110001001010
0000001110111100000011001100010011010111010000010100001111101011
0000110100101011010110000001101000110110010100000100011111011001
1110000111111000110010001000011111111011000001001001011000111000
0000011011011110111011101100000111111010100010111010001101100100
1100011010100000010001001101110001001011100001111001101010111101
0000111000010001011110011011001011000110000100110101101101011001
0001011111010001010010111111101100010101001101001000000010110010
0000000111000000011011011010010100111010010110010010001110010011
0001000111001111000100101010101000101000000011100111011011111010
1100100111000011010111110000001101000010110001111100110010000111
1010111101111111010101100010100000000111000010000000111110111110
0101010100010100011001011010101101101000001100010001110100001101
0101110010010010110100111100010000001000001000000000101111100001
0110110110110101100001011001001101000101101110010001010100000101
1101001111000101101101010110101111011010011010110010000101111011
1001011100111110000001101111110011111100011101011110011010100110
0110110000110000011010110110000110100011100101001001110101010110
1100010110001001111010001000000001111101110001101100001100000010
1001111110111000100010101110110010110011011010001010001000101001
1100100001011011110001111101111100001101100010100001111111011100
1110111010100000000101011111110101101010101110101101011010110010
1011011101000011110000000010000100000010110011000000010000111111
0011011011101100011111001110100010101101101011010001110000000011
0010111100100110101011111110000110111001001111001111000000100101
0100010101110011011011001100000101100100101000011111010111011011
0000011010111110111010010111010100100111001111110011111010110011
1010111111100110010111110111110111110111111011001010001111010100
0010000111011000010101010010110001001001010001111000100011011100
0111010000000111001000010101011001110010000001111010101101011011
0000111011110100001110100001001101010100001010111100000110011111
1001000100010111111000001101001010111110110111100101001010001101
1111011111111011101100010001010001000111100111000000101100111101
1001111111000001010111010000100110011010110110100000110101010011
