0000011110010100110100100111011000001011011010010111001110100010
0111111010011101111100100000011001110101100011110101000110100111
0010101001100111000101101110000010101011010111111001001110001111
0111110101010001111001001111010011001101010001000001011111010010
0010110100010110000111010100000100100001011111010010011100111110
0100011010010111110100001101110101101111110111000110101000101101
1101010111001011000100110101000010111011101010101001000100100100
0011101111111100001011101110010111000101111001001001011110100000
0101001110010110001000101111100111111110111000010101110011010001
1001000111110101001000111001101101110010001110010010111100110100
1110001011101001110010100110101101000001100110011010001001010010
0011010011000110000011010101000000110101001011100000011110001100
0001001111110000101100010010101111101110110111101111011001001111
0100000000111111011000100100001101011000000000000100001011000011
1111111100101001101001000011101000010100010010011000010110010100
0111000011100010000000110110111001010101010111101101001101110100
0100001111110001011011011101011000100000011111110110000000100110
1001010111001101011100011111111111001010111101101001011001000011
0101000100111101111101110100011111101010110100101100011110110111
1110000111101101111101011011000010111101101010100000101001110001
0010001000100010011001001110110111111010100110111111010100011100
0100111110110001001110110000001110000011001100011100011001100011
0110000100000001111010011101110011011001100111011000010100111011
0110010011111011011011001110101000001111011111100000011011010101
1000101101000011111111100001100101001101100111110111101100100001
1110010101101011110010101111100001010011010110010001000000010000
0101001111100100100010110100111000010000000010001110001011010000
1110110000000001010000111001010101110011110000100100000001110111
1101100001111001101100011101001111001101001111000101001010010100
1001000111011100011100110000100111010000100101011010011101000000
0100101000001001111101111110001111110110001000010101001010010001
0100010010111010010011100001010011100100101111001000100110000010
0110011101101110101011111010011000101011111100100011011010000101
0000111011100100101000101000101001010101000111101111111100011011
1011011101100010110110111101011011101101110011010111001011101101
0010100011011111100000010110001011111111000000100111010101100111
0010010000001001101111101010011100011001001001011000000110111010
0010000100001110001000110011011001101110000001011010101101110000
0101001011000010000110110101001001110010001111001100110110110111
1011010010011100011010111111101011100011111010101100111100010111
0000111011010111000111010000111001100101101001011001111010010011
1001111101101100000010110110001001001110011110011001000000010010
1101010000111001101111001111010110111111110011101111001011011101
0001001111101000110011000110011000000010011000000101000001001011
1110111101000100011110010001000001110111000101110100110001101111
0001100011011010010111001100110001001101001100111001111110101101
1011000101011000011101110001110111101110101001010110110011101010
0111110100011011100011100011000000011011000001111111001101001011
1000011101111010001110101110011001000111100111100011101110101101
0110011100111110100111110010000111000010110111000000010101001011
0100001101100100101011010000110101011011110100000110010101110110
0010100100011111010101011101111110100001100010010000100111010001
1000101111101000100101111111011110010100101111110000110011000010
1101111001110011110100101000101101110000101010001110110011011001
0001000100110111011111101010001011000101001001100101011111010011
0001100001101000010010001100001101100001100001010110111010010010
1111000001011010111101111000000100100100111101011000100110011110
0000001110000001000011100010101111010001001101110100000001111111
0110010001010111011100100010000101000011011100010011111100111011
0111011110010111111010100101011100100010100100011010010011111001
0110111000110001101101010101001000101100000100111010100110000010
0101111101011101011010101010011011111111011100101001010111011010
1001011100001001100001101110101100110010000101001001101010100010
1001011110010011000111111001010001111111001100001011011010010000
1001100010111010111000011110100001001110000000100111001111001100
0101010101000001100000111001100010000100101110010110001001001001
1110100110000000101101110101100000011011100110110110111100111101
1110000101101110110001100111011110001110001111110011110111100100
0011100001100101001001010001010100000101000110100100111001101001
1010111101000001100011001111100110111000000001010011110010010101
0100011100111100011001000100101101100110011100111100000000011001
1000111010010001111010101011100100100010010100011101111000011001
1000000111011000000011001000100100001101001010110110100111001000
0010111011110100001000010000000011110111000110110011111110111110
1000000001011001100100111111001000110010010010010110010011110001
0101000010000111110110011101010001011111001111110000101010101100
0111011010101100111010010100101010111000111011111110110011101011
1100000100110100011100010010001110111101101000110110010100011100
1100111100101001100111001101001101001101101101000001101010110010
1010000101000111010000100110010100100110101100000010100100101001
0001111111010011101011001000000101101111111101110100000000111011
0101111010001110000111111100101010000000011011101000110001100011
0011000101100001111110011100010011010010011011100111111001001100
0001001101011111000110100001010011010101001011010101001010011101
1000000010111100011000101111010101010000101110011000000001011010
1000001101011100111110001110100101110101000001001100000000100000
0111111111100000010111011111001001010010010110111111001111000000
0010001100000010110110001110011011001000011101101110101110001011
0011111011110110101011111111000010011010000011011000011001101110
1000010010101000100101000010011010100111000000011110000101110110
1010100011100010011000100011100100100010100111010011000000100110
