0101011110011110110001101010010010101110001101110110111101111101
0001100000110111010110100001111000011100000010100110110011111100
1101000100101110011000000110100111100011010101110010111111000110
0000000101001010010011101110010110111010011011101011011111011111
1100111001010111110010011000111010000001100110111001000110011001
1011111010101000001010111110011000101110001111101011110011110011
0110001000001010110111111110111001011101110111011001111001001000
0001100100101000101100100100001000101001111011110001110101100110
1110010101000010100111100011010110000011111111100000011111111100
1110001111100011111110110010101000010000011111010101111011100100
0000110001011110110010010100010100111010010010001000100010011110
1011000001110111100110000101010011111100100110000111010100100001
1101111010101010000101000111100101011011011110101000011101011100
1010000111101100110011100000111001110010000011001011101010100110
0110110110010011000110110111100100011110111111110110110111001001
0000010100111110001110101000111001101000111100110101101101011101
1111110011101101011101111101101000101011100011011100101011110001
1001010110111010101101101001011011100101011100011011001001011110
1001000101110101110000001010111011110011110000000000011010110110
0110010010010100011100111101100101100000100000001111111101000000
0111101101001101100110000101010111100011010011011100101010110101
0101000011011001111110000011000111110000101110010100100011011010
0000010011101101101000011011110011100010001010110010110110111000
1000011101011010101000010011010001011001011101001111111111111011
0011001100011101000001010100100111011011110100010110010010011111
0010010111001010101110011101001001011011011100111111000110000001
1001100010001101011001011011011110010101001101001111100110100101
0011001001101011101111000011010101001000011001000010101111001110
1101101011000111100111111000111101011111101010010011011010001101
0101111011000101011110010100010100110110011010110010001100010111
0111101100011110111011101111001001010100010110111111110100101011
1100000001011010100110101000011011010100110100011011110001101101
0110000000100110110100001010010110010100110000101110011000011000
0100010000001100100001011100010110000101010001001011110000110111
1100101100111010100001111110111110001101011010110011001010011100
1010110110100101001011001111000100111101101001101000011000111110
0001010000101111100100100101110000000011000101100010010100100000
1001111101010011101100100101001101110000100111001111111001010110
1000010110000001011001111010110101100101010111000001111101001100
1000010011111111101011001000000001101101101110111100101111101011
0010101011111010000000011001110000011111100101011110100001111100
1011100101110111001010000010101100000111100110000010100001111110
1011011100101001010000111001001100000101000111111011011110110000
0100111101011100010100100001000101100010011001100000000100011101
0000001000101000010001001110100111001110101111101010110011010011
0111101001010111001110110001011100001001110100000001001100000111
1100101011000110000111110010010011100001110010100010111010011111
0011010011101000101101100000011000011110111100110110111001110111
1100101011101000011110011010110001100000001101000001101011001001
1011001111100011101010111010100101100000111000111111100001110110
1010010011001001100001110011111001010100111001000100011011101010
0000010110000110010101010011011000011001100011111110010001110001
0001010000001011001111000010010100100011110000111110011001010000
1010000001111001011101000000101010000100110100010101110100010100
0110101101111001111110111110110110000110011011001100100011011101
0001010101000011111100011011111111110110111010101000001000000011
1101111010000001010110110001110111111110100001101010111010101001
1010101101101001101110000100110111101010110010101000000110101101
0111000110011100111111110011111001111111000111000011010101101110
1011001100011011010101111101011000110000011101100111011011001011
1001110010011101001101010000011100101101101111011011101010100111
0000010110101111011001111000000001010011010110111010111010001000
0000110111101001111101011001111010001011000011010011010101101001
1101010010110110010100100000010111001111010101111010001010000010
0101100100110111000101110111011111001010101101001100010111000011
0001100111000111010011101011110101111100110100010110100111000010
0001000011111110110110001111001000110000100000010110010001000010
1001011011010100100011101111111010111011011011111110000001101100
1101111100010100110010001001110110101111001001010110101111111100
0001100001001010010110011101010101001001011000100100001100011001
0000101111011110000110001111101010001010101101110011010110000001
0111001110010010000111001110110111010001011000000010011011110101
1001011111101101111111011010100101111110001111011101010001111100
1110011011011101110110000110100001100100111111010001100010011000
0011101100010010000111101010010011001100001001011000001000100010
1010010111101010011100110001010100011110111011111001111010111100
0110100110101101000010001001010101011110011010011111110001011001
0000101001001000110010110011000010000110101110011010001001110100
0010111111001001100010000001101010011000001001101101110100010111
0000000111000101101100101101101001100001001100101110010011110111
0010110001111010000000110000100001111111010101000011101101111100
0001000000110100111011111100101011010111001111100010101011111001
1001111100110101101110010100110110001111000001001001000011011010
0110111110101010110000001110111001001110110100100010110000000100
0101100010001010010111100100000110001011111111111000000011100101
1011001101010110100110001110010011011110111100110001110010101001
0000001111111001001011100001001011101001101100000101011101000110
0010111111000100110101010010101100000010001001110110101101110011
0100111101110110101101011111111101111010101110111111001011000100
1001111111011110101010101011100100001111101110111001011100010101
1101111100011110101100001101101101111010011101011111101110001010
0110001011111010001011110001001110100110001101000010100010111101
1101111001100111101110001010000001100011100110001000001101001101
0100100010101000000111001011111001110001110100011111100011101010
1110101010000001100111000111100101010110011001110011111011010101
0101111011110111111010101100010001101101111101101111011000000011
0111101000011110111011010001001011011011100010111000010110001010
0111010101101101110110001010001000010101100101010100011000111101
0001100100010111001110110010110000100011000000011110100100001110
0000110111011110011101110010000000010100100110000011100010101101
1001111010101010111001111100001010001000100101011001000011100011
1101100100001110000111101110010000011110000001100101100110110001
0110011100110111000010100010101000111000001000011011010001100101
1000101100111110100001011011100001010000111101101100110110101101
0000100110011111110011110000111000100011011111101101110000110100
0100000000110100010101111101111000001111111010101111010111101101
0000101010000111011101011100110001110100000111000100001110110111
0010111100011101010101101011001011110111000010011110001110001011
0111010011001010101110110000011000100011010011110011101000010010
1000110000000010001101000100000110110011000001011110101100100001
1101110111100001101111000010010100110001010001100100111101001111
1010100000010100110110001101111101010010100110111100111100001100
0001100101110011101011001000101101110101000111101010100000100001
0001111010100010111100011111100101001111011000011001011001100001
0011111110010010001011010011010110100001001100011100001100111110
1011101011100110111101001100101111111100011010000010010001000001
0100011011110111101111100011011011110000010010100001000001001010
0100001100110000011101111101001000100001011011100011010100101111
