0101010000101011100011001111010110110100000100111110100100010010
0010111110111101110101001000011010001000100111111001011010000010
0010000010010100011100011011100010110000011101111000000111101111
0110100001110011101111010010101101011101110010000000000001000011
0001000001101101101011110100010110000011100010010011000000000101
0000101010010011001001010011100000111100111010001101111010000010
1111011001001010000111000000000011010000100010000101110111111110
1011100001101111010101110010000100011000000100011110001101100101
0011001100110110010111101101001101101011111100010110000110100000
0100000111001111000100001101000001110001100111010110011110011111
0110011011001101101000000011000011001111011010100101101011001110
1000110010011011110010101011101100000101110101111100101001011110
0100111010001100111101100110000110100100001010010110110110101111
1010101001100011001110010000100001101110101011000111101100110000
0000011001010001010101111111111111010110011001010011000011000010
1100111010110000011001011100011101110001001001000100110110010110
0000100100100000001110011011000000101111010010110011011011111100
1100010111101001110000010010111110011010000010100000000101001000
0101100101000010000010101111111111000111101010110111110110011010
1101111001101110001001010000100111001000011101101011110000000010
0101000100111011000001011001010111110111100100111011010010011000
0010001100110101001001000000010000011110000001110101110110001111
0000000011000011100001100000010110001000000000100100011011110101
1001111101111100111111010010110000000111100100101010000101001000
1110010011010110000101010100110110011000010100000101100010000010
1111010010110010000000000100011001001000011011010100011011001010
0010001100110011001101001001011001111000110011000111101011110010
0101100100001110010010010010000011011110111111011101001001001100
1110000100100010100101001101110111001010100011100010010001101100
0010000110011010001111000000010001111010010101100101011010111101
1010100011100001101011110101000000111100001110001111100000001100
1001110010000101011110101101011000010110101100100100110111010010
1011111001010111101011001100011011111010111011110000110111101101
1011000011000101101101000011110101001010111100101110100000101011
1101100010111000000000011110001000101011111101010111010001111111
1110010100101010011010100010100100000001010011101111011111111001
0011001000011000001100000100110010100101111111111101010000100111
1110011000100111100011000110000111101011111000011011111000000010
0001011110001010111111100100100111010111010000100001111100011111
1010000111101111111101111110001010011100001000100111010111011000
1100111100111001011000010010111111110001011010101011000101010101
0111101110000001011001010101110110001011101110010110000101110010
0000001000100110111111011011000110001101111110100100000000011110
0110110000011001111010110001000101101011010010100101011111100100
1000011101101001101000000111011100100010000110011010010000110011
1101011111100001000110000001011101110111101110010110010001010111
1100111100000101011011111101000011001100010011110111010010010000
1111011001000100100110100110110111011101101101100101110111011010
1100110100101111101101011101110011000111011001010011110001100111
1010111110010101100010100010010000011101111100011100011001001101
1101111111101000001100101100000011101101100100001000001000110111
0110100110010101110010001101101000010101001010000101100011111011
1111001101011001011001111111111100000011100011010001110110010101
1111001110000100001100100010001001011101101010010110000000011001
1010111010001011110000011110101011100000000010011000111111101000
0111101001100111001000110110010000111101111011100111100100001100
1011100001011000101011100101010010000010100000010011011111000110
0110011010101100111110000110111111110011011100000100001101011000
0001000010011010001000011001010011111010010100101110101111101000
0101001001100100100100000001101001011100100111101001111000001001
0101001010011110101011011110010001000110110111010100100000101110
0100101011111100100001000011011011100011010001101111010010111000
1111010101000101111000000101010011000000110101011111101101000011
0010100000101010011010010001001101111011010110101000100111111000
0001000010000100010111110111010011000100001100101010010100101110
1110111111111110101100110111101010010100111110100111000011110101
0100110000100100010110101000011000011110110100101100001111100111
1101110011110100001001001111101111010101000010010110111011000000
