0000100001100000110000111101101100101101001001000101101010110000
0111100100101101010110100001100010111000011011100110011011000001
0101000100101110001111011010001000100101100000110001001110001100
1110001111110111000101111110100111100011001100100110001111111111
0101010001001111111101101110101101001011100111000101000111100011
0011011000101110100100111100100100010111001000111111010000010111
1000011101100011110101011100000001100011111101001100001110001110
1100101111001111101011011100110111001111101111110010010011100100
1011111100100111100111010010000110101101111111001000011011111111
1010010111001010110000111010111100101010100000010110010100100000
1110010101000110100000110011010000100100110100010111010110010001
1101111111010101001110010011000011011110110110111100100000111111
0100110011101010111011000101010000111000101010000011001110001110
1011101110111110000001001000110110100110100000011011100100010001
1001100111000011110010100110011000100010000010010001010111111000
0011010001100001010101101100011000011100110100110001101001000000
1001101011001011111100011101110000100010100111001000100101100101
1100001100011001010111001111100010000011111001111011000110111000
0011000111001111010010010100100010111011011001101110101000001111
1011001010010110011011100011010101111101001011000110101101000000
1101111110011111100000011011100011001001101101010000000001100000
0111001111000001000110101010010010001010100111010100111111101100
0010000100111010010100100100110011010011111011100100011000101101
0001110001101110110001001111001100101110010110101101011010111100
0100001101101111100000010100100000111010111011010010001100100010
1000100011001111111011101101010010010100011011000101001001100110
0011011001001100111110110001101111000001001100110110001110101110
0100000001000001000000011100111100010111000111000101100111000101
1000100011101000010000111111101000111011000110101111110100001000
1010011010101010001000000101100011010001010010100111111100000101
1101100010000110100010110001101000101100011100000100011110100101
1010100110111000101111101100100010011111101010100111010111111010
1000001010110000111011000111110111111101100110011101101000110101
1101010000101000110001011111011010100100101110001110001110100110
1000011010100110110010010011110001110011111101100000000100101000
0000100110111001000100011001010101101000000000000010010011101000
0110110110011110000101011100101110001000001001001000110010110111
1100000100111001111001110011111110010011101011010101111110110100
0111011010001000100111011110010111001100000011011101000111100111
0001011010001111001000100100010100001001010011011101000000001111
0000101000111001011100101011010101111010011011011100110011001011
1011000001110101010101111101011000110111001001010011000111100110
0101000000101110100100000010011110111101010100100110001000010011
0010111010110100010011011101011000010001011111011110110111101011
1001001100101000110111101111010001001101111011001100001100010100
0100100110101001010111101011111100100000001101100011110011110101
0010010101000010001001100000011101010011011001111111111111101101
1101101110000000000001101001000101010010001100010111011110110000
1000100011101001011011110011110000000101101110000111100011101111
1111101001000000100101101010011011010100110101011110011101010010
0110101111000011010001011001011001001110111000100101000000011000
1100000000001000100010110111010100101011111110111000010001110110
0111110101100111000001111110110111111110010101101110101000000000
1111000001110111011111011000100010110110011110110111111000100100
0100100000010101011111101110011011011100100000000101111111101100
1111001000010100100100111111000110100101111001100001100010110000
0000000011010110000011010011111011000010000111110110011010110001
0100101111100010111111001010101100110010101010100101000111101100
1111100101110000011110111100001010010100000011110000010100111010
1111100001001100011001101001011110011101100101100010010001110110
1100101111101010110100110000111111001111001011100010111010111101
1111101010110100000001010011111110100100011110110011001010110100
0100011011101010101111111011101000001100001001100100010010111001
0011001101011001100100101111100001011111101011110101100110100010
1000101100110001110101010100100101000100101011101001001111011101
1110000110110101000110011110000100010110010101100000101101000100
0111001011101001100100111111101000001110111110101000000110000011
0100111001101011010101000011100111111001100110001001111011011111
1100100100110111110100001000110101110011111111001100101101000011
1000110110011100110010001100110001001001101111001001010011011010
1011011101100101001000111101101111110001110110001111010001001001
1111111001111010011001001001001111000100001001101101110110010010
0111110111001000011000111000000101111111010110010111100011010001
1100110111110110001101011101111011010111111010101010000011010101
0101000101001000010010001110001101000001010101101010010110110000
0011111111001111001100110111010011011110001111101000111001000100
0101110101011010110111101100001011000110111111011100110001000011
1111000000011000010111010110001100010001001101000000000111101001
1111001110101001101000110100100110001001011101000011110011011011
0101100010111010011000100011010110101011000101111001111101011101
0011010100101100101001011111011011110111101110101001100100110011
0001011011001110101011001100100011111011010001110000000100101100
1101111000011110100010001001000000000110001000000010111100101100
0011110001100000010110000000110101111010101000101001011101010010
1000111111100010001010101010011110111001000111000101010001100111
1001101110100101001011011000111110111011000001100100000101011101
1010011000100011001100001011101111111101000101111101000101010011
1010000011011000110111001000000010010110000110110100000110100000
0100110001111110110110111111001110111010010010111011001111011011
1100011011100011001101101011010011111001111010111011011011000101
1111011110000011011010111010101010000101001010001100011101011100
0110100011001110110110000011001111010110001010110000010100000110
1100110110000110010101110010000101111100000010110011010101100111
0000111111100001111000011100101110010110100110001001100101100011
0101111001001000011010001110111110011001111010011110101001001101
0000101110010000001000001000000000010110110011100000100010111100
0101101111000110110101100101011011001000111110000010011101101011
0010101010000101110101101010011101101110000000110000100011000100
0111011111111000101111110000100011110100000000111100011000010100
1011010000011011000011100100100001001101011001101000000100001110
0100101001011000001010000011100111111110000010010110100011010110
1110011100101011101000010011000100000010111011000011111110100110
0111110101100011100011111110101010110100111001111010010000110001
1011101101110111101010110011000001101010000001101001111000000010
1011010000110110101000100100110001100001110000111001010010100001
1000111111011001101000111111111000001000101110000010001000101111
1100111110000111110001010111011000110011111110001011111100010110
1000110100010000010000010001010110000100111111101110100100111011
1110010000010011100100010111100000111001101001001110111110101010
1110110100011111111100001010110001101100100111100000011101011110
1011010101111111001001001111101111010100101111111001110100011000
0001011001011101011000100110101001100101111110111011010101000101
0000011011010001000111011001101000000100011110011010011011010011
0011001110111001100110001111100011000101001000110100101010111111
1100000101111010011110100110000011010001100010001110101010000011
1101000100010001000100011111111101001011000100000001010011000010
1110100000000110111111100010011110001101010011010000101001111011
0100101010110111111111111001011011101010001010011010100000101110
1011100001001010011000111011000100010110001011100001011001110111
0101100110011100010010111101010101010100001100100011010011100011
0001010001100000000000110100011101111010111010110110110111111111
1000100101101001001010110010101100000001101000111111010010011111
1101100001000001001000100001101011010110100111001101001101011100
0001111110110101100111001101110001101011110011101100011111010010
0001001100000010011010111000011101110100001001010010111010001000
1001101111111100110000001101011100000010100111101101011010001000
