1110001000100101111000100001010111001110101110010001001010101001
1100101110000000001011000101101010001101100001111101100000010011
0100100011001010110000010111100001001111000001001111011110100101
0101100000101111101011100010110010011100011011110101000010011111
0010011000011000101110110101110000001100101001000101101111000100
1111101001100101111001000111100011100100001000001101111011010000
1011010111101100011001000111111000101001110101111000010100110101
1010111010110111000000011111110011010100100011111001010111100110
0100010111011110011111110011001001110000001011000100010110111110
0101110010011010001011111101000011001110111010000100100100011000
0110001101000000100110011010100000110011100110011100101000000011
0101101000111111110011001101000011100100010100110111100100100010
0000100001101001001000110010010000101110100011000111110001101000
0101010101100101010011001101111001110101111001110100100101101111
0010000010111111110001111110100000001010001100100100000000011001
0011001010011011101011001001111100110011111100001101111100001000
0110111000010011010100101110100001111101111110000110101100000111
1110100001011111101110010000010110100110000011000011111101001101
1111011111100000011110010111111110010010001001100110011111011100
1000000100100011010001000010000101010011111010100010111110000101
1001101111001110011011111010010110101110011100100111000100111011
1101001000111001010011000110000111110011010101011010101110011111
1010000111001001100100101000111001101011100100000110001010010000
0110101110110100100000110111000111010110101001110111110111000011
1101100010001010111101101111110010010110110001101110110010001100
1011100010010010100110010111100011111101001000101101000100011001
0100000110010101011100110001111101101010101000111111000011100000
0110011011000110001011001000100011101100100110110110100001111100
0101010100100110000011110111111101000111001110001100110110100011
0110000101110100111011011100001011000100011111000000101111111101
0111010110001001010111011110001000100001111001101111001000000111
0101000111100001101011100100001100011011100101001010101111111000
0000111000010010100111000001001011001100110110011011100011100001
1100110110010100011011100010111000110111100111101111010000010001
0011000011010110111100001101100000000110010001111101111110111110
0011110101101010101000110011000011001001011111000100011001000100
0001000111100000100101010010001011111101010001110110101011111110
1111100001110100100001110101000101100010010111011111000101010001
0000101000111011011110011011100111101110100001000001100101110001
1111110010000010101110111011001100000000000100011010110000011011
1111001001101011110101011111100001001001000011011111110110100100
1010110010101100111000111010110111011001011111100101100011100011
1101111111101110110011001001101010100110111111110110111100100110
0001100011111110111111111001100001001011111111111000100000010011
0101111000110000111001001111011011111100000100110000011001000001
1000010000000111010101110010110011000000101011001011111010111111
1111010100001001000100000010010111111100001001111100100100010101
1100100100011101010111101011101111001000000011000001111010101101
1111111110100011011101011001001000010100100011010100000101001100
1110100001000001101110010000111110010000101110011110011001011110
0110011110011100101111110110001000111100011010100101000010100011
1001110000111010000010111010101011001010000101001011110111100101
0110110001110111101011110100111010110111011101000100010110101111
0010000110001101101110110011001001101110110001001000001100110101
0110111010011000100001001111010001010110010110101111000101011100
0100010011011110111111110111110100111001111110001000001101110000
1100111001010000011111111010010110001101110110011100000001100101
1010000000001101111101001010111010111011111000111111101101100010
0101010011001111101111111110001000111010111100111000001011101110
1110101001010011101011000011000011010011100111001100011100011100
1110110010110100010011110010101111011110111000110110010110101110
1111011101110001110011011101101111000000000000001011010010000110
1010010101001011111100001101111110100001110100110011000011110100
1101110000011011111000111011110010111100000000100111001101011101
0000000110010101010010101101000000101110110011111101110000100100
0001010001010100101010111111001011100100001000010100001011010010
1011110111001110000110011111110101111110110001000000001001100011
1010111111001001101011000011111100110111010110110001011110110011
1000000100100110010101111100011100111100011011110010010110011111
0110001101001011111100010101111101101100010000110011101100111110
1000100111001110100010100111011111011001011101000110011001111001
0001111101000100101010101101000111011101010110100011110000010001
1101000100100110000100011000110111000101111101011010011101000100
1101101111100001001111100000011100011100101101110110101101011000
0001110000100011001111101001101000000000100111111000011100100101
0111000110000000110000110101000111100001101101000101101110111111
0100011100101101100001011101100111000001111100011011011101011001
1011001101111101000101011101010000100110101010101100101000110000
0010110100000111000101010100011100111110111100101001000000000000
0101001110011100001000100011110000110011111110101100110010111000
0110001111111011100000010011100101110110110111001010110111111010
0001010101010011000000011111101000101010101000111011011110000010
1100111100011100001011010000011011100111011111000011010011001000
0110011100011000110110101111001101100001000001000011101110111011
0100011001011101000010000011001000001101001011111011010111011101
1110100011101010110111110011010001001011110111111011001110100101
1000101111111010100111001011001110111000000101000100011101000011
1000111000111101110111101100111011000000011000010000100010000000
0011100110011110101010111001000010000111110100110010101000101000
0101110010110100011100000001110011111101111111001111101100010111
1110000010011000011100000101111010101101101101011011011000100110
1001001101110001111111101110000101000101101000110111110111001000
0110010011001010100101101000010100001111110110110001010111001010
0111011000111101101001110101000110010011011001000100100111010110
1000100001011011010110000110000110110110001010101011101110111010
0010101110010110000111001110000111101000011111110001011111001101
0001100101111100100101111010000100011001010000110111001111001011
1000110001100001001101100100110000111001011001001100111101110100
1011010010101110010000000111100001000100010011101101001100110101
1111010100111110110111111000001010110100011110111111101000110100
0001011011010010010101101101110010011010110001000000000010011101
0101000111100110101111110000011000100001110000100010101100011101
1100010011101101101101111101010100111010000000111111001001111000
1000110100001010101110100110111111100111111010101100011101111111
0111101111110101001000100010001000101000011001100111011011111111
1111101000111001000110111000101010101010000100111001101101100111
