1000011111010111010000000011101001010110101001010100000011111101
0101100100101000100100010101011110100100110011111100001111000100
1110110111011100011101111000100001000001010111101001111100101101
0001100101110111000101010001100010100100010000110110110110101001
1110001100000100101011011111001101111010100101100010001011110111
0011100100010001011010011111000010100100000100001100001011100100
0100000101100010001110100000111010111011011100101001110000000001
1011110000001000110000110001000010101001100111110001000001111100
0111010010001111110000101111100000101000001010011000110111001100
1010010001100010101001101000011011110000011101110010110000100000
1001111110110010110111111001010100010011000110011100001010111100
1010101110111000101010111010000011111011000111011010110010001000
1011000011010000000001111011011100011110001100001010001100011000
0100011001101010000011001001001011100110010101011101110101100000
0000100101010111000101001001001010010110010011111011000110101010
0011001100010011110011001111011100111101000110001101001100101010
0000010100011010000101101101001010011101001110010001101001100010
0000011100101000000011111001000111000110001110000110110000111111
1010001011010101101110010001001111100111011010101101101010100000
1000101011101001001000100011111110110011101000110011111110110000
0111101100101011010010111011010110011100011010011000111100101111
1100011000100101110101000100000011000101111111010110010001010101
1011101110000001100111011011101010010001000001110011110101000010
0001110010000100010010000010000101010011101101110000001001111010
1101010110110101010010000100001100011101000001100111110000010001
0001111110111110000010101010110010000000011011010000101010011110
0001011001010101011000101110110100011101000001101101101011010111
0011100010010111111000101110110001010001101010101010101001000111
0101110011001010110000100011001001111101001111101100001100000010
1101100101001100111101010001111100000000110001011000001100000110
0101101100100010111010001011110110011011000110100101011010101110
0011110000000000010100111110001110110011111101101100001110001110
1010001101011110011101101100000010010100111001001010100101010111
0111000111010000010100111110110101000110111100111100111010111100
0011000000100111001010111111110010110110101110000101001100001100
1101110000011111001111100000011011110000111111001000001001001100
0111100101001101011111111100101101101101001111001000101000010110
1100101001101100000001011011110101000000001100111111001111011010
0011100000001001100100101110000110010010001111110011101001000111
0110101010101111001101100001001100110010010110110111101100110010
0000101110100111111111111001101010101011100010011000010110001001
1010001101011101011111101111101000100001000000100111001100000000
1000011000000110011100001101011010000011000011011000111110110100
0010110010110100000000111110110011000000100000010110111100100100
1100101110000111101011100011000100010011101100001011011011110111
0101110001010001011001010011101100111100011101110111000101101101
0001010010111110100001001101110111100101110010001100000011110001
1010010100111001001011101101110101000011110101011100110001110000
