1111101010000100111100101010101010001001010011001111010000011000
1001010000110011000011001001010000000011011101001111001101111010
0110001101010000011010111011001110000111111000000111000000010011
1010000000011111011011100001010110001011110011001100111011101111
0000010111011001011001001110010110001000000010001011010101101001
1000010001100111101111011000110110111010100001110110010010000100
1010111001001000001001001100101100001001011010110011000110011000
1000100110011000011011001111101100111010100111100111110101111011
1001111110011011111010110000000110110101011001001000011100100110
1010101000110011101010111010011011111001111101001010101111010001
0001010110001001110111001111110100110010101000000110001011010110
1011101010111110011011011100001000111011000110111111111000000001
1100110101100010111111011101000000101110110101010010111001110100
1100110011110101011101011010100101111111110001001111101011111101
1111000110111000110110101010111101111111110011001101010101110011
0110101011001101100111010001100110110011001101010111010011100111
1101001001001000101110010110101101101110110101100001000001101011
0101111010110101010100110000101101000110000000011100001000100100
1111001100010110010010111000001101111000110111100101000101011001
1110000111110100000111011100011110111101001111110000011111010011
1011010001101011111000011001111111010100111011100010010111100100
0001100010100110110110110101111010010111110010000111010101110100
0001100011010111110001011110001110011011110100010111101101110110
0011111001111001110110011101010110101010010101001100110001110000
1000001010000011000000100000111000001010001001101111001111001001
1111000010000001010000110101110010110010110000001010110111011000
1101101110111000101111101011001011110000011011010011001011001000
1000100010001101110001101100010011101101011000011011001011100101
0100001111100000010100000001110001110100001111110010110000100110
0101011010011110000111111001001000010110001011011100001011101011
1110110111011111101101101011101110100001011111100110001110110100
1110100100100100100010111000100101100011011011011011110110100001
1100000100011000011111111000100100101011010100100111010011010110
0001111100100010001101111101111111100100000100110110010100111000
1111110100101011001101100100000110011011100101010100011101100110
1101011001011000001011000110001110000001010110001111010011001101
0111110011111101010111010001001110100111110011101010001111011110
1111001010001010100101101110101101000110010011111101011101001110
0110011101001011100001111000010001001100000111111010010110100011
1001111100110111001001000100010101000001111001011110000101101001
0101101000111100101000001100111101101000011100000100011011010110
1100010000000000010010001111011111110110001100001110110001001001
0101000110011010110101100100000100101001001100010101111010100111
0010010110011111111111100110101001111100101011100011101000101101
0011010111011101110101100111010000000100010111100001011101111110
0101010010001111111010100110011010010010110011010101011011000000
1010001010011100110011101101001111110110000011110111011010010001
1111011111000011101010111000100101011010101011000011110010001100
0111010101111011100110011000110111110101100100000011011010111111
0110001010000001100100000000100011111100111001011000110011011001
1100101011010100000110111011111100110111110100000100000100110100
0011111100100011001011100010001110000011111111000110111100000000
1101000110011011111110010101110110111011100110100101000110001111
0101010010101000010111111110010101100001100010000110101001101110
0000000010010011111010111101011101001101101000110111110001000110
1010001100110100100100000010011100001110101101111001110011010011
1011010011000011010000000111010111011110110001111101100110000101
1001000000010101011011110101100101011101001110110111001111000111
1010010000110111110101101110000001101111001011010010010001110111
0000011010101100011000101101001001010100011000101001101011001110
1100011101001111000010000111010101110011010101111010111011001101
0010100010101101010110100010010110000111000011101110111111001011
1100101011001101111110100011101000000111100110100111101011010110
0100010100001001001000101110001001110000110000001101001010001101
1000101011100011000100110111011110001000000101110001101011110100
1000010010100011111001110000101001001101100011110001010010011000
0101101100011110100000111100001111011001101101011010111110100110
1000011111011000000000101100101110001101100010011001011101010001
1100000100110101011000001110001001010111011101000100110010111110
0001111110110000101010101100001110101000110101011111101100011101
