0010001101110100111111000110101010011001100001111000101001000101
0111010110111101100011101110011101001000111000100100010001011101
0101100110011101001110100001010111001000010100011011011111011111
1011110110110100000010000100010111111101110101010001111000100000
1011010101001111100001100010111011001000100101001010010011011001
1100000111100110000100011011010111110011010111100111110011011111
0001001111111011100011000110000001100000110111101111011010111001
1010111110110110101100101100100001011010001000101010010100111110
1110000100001110000100100011101101010110011000111000010000110001
0100010100101101001000111011100100001001000000000000100100110000
1010101100001110011010001101110110110110000001011100001010110111
1000100101110001010011000011110011101011010011001110100010111010
0111010100001000000000101011100001011111001011100101011110110001
0001101011111011111111000100011111111000001101011000011100111001
1011000110110101001100000010010010111000010010101011000000100100
1000111110111101111101101010000111101010100001000111110101011100
1101011000111110011110110011001010001100000000001011001100010000
0101011000000100110001010010000111010110110110100001100010100010
1000011000000111000110111001001010001010011001110000000100100001
0111100001110110000011111101011110000100111000001000001011101101
0100111001110001111001101100111011000011100011100001010011110011
1000000110101010000110010010111100000011010001111100011011110001
1010110100011010000110111110010011110110000101101010111011101110
0000100111110101011110111011101101101001100010010001110010010111
0111111001111010010100011111000110000010000000111111011000011101
0101011000010000001000010001111101010001001101101001000010100000
0000101110111010111011010000011100011011100001001100001001101101
0110101011000010111101101011100100101011101100101010100101110001
1100011110111111000110011000100001000001010111011010100111000100
0010010100111000110011001001100110010101100001101000001101001001
0111001111010110000100010110110111100011001000000011000101110000
1100010010111011011101011001111000110110000001011011010110001000
0001011110100101011101010010011111111111001001110100010000011001
1100001010101000000000000110000001111010001101000101110011000111
0000001011000001000011110011111010101001111001001101101111101111
1100111001111101010111000010001000001011001010000101110100111100
0111011110100100011010101111101001000110111111000000101100011111
0100001010011010100010000010110010000111000100000001001111000111
0000001110001000100010100010010111001110100110101100101111001010
0111101111001010000001111111001011100001001100011000000010101111
0011010001101101110111000100110101011100010010111011001010001001
0111111011011011001101101111101101110100110000010000001100000011
0110100101111100001010101111001101101001010011010010000100110110
0111000101111100100000110001001111001000011011100100100011100001
1100110100001100011111000000011000111010111010010001011010000011
0100011000111010011100111100110000100110001101100101011001011111
0101011111000100000111010001101101111110111001000100011101110100
0100011110010010111100110010100111110100110101111100010111101000
0110001001010110101001011110001001100001111011001011000000011000
