1111010101111000001011110101010001111011000111001000110100100010
0011101101100000101001010000111010001011011111011010010000011000
1001011000000000111101111111001011101111011011000101010011001011
1000001110010111100001101010010100110110111010000011100000111010
1000110110110110010110001000001000110000100111001010111001000011
1100000101110111001011101000110011000100110000101000111101101100
0110001010101011110111111100101001000010100011101111011100011101
0000011100101100010010110001000010100011000010000001001011011101
1110101011010001110000001001001010001001011101110010110101001101
1110000000111101100101011100101011001000111101001000011111011101
1110011110101010111100110110100011001111110010110100111110000000
1011110111000011110011010100000011111001010001000001100000000010
1101110111100111000110101000010011100010000100100000000111011110
1100010001110110010111100000110100001010101001111111011010010011
0111101011010111011111011100100111000001001101100000111010101011
1110111010010011011100111101100011011111101111000101110011101110
1111010000001100101100100111010101011101011001000100011111110100
0001011011101101001101101001011011100111010101111001110000011111
1100000111101011101100100011000100000000100001001000110111010110
0101011101010010101100110100001011000100000011001101011011111101
0010111100000001000010100001100110101100100101111101001010110110
1111111111000000110001111101100110011001111111000111101100101101
0010010011110100000000110011100011010000000100111101011100011111
0011111010100001101011011011111110000101101001011000101110110011
0101100001100111110111011101011111000000001110010001111101000110
0101011101000001000010011101100100001110001111011110011001000111
0000110101010000001001111101100011010010100000000111101001010100
0010111001011010001010000010111101100100100110101011000011011000
0000011111000011000000111000001010110011111010101110110101000011
1010000100110010011101110111111101011101100101110011101110101110
1111101000100100001011000010101111001110000111011011000110101101
0110010101010001010101101000001111000000111000101011111000101011
1001011110101110001100001110000010000101101100101011100100110100
0110110100111001111000100010110000101110101101010001100110100011
0011110101010000000010110111100100010001011011001010001010001110
1100011000110111000111011110110100110000010000000111001101000110
1111010011001011010100011100010001100010000100011010010101011111
0101111111000101110000110010100011010110000111011010001001111001
1100011001011111010100000111100001011011001001101111010011110001
0001001010111001011010111010101100110100101100000111011000000011
1001111101001111101011011111111010111110010001100000011100101001
1111111011001000001100101110001001100101001110011111100011000001
0111010001011101101111000110000010001011011100110011101101111110
1111000001101101010110100010111110000010001010011101100000011010
1101110111011010011110011000001011110000110111011101000111111001
0100100000001101001010100110010110111110110101111100010000100100
1110000111101101110101011010100001101001100100000101000110000011
1000110001101101110101010111100111011100101110011011100010111000
1011011001101001010000001101001011000100110100011110111110000110
1110100111011111000010001111110010000011111010100111001011001000
1010111001000111101011011001100010001000010110010010101000110001
0101111000110110101100000100010001111110001000110100111000010011
1110010111110001101101110111110111110101000111000000110011001000
0001010101101001001110111110001000001011011111110100110101110011
0110000101011010100001101001010100111100010100010000000001011010
0011000000101111000101011011110001011001111010110101001101011100
1111101101000011010011001110011011010101010001110011101001101000
0110100011010101110111110000101001100101100100100010101010101011
0101111101011000110101110100001001101111100010011110011101101001
1011001010011101001100000010111010010001111001110101110001000001
0101110110110001000011100100011001110011011100101111011010000101
0111100101100011101111101001100100010010111101101101010001010011
0101110001110000000001100101011111000111111111110111111010101111
0001011011111101010110000001000010001000110000101111010101011110
0101000100010000101001001010001011101011111100111111100111101001
1010101111010101000111100001101000011111000000001111111111000100
