0110000100110101111000000011011100101111110101110011010010100101
0100111101100101001101100100110111111100111001000101111010101101
1001000111001110101101100000101110101101001010000100101001101101
0110010011001000010011110101001100100111000000100001111101100000
1011001100010110010000111001101001100100011100001000111111001110
0110011001010100001000101001101100000100000101010110010001010111
0001110010010111010111111010011010010011100101011000100010011110
0101101111011111001100101000100100011000111111010011101010111110
0000101011001100110001011100111100011000111000011000101111001011
0111000010111111011001000000111001110000110010101011010101010001
1101011101101011000010011110101101100101001100011000000010001001
1001000101010101011101110001101110001011101011110010110001000000
1001101000011011000100010111111111011010101111100101110001100010
0001011010110110000001010000100100100111011101111100111110001000
1110011100000111101000001110010000110011000111100110100100000100
1000010101000110011011101000110000100110000011000101001101111110
0110010101001000011110100011101011001010001100010110111000000100
1000011000011000010010010000000000101000010111110100111101101101
1000100110100100001010101101011000101101101110000001000001100110
0010110111101101001001010101001110111100011110101001111000000000
0001100011000000110011010011011001100101011101000101011110000010
0110011001001100110110011101111001010100111101111011011011010010
0101111001001110000000100110110000111100110110010000001010011001
0111001000011101001110001100100010100001001101111110000011010001
1001101011001011011001001111010011111100010011101010110101100000
1111010100011011011010001100011011010111000101110101001100110111
1001101100001001110100100100001100100000011111111001000111100100
0010110100010111001011001001110111000101000001001011100101111101
0111101101000000011010111000000101011010010011110110000010110110
0001110100101101001101011111010101000100101010011100110111010110
0101100001101100001000010000111110001010001001101101101110101110
1101100011011100100110010000011101101110101000100001001011111110
1111011010001000111110110110010011100001100111011101000010011011
1101001101001011110000111111111000000000100110111001110110000000
1110011010101011101110101010010011111111101000001110000101011101
1100010111101110011010100110011010001111101100111111001010100000
0101000001111000011000100010001111001111100011000011100111111101
0000010010001110110000010011011000010110001111110111001110111001
1011010001010010010010100101011001010101001101100110110110011100
0011011010000010001011001111110011010110000000010101001000010100
1001000111111011100111001000001111001111000101011101111010100010
1000000110111010010101110111000010000001111001010100110000001111
1111100010110001111100101010111111000110001100001001010010110011
1100001000000000011010000100011110101011010111101010111101000000
1111001001110100001010011101011010101101010011000000010010110011
1100111000111000100000100100010100000010100010111001010011111110
0111110100001101010010010010110110110011001001010000101101000100
1000000101010011010011111100000110100010001001111000000010001101
0101010110010010011100000101010000111011110001011110000110100111
0100110011000000111111010010101001110100100010010111100100011000
0000111010000011001100101101011110011000100000110011011100111001
1010111010001010101010100001000000000010011011001100100011010110
1001000101100010101111101100001110001010110000000101001000010101
1011010010011001110001000100111010010101110011010101011110011100
1111111100000101100110110100010100101001010110110111100100101101
1000111000000001101111001001001110101101111011110011010010101101
1000100000011111010111010111000010010110010010101111010111111011
0111100111010111100110111111100010100000110101100000011101111110
0011100001011000001000110000100011000011110110010000100111110110
1011001101110101100010000110111000110110001101001001101000011011
1011110000111000001000111010101000010010001011000000101110101101
1000110100111010010100011101011001000000001000001100101010001100
0100011010001111000001101001010000010100011001010110000011010000
1110111101101111010101000111011010111011001010110011011100110111
0000110101011011000011000110010111011010011001001111011001001001
0000110100110001010000111000001010110110001010111111100001111101
1110001100011011110000101010001101111011010001111010110100010100
0001010010000010001100001010111101000101001111000100001100000110
1101000101010000101101101111001111000101001111000101000111001110
1111110100010011000010101101001100011111111100011111101010000100
1110011011011111011101100101110100001011010000110101001000000001
0001111101001000001101000011101111000100110100011101110010111101
0100011000001001011010110000100001111010110010101011101001101110
0001011100011110100100110111001100001001100100001001111100110001
1100011001001000101000001111000110011001110001110101110000110001
1110100101100011101111010001011011101101010100100101101011101111
0001101110110110010000010011111011010101111100010100110110111011
1100000101000010000110101101110100001111010100001001010001111100
1000100010110110111110111100111101001111011010111100011001110010
0000111100101011010011100000001000110110001010111111111110000111
0101010110011011100000011100111111010001011100001100101100010110
1010110011101100001010000011000011111010111110010011000111000111
1000011000010010111110010000010111110100111001101011001011011000
1001001100011000110011001101110010010100000101100001000001100100
1100101010111010100110100011001100110011000011011111100010001100
0010110111010011101110011011001010010110100010110010100101111101
1111010000110001000010001110110110011101100000001100100010100011
1011011110111000011101010111110011000111001101001111100001111111
1000101000000100001100100101000100101100111001111100000111100011
1010011001001010101010011011110011000111001110100000111110110100
1100000101011000100011110010000011000110001111100101011000000011
0000100001111100101000110111010001101100100001110101100001101011
1000111000110100000010110100001101001000011111000000011001001100
1110101011111100101111110110000000110100011011001001100100011000
0111100100101111011011001001011001100001100100010111010111000111
0001101000100101101010111011010101101010110010011110000110010010
0001010100110010000101001011100101011010011010100110010011111101
0111010011101001111011111011101010101100100110100101000101001110
0100101110110001010111000010011010100000100010101110101100101101
1100011010010011111000001010100111101101001010010001001100100111
1001101111001001101111111010000011010110010111000000000010000100
1100110010011000001101101000010101010100000110001001000000000001
0001010001001000101110001100100010111110010011010111101001001110
0000000001100111101100001100111010111110000011011111001001010101
0100110101000101101000101010110000011011110101100011111000010011
0100100000010000110011001111001111000110110101111110000000001101
1111111010110111010011111100111111000010111001010101101110101111
0110111010010010110011111101100101011101000010000010000001001010
0001000000000101111000000111000110111110110011111100010110111110
1011110101101000101111111011111111111111010110011010010101100100
0100000110010100011110111101101001011101110010011101100000111101
1011000010010110111011011001111111010001100000010010100101011111
1011011000101000100011100000111011100100001101000100000100111001
0101011111001000010101111011111010111011000100111010101000110001
0101001010010100000011111111010100010001000000000111001110110110
1111000100100100100111011111110011100010110111101011110111000101
1110101111011101011011101100010111101011010111111110001110110011
0110001100011101100111110111110111010110010110101010000010111001
1100110000010001001110100111000010000001000111110001111001010000
0100101001110010010011110110110010010001110100100000110011010101
1100101001000010111101001001010000000110100001000110110110101000
1011000100011001101010000100101010101110000111000100101111001111
0101100101000100111111011101000011111010101110110011011111101000
1011100001001100010101101100111110011101011011001001111001110000
0110101001101011000100100010100100011100101111001110010010101110
1110000011100100011000101101000101100101101110111110000011010111
1000011010111100010100101010111001000110110111011101000110010100
1101110110011000011001000011011101010010011011011110100010101111
1000010011111110101110101000010100001011100011010110011010010000
0100100011100101001011110000001010011011110010011100110100010010
1110010011110010010001100001000010001100000010011101100001101110
1011101100000101101000100010111110000000000010101000010110000111
0110101110010111111000011101111111101101101101010000100100101101
1001001011011101111111111000101101000101111100110101010111010010
0001000010111110001110000001000011010001010001000010011001101010
