0101010110000100011101100110001111001110010111000100000011110101
1000010011110100010000111011110000100101000001100111100110010111
1101011100000000000010000101000010000011011010111011110011000011
0011011111100100011110101111101010000010010110111100110010101110
1010001011111100100111100101101100001101011000100110010110010010
1110110110101000000000001101111100101001001101010001000110010100
1000101011001010011100111101001101100000110011010011111010111111
0100011100111111111111111000010000011010110110001001011110110100
0011001111110011011000111101100111010111110001001001011110111111
1111000011110001111111011001000010000000101011110100001001010000
0011001111100100001011010110100110100111110011001101101001000111
1001110011001001111001111010000011010001110001000110011101100011
0000101110100101111011001001000110001101100000101011001111000100
0110110111100001000010111110011110011101100011101101110111100100
0110110010100000110000010010100111101000111110101110110101001000
1011011110011010101010000100001111000100011111100100111001011110
0000100011111000110101101000111111011001111001110100011010010001
0001010110011101110001011111000100100011000001000001011101111100
1100010111011011101110110000011000110110101110001010000011100100
1111111100001111001101011101110001001101010110110011011100111010
0101101001111111100011100010101001100100111110011111101001101010
0001011100000001101000110111000011111000100101010000101001111101
0000100101011110011001100000110000101001010110110011101110110010
1101111011001011001000101101010101110011011111010111001101011010
0101010110110111111110010111111000101011111011110011110110000001
1101101100011010011100000110100010001110000100110010100110010000
0110111011101110101110100001010111000101010001001010111001100101
1011101100000001111010100101001000101101001000010110110100111111
0101111010110000010101110111000001100000000100000110100101010110
1100111010101010110111010001101001100111011111011100011011001011
0010011011101001111000000110011101101000110000111001111101111111
1111110001110010110000000100111000101010110101001100001100000111
0100100001100011011110101011000100110011010011001011101011000100
1011101011101100010000101100100111010000111010110010100110110101
1100100000010111001101011000101100100100101011001100110011111111
1010010100011011100100110001011111111001101111110100000011011001
0011011101011010101000101101011101111101010000101111111000100001
0000000100101110010100110010100001101110101011010001100111100101
1010110001100000101111110000011101101111101011001011111001000101
0111100101110100111000111000001111110101110001101011000111111010
1011011001101101000011010111101010100110111000110101110011101101
0000110101000100000000101110101100010111001110000111000000101000
0100001010110110111011000001000110011101100010001101100111111000
0000111011101101001111111111111001010000101101100100001101001100
1101100100101001111001110110111000000111001101001011001001111111
0110111101001110110100000011000100000011101111110010010011100100
0110010010010111010101011101110100000001001001011101010100101000
1100101011011011011111101110011111111110000010110000011110100111
0000001010100101011010101101000111010001111100101000011101111101
0010101111111101110010100000110010101111011010001001100100111111
0001110010110011101001010010010001100010011101001111001110100111
1100010011010111000011101000011100011001100011000110111101001011
1110101110001000110001111001110011101011000001000100001000110011
0110011011111011100111100111111000010010000111010101011001101111
0110101101001000100001001100101000111000001111100010001000100101
0100000010010110001001111000111011100101111001101000110010100000
1101101111010000111111000001010110100111000110111100000100111001
1000110000111001010000001010101101010001100000001101011010110100
0101101111110110101010011111001010010111011110110000100010110011
1111001111110101100001010000000111010000101101010011111111111001
0001010100111101101101110011010000111101010001101000000101011000
1111101011010010100101111010111000100001000011101001011001001100
1011010111100101000000101101101100011110001100101100100001000000
1001110100000001000001001001110001100001110101100111101000001100
1011101000100101110001011000100111000000100011001100110101100100
0001000101100000010000011001011111101000101110001001101110100001
0110010110110000100011000100111010100000001101010101011010100110
1101100000011100000001001001010000110001101111001101110001000101
0101111101111000010110010110010111100111010000010001011000110101
1000110110010100111000001000111111011111011010101110110101010010
1010011110000001111100101010001100111001110001010100011100100000
0001000111010001000011110110101001000101011101111111101011101101
0011000011111000011110100010110011110000010000110001110101001100
0101001011101100111101100010011011001110101111011011100110100100
0100001011001111010000010001001011110111001110111010111110101110
1110101110111111100001001010110111110101011100001000011100111101
1110101110101011111011011110110000000000011001110100100110110011
0001010111101110010100110101011000111011010011010001111111111010
0101000101100101010001111001110101110010011010010111010100111101
1000100000010100001000001101011000000111010100110110010010001111
0101100111101100011010101101101111110110010101100111000011010101
1011110001000011011000101000100110000101000100011110111011000111
0001110111000101111100010100010101001010101000011111010001011000
1001100001100111011010101100011010110000001110000010011111100111
0110010010101011011100101101001101001100011110000101000001010101
0100100010001110010010101000110101111100011100000010101011111001
1101100000100111001101110001101100101000101101001010011011011001
1011000011000000010100001111111101111000000100110000011000101110
0000111110011100000101100010100101000010010001001010011100111100
0001001011101010000111010101011001000111110010001101011001111000
1110101001111111001001001110011100101100111001100110010111100000
1000011001101010101111010110100110001111101010001111101011001011
1000011100101110010111100101111000011111010000000000011110000101
1110010101110000101010100000111101011110111001010111000110010100
0011000011110100000110011010001110111000011110100111011010011011
0101111001100101110101110101010101001001010101100001001000110001
1111010000101011011000010000111000101101010100001110000000111001
0011000010111111000100101001110000101100101001110000011100110101
0011100110100111010110011010000101101010001110100100000001001001
1010100101001001101101100110011110111101001101100001010000111100
1001010111100001110010101110010111101000100000111001000000000101
0010000011100001010111110111110001111100100101100110011011010111
0111110101110110000000010100110010100010100001010011110010100001
1111101000011111001101000010000101111001110001000100000111011001
1011111000010010011001110100001010011100101001111100101100101010
1011110110101010010101010010000011010000000001001000001101111110
0101011000111001101011101000001010100101111110010000010001000101
0010101101011000010110011101011011111100000010010110101000001111
0100101010011000100000011111011101110110111100111011001001000011
0000010111100111001110010010110101101110000000100111111001110011
1011101111100100110011001011101010100101110110111000101101010110
0111010110010111010011001100100010111110101111010001011110100011
1011101100101101011111100101011100000001101100011110101110010100
0100001001001101011001110011111110001011110101001001001101011100
0100101011000111100101000010011101100111110000111001110010100110
0100011000101100110111110010001010011000001011000000101101000110
1101110111001111111111100000110000000001000101000100100101001100
1110000000001011100110101111111111011101111100110010001111100111
0110110110101110110000000000010001100111111100011101011100011000
1010000111110001110011001001011001111001011000101001110110001101
1110110100010100000100011010100101100111001010010110000100011110
0110111111010100011101111011010111111110001011001010101000010000
0010000000111100100011011111010100111001111011001100010101110111
0001000111011101101100001100110111010011110110001101111110000000
1100101001010101001000000100101110010001000010010001110100100111
0110000101100110000011110010110000000101111110101011111000100000
0110111111100000110110011101111001000111110101011011001000101000
0001000111111010000001001000010111010001011100101111100101011010
1111011011010110111110011010010100001011000101111110001001110101
0101001011101011001000011000110010111110000010011111001010010010
1111111111110111111001011100110000110111100000011101000011000001
0110000111000111010001010001001110100110101100100111111111100011
0001011011001000101010101101001111011001111100100010101101110000
0101101100010001000100100100101001001001110110010001110001110101
1100110010011101010110011100111000011001001010101100101001000001
1011101111011101000100101011111000010100000011101000011110001010
1010011011100001001010010101010101110011110001011100101001100010
1000001010100001001100001010110000010001001100101001010000100010
1001110111010100110100110101110100011110000011111001010101000010
1111100010110001100101101000100101000011101000001011110001110110
0100010011101111100101010100100100010101000111101101001010000101
0000000001001000110111101011001001100010010111001011001010010111
0010010011111100110011000110010010011010101100100110111110111100
1101000101100100010000100100111011001110100111111101000100001100
1001010111101011011000010100111011011001111000110101000110001101
1111100001101000001101000110000010001010110001000000011010011111
1111001001000011101101101010101010100010110110101100010001111000
