1011010010111010011110001001111000101101010110110011001111110000
0011110000110111101001101001011011111010011110111100000100110001
0111000010100000111111010111101000110101001101100101001111000010
1011111000101100111000010010011000101100110011111110011110100111
0001110001101110111001000100001110001000100010000011011100011010
0111101011010011100110100100011000010100110101110101100110100011
0100111010111010011110100011110101101101001000110010000100001110
0101000110101110000000110010000100110101000000000111111001001011
1000001101100101010101000111011101101111011001011010000001110011
0100001110100111001011001100001010101111110101001001111010101111
0111010111111010000111011100011101101111000100101010010000011110
0001110111111110001001101111001100101011010000111000100000111110
1110001110000000001000011111110100011011100111010001010010111011
1110011100011101001100001010001111101110110110011110111100000000
1100100001111111101001010111011000000000000101010010000111101001
1111110101010001100011110101100000011110111010010101000001111010
1000110010110101000001100110100010001100010010101110111001000110
1101001010100100001001101011010111101100111000001101110001010010
0011011000011010000011101111010000001100001001010111110100101001
1011011101110010000010010110100100011000000001001000111100100010
1101000011011101011101100001001110111100001001100110100001100010
1000001101110011110011011100010001111010001111100110001100001110
1010001010110010111100010001010001111101111010001010010110010111
0001010111101111101010111100011010110100110110011010000010110000
0110101100011010110010110000111101011101000100011111010111100110
0001000000111101000100011001110011110101110001110100111001100110
1000100011110000100011101010110001010000110001101011101000011101
0011010011100100111011110001011101110000010001100001010101101001
0101111000000001000001010100011110101110101101100101111011111101
0110000101000001111101000100111100011001011100100000101001011101
1001001100010000110001111011100010000111111011011111011100101100
0011101100101001101010010101100111010001100011001000000001101001
0010011101001111111111000001000101011100111011110110111000000000
0001011110110111010010111110001010110110110000111001001100101100
0111010000001001000101011110001101110100001001110100001100011011
1111111111011001110100111110010110001111100110100010010100011011
1000111100110011111100011001101111011010101100111101110110010101
1100101101001000101011101110001111000110000100000100011111010011
0011010101100001000110111010101001100010101110111111011011000100
0111110010100100000111010110101111110111010110100101110110111111
0000111101110111000101100011000011001110101000001000110100000011
0011010100011010000010011001000100000110000110001101010010000010
1000101110000100111001110011110010111111010010010011101100011000
0100001110111010101000111011000000001000110111001011000101110101
0001001000011101011000101100111111110010011101001010001110010010
0011111100010011110010011100011000101111000000111000000000001001
1011000000101101101100011001011001101010000101011000011010001101
