1010000010101001000110001010000110000101010000101101100011110100
0111111111110011110001101011000111111011010000110010110010101110
1000111110110100010100100000010100000010101001100011111100001111
1110010000010100110100000010100100010011001111110111100010101101
1100100000101100010000010110000011011100000000001111110110101110
0000011001010101111111110101100101001000100111110011100111100011
0111101010000011011001001010100010101000011001010111101001001100
0000101001100110010111111000001110011001110110001000111100100101
1110001011111101000011101011101001101010110110000100011110111110
1101100010111000000010011111011111000000011001111011101111110110
1001010010111101110000100110100110011100010101010000110011101101
1001111011100111000011010000000001110100000101110110110011011100
1001000100011100011000010101001100101110001101011111111110111001
1111111010111001111110010010101100100000000111100101101000011100
1000011110010001010000011101000001100101110111001010101001011011
0111111101100000000000110010011010100100010010111110110111111101
0010110011010111101110100000101011001000011111011101101111011010
1101001010100110111111110111100110100110100101111000111100000101
1111111101010110011111001100010010000000111100011111110111000001
1110100001100000110100111100011001111010000100101000100100100000
1100000111000100011111111111000111001000100100110001111010110000
1110001011011111011100000110001001101010110110010011000110111101
0101110010010001000101011100000100110100011011100010100100010000
0000001110011011010100010101111111011110010011110000011000111001
0001010011100101011010001110111111111111011010100110100001101000
0001010111111111000011111000100111001101111100111011110100100010
0000110100011001110111110001110000010010100101000011101001100101
1001110001001100100111110010000101000011110010010111000111010000
1111000110011110101110110001010101111111110100000011000111000011
1111000000011101001110100000100011110101011111100010011110000010
0101101110001100000000101010100001010010000011101110000110110111
0100011011001001100011100110110100000011001001000110100010101001
1100111010110111111111101101100011100110011010100000011001011001
1000111011100100000100000011010100111101000010111010101010000000
0100111101001100000011100001110010100010110001000111111001011100
1000011101110010010010101101101110000001001001001001011010000100
0000001110000101001110010111110000110011000010110110110110101100
1100110011010011100101011110111110001110011010000101011001101101
1101110100010010101101101000100010101101011111000011110111000010
1011111111001101001111000000100010000010001000001011110010011010
0111011011100001011111011001010000011110001111011001010111111010
0011000001011111101011101001011111100001100111010010000101110000
0010101011100000101101000000010110001010010010100001100101101111
0100001100000100010101001001010001101010011001101101111010110100
1001101101000000101111101111100011101111000100001100000101001010
0010010000010100001000011110001111111100001101011000110010011110
