0110001100010000000011111101011010100101110010101000010100011011
0010111110001101011111111111000010011011101010000000111100000100
1011001010011101101011001001011010110111100101101100001101100011
0101101100111000111001010100010111110111110100010100100111101100
1101001010000011101000100010100010101101011111100000000000111111
1011100101100011111110010111101001011100010110010011001011001101
0110100111010010111110111101101100100000110010111101100110101010
0010001101011100101100001110100010011111100100010101001100101001
0100110110001010011111010111100011110011110110111011011111100000
0010001111100101010000111100001111111110111111010010110011010000
0101010110001100111100010011001100010001110001001011011010110111
1110000000110011101001110111000101100011100101110001001111000001
1010010100101010010011010100011000011100101001110111101100110001
1011010111000100001100011010001011001111010010000010100011000011
0010010110101111110110101100011001100110010010011100011000111000
0000000100100000000110110010111100010010010101100110001001111010
1001001111010000100010100001000001011101000110001011010101111001
1100000111010110100001101101100110000100001010001101101111110010
1100000111001010111111001011111011000111010011101110101001110001
1101110111111010010001001110110000110111010100111111101000010110
0011101011110110101100100101001111111011111100001111000111111001
0011001110101010100111101011110110111110111011000101111001111100
0110101101000000001010111101010011100010011110100011010101011110
1010010001100010110110011110111000001001100001110100111000010111
1000001001001010000100110100000011000010101100110000110101010111
1110111110101011100101110000100001000001110000000010100000110011
1100101000110001110011010010100011111100000101001001010000110011
1111001100010001001111110101001001101111110011011001100001011000
0000101000011100001110110101010100001011101110010001111101101000
1110110000011110011111001111000000111011111101010101001010110011
0001101100001101101100110111111101011000011101011010001100000110
1010111011001101111100011111010000000010101110001100110111001000
0000110000010100111001111000110100001001010110111000110110011001
1000111000101100011001011010100110010100011111011111000011011100
1010001000111011001000001100101100100110111110001111010111001011
0000100011101100000001100110100100110001110110101101101011110010
0111111010010001111001001001010110010111011111110100000100000101
0000101010110110101010111001101100001011011011011100000011001100
1011100011100100100101011000100100011001100001100111010111110010
1001100100000101011011110001010010100110111010101001001101010010
0000110010011001100000111000000011001100100000010111000011010010
1100111111101011100110010101011110001010100000011001101000111000
0100000010010010011111111001011011011101010001110000000101111001
0100100001100010100010100011000111110111000001010001101010111101
0010111010001000010000000010101111100010010001100110001010111110
1010011101010001101101001010000110011111100011111011110000000010
0010110101101001011011100111101011101100101111010011001100010110
0000111100110001001011111000011100001111111101010101011110100000
1010001010101000111110111011100110110111110001111111100010111000
1101010011001111100011000000101100010001100110110100110110101111
0111001101100011011000001001111001010010010011000110110000110110
1001011001110000101101010001011100110101010111001000100010001010
1101010110011010010001001101110010101101000010001001100111001111
0011000111110101100010110111000111001111101011010101001001110100
1101111000010000111101100000111011001110110011001010110000011110
1010011001000011100110111100111001011100101000111101110010000011
1001000100000010101011110101100000110110111111100000010100011111
1010001011000001001101111111001010000000011101011110100011111010
0111011101100010101111000100010101010001110011001011001110010101
1110101010000101101000011110101010101011010000101110110111110100
0100111011110111011110011101100011000010111100010011100100000001
0010010110000010010110110101100001010011011000011101110011111100
0001011101010111000101101110000100001100110000111001000111000011
1110000011010100001100111110111111000101010110011001011101110010
0111101000111100011110110110100111110110010010101110101101000001
1011111110001001100001010111000001000101010110111010010111010001
0011001110101111110110110011001010011011010010110100010000101101
1010110001000011000111001100111001100101011111001100110001000011
1110100010011101000101110100101111001010000001000110100001011111
1100111010111000011110001001000101000111001000000010101010101101
1011000000100011000010010100000001101010111011110101111111000000
0000010011100010101111110010101100001011110000000100111101111110
0010110011000110001100100011000011011100011110111001111101100011
1000100111101101001110101001110000010010101001001010101110111100
0010010010010100101101001110110101000110101000010101111010100110
1100010111110100011011010101010001001101110110110110001001001001
1001101010100001000011001111010111101101000101111101011100011001
1000101101110111100001000111001000101110010011010011001001010000
0001000111111111000100101011100001000110011000010011000111000010
0101110110011001110100000010001101111001010101111100001100011101
1111011010011100111001100001111001000000000111100101010101001100
1010000101100010000111110111010001001000110011110100100000001001
0100110011111001101100000011101111010111011001110000000010001100
1000111110100100011001110001011110111001011111000111010011101110
1001010101111000000001010100100100111111011101011110010101011010
0011001010110010001100001111110001000001110000110100110101010010
1101111010101011101001110110111011011001001110110111010010101101
1110000101110101000111001110001111101110100010100010001001110000
1000000010111101011010101100110000100001001101011001011101111001
0111111110010101000001100011001001001000000001100010011101011000
1111110111100101100110000100001011010100110101111000000110110110
0110110001111001011101110110111000110100110100110111011110101011
0000101111000101110001001000100111010001100111000011011110100011
1110111101010011110110111011001001110101111001100000010011000000
0011111010010001011101101010001000011101011101100100101010011011
1100001000000100011001110010001011110111111111000111001111011001
1111110010001001011110010001111001000000000001011101101101100101
1000010010110011000000101000011101100000010110101100100111011101
0100011000101000001101000100000111011011111010101110001100111010
1110110011001101110101010010111010001100011010011101101110010101
1000101111111111011000111101010010101101000111001011101001110100
1010111101001101011101111011001101110001110001011110101100101010
1110100110001100100111111001000111100110100101011011111000011101
0100100100000000101101110111100010111101110100100000001011011111
1010011100111011010101111011100000100111110011101001001110001011
1011110101111011110011110001100110011111011110000101000001011011
0010100010100110100000011001101000111000000011100011110101010000
0010111100111011011000111100001110110000101011110010111011100010
1101101001001011110101011101001001011000010110010000001110000011
1000000100100010111001010110011000000111000101110001101111100101
1001010011100110110100110110110110001011110000100001100100111101
1100000110010001000000000100010101011100110111000010110111010111
1101101010010111000011000000010001000010000111010100101110111000
1110111010111110101100010100100011101000101111001111010101110111
1101000110000111101001010000010001000010101011100101100010011001
0110001110101110111010101111000111101011000101001011010111011101
0010100010110100110011101111011101000000011111111111101011001110
0111000110010001111001111110000001011001001101011000010001110101
1110100011101110011111010111011000100101101101101001111100011101
0101100100101011111100011010001001111110001000101011011010100110
1101001011111110010100010110001100011110010101101000111011110001
1110000111010011110101101001101001010001001000100111010110101101
0100110111111111110110110010000110001010000111100000000100011000
0110000100111001010001111000000000101101100010011001010001001110
1111110100111110101000100000011001000111110010000001100110000011
0000011101101011111010100100011110000010100111100010110010100010
1000101110101011111001100000011011110011100101111010011111111101
0000000011110111010111101001111101111111110101000111111100011110
1001011111000000110111001110101010101100001010001010010011100001
0110110001100010010110001011010010111110000011101110100101010010
0011001001111101110010100011010110000110111100111010010111111101
1101110110011011010101001011000000110110100010100111111111100001
0010011010010011010001000001110011011011101001100111110011010010
1111110111000001110110001110001101010001001101011010001110011110
0010000101011010011001101000010110010111110001011111010110110101
1111100000000011100010110010011101000110010001110101101101000011
0111100011100000111001010100110100011010000011100101110000000101
1111100000011001100001011000110010011001100111001000110011110010
0111110010010011010101011000100110101100110101101101011100100000
0010101001000001011101000010000001110000010111110011010000110000
0010011000010101001110101000011101011110100011001100001100011111
1000110011001001110111010101110101111000000111100000100100000101
0111001011011100110100111101010000111001001101101100001011111111
0101011111010111000011011000001000101011110000100111111010110000
0000001110010011101100000011111110001110011111110011010101110111
1101100101000000000010000101010011001100000100011000101101111010
