1001110100001000011101110100011010111011001001100011101011010010
1110001100010011101110011010101011110100111001011100100101000111
1100000010010110010110100011010110011111111001111100001000101101
0011001101101001111011110011101001110100110111000101001011010000
1010001000001111000111001111101011111010101100000101100010101011
1001011110110110110010011100100100110001101111100111000000000010
1111101110110100000111100110100010111010111100100000010101111001
0000011011100101101100111000110110101000111100110111010111001101
0011100110000011001100101010111000100000110011010010100101010101
0101101001010001001000110110100111101010111010101011101100101100
0011101011001011111100101101100001111000001000111100011010110100
1110001110100000001111111110011111110001010011001001000110011110
0100010111010101101001100110100010011010001001110110111110101111
0111110000001011011011001101011001001011000100110111101110101000
0100101110111011000010110010111010001000101111001110111010010101
0110010111011110111100000100111110001100101000001000010111010100
0101101111111101110101100100101110011011110011000110101110000011
1010100110100011000011001101001111101011111011111100110001010001
1100111001100100111010111001000011010110111100000010011101100001
0011100101101101010110011011010101011011110110100110111010000011
0110010001011101111110101101100111000001011011110010010100110010
0111100101110011010011010011010111100000010011010000001111111010
0000101111110001101010001000100101101110010100011100001011111001
0000111101110100011111111011101100000101110010111101010111010000
0110100001010001001110000001011100010000110100110000001111000101
1110011111011110011011100001100010111111010110000101100001110101
0101000001110101100000011011010001011100001001111100001000101111
1110000010111111010111000100110101100110100001101001111001000011
1100010011110010111001110100100100011000010000110111011000100001
1110011001100111010111110011111111100000001010111010100101000000
1110001011001001000001100100110110000010101000100100010010011100
1111110001000101101010111011011011100101111110010011111010101001
1101011011111000101110110111100110101000000011100101101101001011
1001000001010110011101001110101111010001111010101101111110010101
1000100101010001110010001010110010010010110001110010111110111101
0110111000000101110001000111100011011011100010001000000011101111
1100000010100000001110111000000110111110000101110011101100101011
0001110011100001000011100001110000101101100101100000010010001110
1101110001000011010111010110000110000101011111111111000111001111
0010111101011100111101010100111000000000010101000011010110110111
1010011010110010001110111100011110000110110101001001001001110000
1111001111011101100101001110011110111000000100011001000111101001
1100011100100111110100011011000100000101100111001010010111010010
1110000100100101110001000011011010101011101100001000001111110000
1000000100001111001101011011010111010100101101011000111100000000
1111101000001110110011110110111110011011111110101000100111101101
0000011111100101101001010101011100101101001100100101010011110111
0100011011100000001100010000100100011001110101000110010010101000
1110000000010010001100010011101011101110110000110010001111000101
1001011010101010010010001000001001001001011010111010011010000001
0001000100011100010110100110100011101011101111010100000011110010
1000111110111001111110010010000100010010001010011011111011011100
1001110011000111100010001101111101110100000101101100111101010010
0000010001001111011001111010001011011111010101101100001110100000
0010111010111010001001000101010101011110010001010100001011100100
1111100000101101011101010100011001010101011000101111000011111100
1111100001000010101101011110110010001110110011111000011010001001
1010001110101010111001001110101001001000000110111000001111010001
0110101000110101100011011101110111100101101011001011110001101010
0011111010010100100101010011100100100100110101101101110110000001
0111110000100111100001010111101011111101101000001001100111000101
1111001111000010110001011100101110010100110111001010110011100011
1010101100001111010010110000101001111100101000110101011010110001
1111110100110110100010110011110111010111111100010100110111010010
1001000001010100111111011001001011010100111101000111001010011110
0011001111011111110001010101000011001101010011111111001010000111
0010100000101101111100010100011100100110011101100110111011101111
0000111001000110100101001001111111110110101100110111100010100001
0110110010100001111100101010100000101011000101101000101101101100
0101010101101010111111001011011110001001010101000010011111010000
0101110111100101100010010101011000011011011101100111010111011010
1110110001011011010011000001110000011101100110010000100000100000
0000111100111110100111000010110010111001011000100100111011000101
0111100010110111010110001000011100001000101101100000011011010100
0100100111010000010001111010101100100000011100011000110100001110
1000000011001100011101011001011100011001000001000011101111111011
0100000111010001000110101100011101010011100010101010111001101010
0000011000001110111010110101110000100110110001111011101011000010
0110011011111010011110000101001110101110001100001001010110111110
0000011011000110110111001001111111110010000000001000111001000101
1010001110111001111111101111110011001111011111010011111111100100
0001011100111110101111101001110110110001001001110001000111100010
1011111011001010011000000101001011111001110010101010000010011010
0010100111010010010110100001000001001000000100000001100101000001
0010101111000000010011101011001110110100110001110111001011111011
0101110101101001000001010101101110011111101000100111010001010000
0000001001010011010000001111010100011110110111000010110110101001
1101111110010101011100111001111000100111101111110100011010000010
1110000100011110101010011111000111100101110110110001000011101111
0100000000001011111110111000001000010001111101011100101111001110
0001101001010101011110101111111001110000101111000011111111100110
0001110011000101010001001100111111101010000011011010010001000110
1011101011001010101010111010000001111001111000000101001111011011
1111111111010011001010110101010110110110000110001110101100101101
0110010011000010001001110001000110100111101100110111101111000001
0111110101111011010011000111111000110100111111010101000000110100
1111110001010000000010110001111110111011000100010010101011110111
1001000011111010111101110001000100111111000001101110100001110000
1110010011001111011010100000101110100001011001010010111101001001
0001101110111100110110111011010000100000111100110111110101010010
1010110101000101100111000001100110010000001110000010100011110000
1011100011001100101100110100100110110010001111101011001100000100
0110100000000010010110110111011101101110100001100011000000111011
1000100010010011100011011110000111110001011001001100100000110011
0000001111001010011111110000010101001010010001011111110011000101
0011111100000000111001111011000001011100100111100110000100110100
1000100100110000101101010100101010001100010011010100011010110100
0110000011101101001100011111001111011011111100011000101001110000
0100100001010101110011101101101100110001100000011011100001100011
1111001000001110111001000101100010000011010100110110110000100101
0001010010111110101011110010010101011010011110111100001101010111
1101001100001101000001001101100100010101100000101001111000100101
1000100001100110111101001110000111000000000111000000110010110111
0001010100100001110101110111011010000110111001001111101101010000
1110111001111110100100001000010000010101011101010111110110010011
1100010110011011010111000100111011010001111001000100101010000011
0000000100110111111000100000010011101101011010011001101010110100
