0111101010110100000100011000111111111101000101101011000101011100
1100011001001001001101000000111000101011101010001010001101111111
0111101011101100010010111110101001100111100111011001011100111001
0000000110000011111110010001001000101101111100010000100110110111
1000000000000001011010011110001010100000100010110100110111111111
1000110110110110010100001000100111011111101011000100011001010000
1100001000111110001111111100001010101101000001100011111110000100
1110011001010001001000011100011001000101110110110101101000101111
0011011110011111100000001100111010111011110001001001101101011100
0111000101000000011101010001010010111001011101101000111001000001
0000110000010100010000000000111001000001100011101011101011110110
0111011100100011000001101001101011011000101010101001100100101111
1110100000101111101101001000101011001111111010000101110011011001
1010111111001011000010011101100010111101011101001111100010010000
1011101010101001100100001011000111100011100111011101110100110001
1110011011001010101010011001100101100101011000101000010111110100
1110001011000011110001010001111111010111111101011111000001111000
1001000101111100000000101111010011100100111100011000100101100101
0010001001111000111010011101110001100010110010101010011001100000
1001111101110101100010110000101111100010110000101011000001101001
0100000100010010011101001100010111100111111110111011100111010110
0110101000000001011001010110100001110011101000111000000011011100
1101111111000101110101101010000110100011011001100111100000001000
0001110001011001011101110100011000000111001101110011100011100010
1011000101001001000010001010110000100000001000000000011001110111
1111011000100010011101000001101111011000001101000011001110100010
1111011111001110110001011111110111100100101101100010110101111101
1111001101100011100001011010111100010011010110111110011011011101
1011011100100100101101100010011010000011101111001100001001101111
1011000111100101101101101111000110000010010110001111000101011100
1000000100001010011100000111101111000001101101001101011001001100
1100011011000001101101011000100101011110101111001111000001011010
0101011010100001100100101011011100010100101010100101001111100010
1100111101100010101101110100111110100000110010100001000010110010
0110010001001110110001010110010110100000101100010101000101010111
0010101101011111010101000111101110111111110001010100001110111100
1011101110101100110100110010101001010011001010011000110110110001
1011011110100000110101110001101010001010011000000101110101010110
0111110010011110011000011100000010111001001010010011111000111110
0001001001101111100111110100001010000001001110011110111111100100
0110100001100011110111000101101110100101011011101111101010101111
1101011001000100100011100000110101010111011011011101101100010000
0101101011010011110001001000011001001101110111011101011100110001
0100001101011100010111110011100000110100101100000010000100110101
0110101111001000110111011000100000010100111011000010111011100111
1010001001100011010100100000101011101110011110000001110000011000
1000111001101111100110100000001000011001111110000110100000110111
0110111010000101010011100110000110001111001010010111000110001010
0101010010100001101110110101010100111001010100011001010001001001
0100001010010111000110110101111001011000101110101001111111010011
1110101110101100001010011111011101000100101100101001101100110101
0000101101000101011100001011110100111110100011001010111101000001
0011110001011100100110000111111010101001110100001111010111100001
0101101101011111111001100100011101100011000010101011101010110111
0100101010010011010000110111110110010001110000011110000011100010
1011100111011001110101011010001100000101111000110110110110111011
0010101011010111101110110111110101000011100110011000001010110100
1000101001011100101001001010010001010101000011100100110011010010
1110001111101011111000000011101100011100010111101000001000000110
1010001101101010111100110100000101111100100001111111100011100110
1100100001111011001001001001101101100000111101111101101000111111
1010011111101001101010110000111011101100101100011010111101010110
1100000100000011011111101000100101111011011010111100110101110000
1001110011011010010111111011010110010111101011110100011111001011
0111000000000110011010000100001011101011011000110000010001011101
1101010101010000111101101001100000101000110100000000110001010110
0010101110110011111011111100001101101011011101110101001111100001
1011011010101111100100011100011001000011111001100110101101101001
0010100001010011011101111110001011100010101000110010011000110011
1001001000010010011000001011100101100111010110000100010101111011
0110101101111010100100010000001011010010110011010110110011110111
1001100111110001001010000100011100101110001000000001100010100010
0110001110110101010101001001010101100111101101011001110000110110
1110011100101011001110000001001101011101011010110011001111111111
1001010111001101111100100110101011101111100110001010100101111010
0001111100011101110100110110111100110010010000110101000101100100
1001100111101001000010101110001011101001001000011101101101111110
1111001010010101000100101001110001010100010100001101101000110111
0000100010100010100110011111111011001001100011101000011101100111
1111110111100100100100001110001010100110110111110001101010111010
1000011111000001011110011100100001001101000001100100110011110011
1011111010100011000111011010110101010000010101101100011101111110
0111010100000110000011010101101100001100101011111101100010011001
1011000010101110111111111000011111000000001010100101011000011101
1000100100000001000100100110001101000010101100010100100101101101
0101110110101101111000111000111110000000110100100111000101011111
0101101101010001001001010100010010011000010000100101100100001011
0010101100010101010111010100110011111011001011111010110101001110
0111101001110000101000111110010101011010100101111101000001110000
0011101011000110100100111010011000100011010011110100101100100111
1101000101110001010011100001011101111011011111011101010100101011
0000110011000101101101110011010101000011000000000110110100001011
1110110001011010000010111101110110111010100001101011100000000110
0001111000001111110001101000110101010011000000110001011110101101
1111000100110001011000011111100000101010110100111100100110001110
0010101011010010001111101100111100010110101011100000010010011100
0010010010001100111110110001100110011001101101110011000101111111
0111011110100101011111101100000011000110001101111100100001011010
1111010001110001100100111010001110100011100111000010001100011001
1110111001110011101111100010011011100101111110110111011110000001
1101010110000001110100010011000110010001111101010001100011110111
0001001010000101001001110111101101001110100111001000011111001100
1011011000010000101010110011010010101100111111110110011101100010
0010100110101011100101000110101110000100101010100111000101100001
1001101000100111110100111000111111110110101010000100011001100010
0000000111000011010100101001101000101101111111110011101000000111
0000001000100101011001110100001110111110010100010010101010111100
1000110101000100111011100111001100110110000100101110111111111111
1111001010001111000010101001101011001001011011010011101000010001
0000101010010010101000001111100110011010000100110100000010111010
0000100011100100000010011000111101000010010110000000101111010000
0000001100001100001100100011110010101111110111001100101000011101
1000111011110101110001101001111011010001010011110101100001001110
1011101101010101111110000100110001010101000011111010110110010110
0100010000110000011010001101101100010100000100000111011100000000
0111010100001001100100011100110110111101010101101110010111010010
1101000101101110101100100000110011001100101101111011100101010110
1010000000000011000100010101011000000100110011001111110100110111
0110001101011101000100011100000100100101011000000000100000000100
1100011110010011010101100101111001000100001010000110001000111110
1011000100000001000101011010010100101001001010001110111100010111
1111110000010110011111101010001101101000110101000101010011001010
0001001011011100110010101100001101110010111110001101100001100010
1101011011010110110001100000001000111110001011101111011101110001
0001101101010110000110010011010101010011000111101110010111000000
0001011100011111000000101001101001110110111111000001101111010110
1100011111111101011000110111010010011110001011101010001111101010
1101101001011110010001100111010101010110010100111010011010100010
0110010011001010010110110000111111001110010110001100100110000100
0011111101110111000100110010000011111000100010010010001010110000
1101010111010011101101001100100001000100001101101111110101110000
