0110010101010101000100101100010110000001100100010010101111001101
0011110011001000111000101010000110000001100101000111110010001100
0011011101110100000010101101111001110001110000011010001011110101
1101111110101100110100011001000110010101000000111101111010100111
0100100111010111101101010101011010111101110100000111100001100001
1010100000000101001101001001000001101101000001101010011011101110
0000101010100111100011000000111111110110001011111111101001000001
0000010101110100000111001110111000000011000111101010101011011101
1001100100001010011011100011100000010101000001011010010110101001
0111001010101111000010101010001010001000011010010001010110111100
0100111001100101100000000000011011111101011100011000010010011110
1011011101101100000111001111111100000100101111111011010111011100
0111000001001001001100110010001100000010110001001110011001101110
0001111001000101110110011011000011000001101101100101001110101000
0010111111110001011001010011011111110111100000011100001010111011
1011110101100110111000011110001101100101110000100010001000011000
1110101101111100110010111101000100001001100010010001001011110110
0000110011001100100011100101000000111111110101110101111000000000
0010101010001010101100000101001000000001000110101101100001111100
1111110000001011100110111110011111111001100011000000101011001101
0110000010000001010000101110001111110010101001111000100101010100
0101010110011110101010010101011000010000010010000110100101010101
1101110111011110010000100010001010101001000101001011010111100111
0000001101111010100000110101111000011110011110110010011010101010
0001001111110001001011001100011101100110110010100110111011101000
1010110111000101111000101110011100110001011111001101010000011101
0010101010011010111100100100001101000001000011000001110000100001
1000000010010001000010010100000011100101010101110001001001001011
1101110000101011011011110001100110001010011101011000100010000011
1100111110110001001110010011011011011101111011111010001101000001
1000000000010010010001001011110110110100110010011110110100010011
0100011011000010100001011010110001110101100010101100001011100010
0110000110100101110100101011000010111101000100111101001010110101
0001111010011011100001101000100110110101000111100000000000001011
0101000101001110100110100011101101010110001000010100001100110111
0000000101100000010000100001000011001001100100111001010110001101
1010011001110011000011101000110000110000000100111110110011101000
1111001100000011100000001010000001101010100110011101101011011101
1110101100100110111101011110001001001011111111010111001010001100
0000110100111111001111101110011111010111001010000000101001011011
1110000010100101100001010110011100111110100100010011110100111101
0010100111010011011000111110100110100100010000001000111110110101
0100101001010110110001001011010110110110101101000111000110101011
1100100000000100000100100111001101011010010000010010101011111001
1000011011111110100110010010100001001110110101101000100110100100
1000101110010010111101011101010011000110010100101110111100001011
