1011100110011100111110011011010100011101101111101011001100101100
0001010100110010000000001111100100010010010110100000110000101011
1100101101101101010001110111001100110000011110110100101000100110
0011011000111011011100001110111011001101011001000101011000111010
1110100100001000011010000000010011001110001010011011100110101001
0100110100001010000000001011010010001110000100001000111100110110
1000101001110000000101000111110011010010011010000111000111001111
0000010100110111101111001001110110010011000100001111100111100100
1000110110011010011010011001100001010000101101011011110011110011
1110101100101001001111011001001010100100000010010001011111011100
1011010110101110110110011000010101101001011100111001101100000101
1010011101011010011110111110000011110011101101110011000101001000
0000110010001010001110100011110010001101110110000011100100100110
1010011100000101010001110001010111100010111001011001000101001110
0001110010000010110110111011011011101101111101001001110001111000
0101011110110111011100100000101100001100010010000001111100100111
0000011110110011001100000111101010110111100000111001100101111110
0010010011000010111111110111001110101000011000110101001111100011
0111100011100110010100111101000000110011110110011110100011001001
0100100011110010011001110111100101100100100110000011100001111100
1100011111000101100011101011001011010011000011110111010101111101
0101000110110000001101011001001010001011000100111101000110011101
1001100010001000101101010110100100011100111000110101111000000000
1100000110100111110000100010111111100101001000100100100001100000
0010100000011111110001001010011010000100010011111100110110010010
0111101101100001010010001001010010000101001111011101100011101000
1000100011001011000110010111111011011101010101000111110101001011
1000101101010101110011111011101100101010011110010111000110100101
0010011010101101000110110001010100010110110000000010101010010011
1110110011001101100000011100010111101100000001001000111000010110
1011011101101111000010100101101111110111100000111100100101010101
0001101010101101111100001100101101101010011110000111110001111011
0011110001001101000000011001001001001100001110000001001100001100
1101100110001110000110001000110111010110000000111110000101111000
0110011101011010101101101111010100101110010110000010101000001100
1100101010010111000111110011001110110001000110110011000011101010
1110111010011110000110011111101011011011100010100111010110110111
0111110100101010000111001101111101000100001001010111001011111110
1010111010110110100000010100100001110001001011111010010000100100
0000000100000100101011011100010011011010011011100000011011111111
1111011110101011111001011111100110000100010000110000100101111010
0010001001011011111011010110111000000000001110000110100011110000
0111000001111010010000011001011101000101000001111111010101011000
0100101100111110011110100011000000010011011010111000010010100111
1101000011011011101011000000011101010110110111000110010101000011
1101011111001010000010000000000111001001001010001111111010111110
1111101001010100001110010111110111000100100011011100000011101010
1100000110010111010110111100010101001111010011111010011001110010
0100011001110000000000110111011111001010110111101101000001110001
1110111010100011110001011101001011110010100011100001111110001100
1011011010011100001110110000001001011010101101001011110100001111
0000100000110101000111111011010100011100010111110001100110100010
1001110011011010111100100001111001110011000011110110001010000001
0000000100010010110000001100001111111110110001100111111011010101
1101110100000100010011101111001010001001110001001000110000100011
1100101100110110110101001100001000111101101110101101101000010001
0011111101000000001110001110010111110111111011110010111101000110
1101010000101001111101000110010100100100010010011000010011110010
0010010000011010011010011010100110001101000000000001101010010000
1000111101100011001101110100010000011010000000111000000111000001
1100101011010000010001100011101010010000001100111010111100011011
0001001011000010100111010111011111000101110011101100011101001101
1010001000010110101010100001111001000100010101011010111011111001
1110101010101000111000011111100111000000110010010011000110010111
1000101011011000100011101100010000010111011100110110000000100000
1000100111110101001110100001000100101100011111000000100011010000
1111101010101001111000100111000000101111010111110000100111001000
1100110001111011001010010011100110101101010101010101000011111010
0000000101010011011000101011010000101001011100111100101111011001
0011101100110001000000001011011011101010010000001000101110000100
1000101001011100100101101100010001000101010100001100101111111101
1010001111000011001100011011010000100100011011000010110111011001
1101110101011111001001100111011110010001010110111111110100110111
0010000110111011101010000000001010100110100010101111101001010010
1011000110000101110100011011101011000011010111110101010001011100
1001011000011101111000111011110011000110110110111111011101111011
0001111011010101010101111111001101101110010100101011110101111100
1111111101010110010100000101111111101100000010001101110011011001
1100110101011111010111000001100001000110101011001111010101111100
1111111111100010010011011011100011001010101110011000010011011001
1101101110010001010001001010001101101111100000110101000011011111
0000100010010000101000101101111001011010111001011010000011010110
1100000100011001001001001001111111111101111010010000011001010100
0101101111110101001000110100010000011010011001000010010011011011
1011010011101100110100001000000011110001101110001001001111001011
1111010000000100011001101110100101111001011011000011001111101010
0101101001001000101000010100011001100110011100001001001110000111
0110101011100010111101000111000111010110011110010001010001010101
1001011010010001000011010010010011000110001100010101000101001001
0100010111010101010110110010000001011111110111010011110100100010
0110110010010010011010000001100011010111001101000101100100001010
0101110100100010111000000010100101111101111110111010000000011100
0101110110101101110010011011001110111001101001000001001010010010
1001100101000011100101011110110110000001101010011111000100111000
0100101011100011110111001000001001111110011000111101000000001110
1110101100100000001111100001101000100101011110001011000000111101
1000000111010010101111110100100010001101101000001011011011111100
