1100101101111001000110110001101101100001011100100100010001000001
0111001110011100111011110111001110101110101010010000001000110110
1101010000000010100001010110111101010010111101101000001010111000
0000011001001000000000001101110101001011001100000000101110111110
1110111001000001011100001110010001010010010101111101010100110011
0100000011110011111101101100011000011010010011111101100000111001
1101101000111110010001011101010001011111001010000000111011110010
1101001101011000100001001001111100001000111110010101011011011011
1011110001110110001101000111110100110011001001101101001100010001
0100010111110111101101101110000100101111110011101010000110111111
1011010001101111010111011111001101001100100010000100101100100010
1110100100001010011111101010111110110001010010000010111010101101
1011001111110111000011011001101110011010010111100011001111001001
1110000101111110111111111000101110111001100110110110001000001111
0101101010101001001010000110010000100001001010011010010001101110
0010001010011111101001101110111001100100111000000010010111011001
0010010111010011010111100001111111111101110011110001110110010101
1110101000000001111111100000100110100011001001011110100000000101
1100111110110110101110110110000101001001001010101110011101001111
1000110010111111111011001110111001001011011011111100011000000011
1101111100101101001001101000011111011100110001000110010011111000
0000000000100001010000111101100001111010001111010010000101111011
1101000000000010100001111101101011111101111010100111101111001011
1111011101001000001001101100110001101111101010110000111111100101
0110000101000000111110110011001100111001000010100111010001100110
0000010001110111011100010101111010000111011011111100011010111000
1101001011110011011111111010010100100001011111011000001101001010
1000011000000001101000100101100111000101000110010100010100011000
1010100010111110110110001101101001011111100000010111000111111000
0111010011111101110110101100001000100100100001100100011101001011
0010001000000100001010000101001110101000110010000100010010100001
0010001110100100011101100010110010010010011010000011011101000100
0000011111001111111000011011101001011110010100111000010100111111
0001101101100010110000110100001001101011101110010010111000001101
0101111100010110010001011111110000010010010001110100000001111000
0001001110011110100000001001001100101010001111101001001100011001
0111001010010011001001101001100000110011110111100101001111111011
0000100011101000111010101101001001110011100110100010011100001010
0100000110111011000000101001100011010010011100000111010011011111
1111011001001001100001001010111100011100001001010011001110101111
0001111000111100111011011100001111111111100001010000001111111001
0010111111100101110000000010010100000001011110010110110000000100
1000101000100000110001001000010010001110001111010011010111011000
1010111100010110000010101110010011001100111010000011110100101101
1111001110011011011010101000111110010101111010110000111110011100
1110010000011011110001000010100011100110101101100111001000010111
1000010011000001111110110000010111101010010100111110111001100110
0101100110110100010101110111000011111000000110100100001100110000
0111101111101110111111100000111001110110101010010110111100100100
1000001111000110000110001110000011111011000011011010011000111111
1110100100111101010001011011000100001111001011011100000001110101
0100001110010011100011001111111011001110101111101101011001001111
0101001010110011001101000110100000011000111101011100010011101110
1001000111010110111111101110100100111110000010110001000100111011
0100000101010001010001010011111000110010000000000000101001111010
1011100101000011011101100110111110111000000000110011000110111001
0010101011011100110110011010101010010101101100110011101111000100
0001000110110011110111011010110101010111100111011100110110100111
1100001110100011001000001100011000010000010000000010000100000110
0111100010111101010101100110111001011001100000101111111010000111
0100000010000001001010000011111010110000110110011000010010100001
1010010010000000100010101101000000111011111101111000100101100100
0001011111100000111001111000001111001111110111001001100100011101
0000110010110100110111110100100011110100111111001110010100010001
0000110011010101000110011011110100100001000000111000010011001000
1000100111110001001000100010110100001001100011001010110010011010
1000001000110001001110011000000111000101110111000000101010110100
0101111000010001110011111100010111001100011010011011100101000100
0000111010110010010110111111000001011100100101010110000011110010
0011101001111000010101000011101101010000010010010111101100110000
0111001110110010001000111010100010100001101101001101001011110010
1100000011110101000011011110001111011100001011001111011110000000
0011100001110001100001100011111010100000101100000100100000001101
0001101000101111011001000101000010001110000100010110001001100011
0011110001001010111000001010010011001100011001111011001101011000
1011110111001100100001111001101100111011010010110111110000101111
1111000100101111101010111000010100101110010110101111010100111101
1001010001101100100000110000101001111001000011001111001000101011
1111101110001111011110011111110011001100010111101110000000001101
1101110100001100011010010111101010111010011101000000010010100110
0110011111000100010000010110100100010110110011110001100001111101
1011011111010100010101110010000101111011000001000100100010111101
0110001101101001000100111110010101111100010010101110001100010100
1101110000101001110101100010110011100011000011001010010010100100
0110001000110011110101110010010001110001001010111110100011101011
0001100010011110011110101110100111100011100010000000111001100110
0011001110011000011011100100110001111111100010100010011001011000
0000110011100000101111000001001110100111111110001010111110010000
0101111000111011100011011010010110110110001011111001101011111101
1100001011011111000000001111110001111100110101100000011001111101
0010001100110010000010000100000011010110000110000010011100010000
1111101110001100111010001011001010000010110011100000000011111001
0101100011111101110110000100100101110000110000011010011010000111
0011000001000001011010111010101111011110011011001101111111111100
1011111011101110101100101010001010110010000100011001011010100011
1001110001000100100000010110110101000111001000100011111000110110
0100001000000010010000110010101110110000110110111000010010100010
0001000100100110110101011111100101001010111110100110011010011000
0010001100011111011001011110001111000000110011111111100100111111
0110110010001010101011101111101000101000011011101001111111001100
0011100101010010011000110110111100110101011101100111000000011011
1000010101111111011010001101010000001100111110001010001110110001
1100111001000100001001111101100110001110111011011001010010100011
1001101000001010000110100110001101001110001111101100110100110001
1100111100101110000011100101010011111100000010000010001001111011
1101101101101000100010000010011010110000011111001101010111000100
0100001100011111110100100000011100000011100110101111111001001100
1111110111101001100011101111001110100010010000010111110010011101
0110110000110001001011111100010010001010001010011010011110000001
1101001011111000111000111000111010010101110110000000101010010110
0101110000101011110100001010000100101101001011110101011011101101
0100010101001110111010001010111011111011000000011100001100110101
1110011101100011001001110100011101100100111011000000011101010110
1100001000111100111010000101110001011000100000110011110100011111
1101011110100100010100110000110001000011100100000101101001110011
0010000101101011010011011010101100100010111000100111100111011011
0011010110111111100100001011111010110100011000111011000110111101
1001001000110100110111100110001111111011111001010101100110000101
0100110011010101001101000100111000000110111100011110100100111001
1100010000101101101000001101101000111110000010000111101100011101
0101010000000111010101110001011011100001000101111111001110011010
1100100001110010001111010001100111000110100001101110101000100100
1011001111100100101110011101000101001011011010011001111110111011
0100101011101111110110110101100101100011100111001101101001111100
0010000010000101111001001101000011101101001111100000001110101101
0110110000001110100011101100111011101010100010011010001111101011
0100000100110010100110110110011010110110001000101101110110101011
0001100100000001100101110100100001010001001110011010000110110100
0110010101101000001010010111101101110101100001001100100011000001
1000100011010111111001111110110110111001011110001100001101101100
0100110001000110111001101110110111100010101101111111111001111001
1000101110100010000111000000100100011100111110100010100010100011
0111000100101001010000000101100111000010011110001110000110100010
1011111100100010110010101111111100001101001011011011111110000100
1000110100001001100101111011111100000110001001111001101110110100
0001011101100100110000011010100011010100110100000101001010000111
1110110010011001000111100110111001111100101010111100011100010010
0110100110101110001000110010101111110011100001010100100010000001
0110000001101100100001001101001101010100001011101000000111000111
0011001100101011011000011101100111010100000110101110001111001100
