0001110000001100001011011000111100010001111010111001011110101101
1010111001101111011101101100000000100010000000011011000110100100
1101100111000100001010101101101001110100100011110100011000100001
0111101011111100000100100010110010000001100011111000001011000110
1111100010111110000000000110100100010011111111010111010101110110
1000000011110101010010001100011101011010010010100111100110011001
1001010101111110000111000011000110110100001101101100111000011101
0110000101100100001101100011011000111101110000011110100110110100
1111011011001011011111011011111010000110100100110010100110110010
0101010111100100110000011101001111100010111010010110000011011100
1011000100001001110110100101100101111011011001100100101100100011
1101100000011100010000011011111111100100011001001111011110000000
0111100100000100010000101111011011000101000010011000010110011000
0011110101010110110100011111001001101101110100001000101110101001
1001111000011000011011011101100000110100010111001101101011010010
1000101101100100000000110101011000010100000101001010111101110001
0110111001000000111001110000010001110110001001100000101000000100
1010100101101011110101111101010101111100100110010101011010100101
1011010111011101101101110010000111111001110001011000010000000011
0101010111111100000011001100001100110001110010110111100001010110
1110001101001100001011110011010101010001100011101110010110110101
0110111010000111011010111110111010011100101010001111111000010011
1001011111111001101000010110111010001101110100011101011001011000
0011110110000000011000111011110100010101001110000011001011000000
0100001001100110000010110011101110000110000000010101101001111101
0111011000100010000100000101101001000011100000001000011100011010
0011111101110001011100010001110000101100111110110011101100110000
0000000010000100001010100001001000000010000011101010011001001000
0100100101000110000110101110011101101100111110101101100000100101
0001111011000000110101011111110111010000111100001000100100101111
1011000110011000100001111000001100010001110110111101100001011110
1100110011011100101001111100100100010100100110000101000001101011
1010100010000111111111100100110011101110000001111011101110100111
1000000111110000101010000110011111000100101101101001101001010100
1111110111100011110001111010011110111111110110100111011110001101
1010101100001111111000110100001010011010000100110101100100101000
0011011111000111011011111001101010101011010100110101011110001010
1100111100111100111011001111001110100110101100001101001111100001
1101001111011011000010100010011101111100101110001101100011010011
0100000101000100001100111101100100111101001100010011101100101000
0101100010000111110110100110101100100110110111110101010010010010
0001011000100000100101111000001000011101101000110011010000011010
0010101010010110101101000101101001110110000010111011101010010100
0001101100010011001001000001000110000111000010010001101100110110
1100011011101101101001001001011010101101110001010010011101000000
0011101011110101110001001111101101010111000111010010010010110000
1101011100110010111100010001111011001100100100010010001001011011
1000101001101110111110110110010011110010001010110000100010001011
0011000011100110000101100000110001001010111111001101101110000100
0101111010000001010010001100101100110001101111011001110011010010
1100101000100100011000011101111010011110110110011010110101000101
0101011111100110101111001010110011111011111000001011111011110101
1000100010010000011100111000111101010111100001101101101010010110
0111101001111011111101000111010110000001101110000110010110010101
1011110000011000011011111100111010101100001110011010101001110100
0111000001011110000110111000110000010110000011000100100011000100
