0011001101011011001101011000110111101000101001110011111000000000
0111100111010100111001111111110100001010010101110101110101000100
1011101111010111101110100001000000011110110110111010110000010001
0110010011110110010001111110011100001100001010110011111100001011
0010011111011101000010001101010100111000111100011101010011010000
1101001000010100000111111001001001110011011001000111101001000000
1111011101101100011010111111110100000010000111000011100110011001
1001001111110000101011111101001011010101001011011110000100001000
1111101111000110110000000100011110011100010101110001100100111100
0011011011101110101110101111000100010001100100110011111001010110
1101100100011111101101011000010011000011111000100111010010111001
0110110110110111000001101010010010100111101111011100000110110010
0011101010011001101010001010011101101000111000101110001100011001
1100100000000010100001111001010100110101000011100000011001001101
1010100110010111110001101000100000101010010010111011001101011001
1010111011101101111011101100101000010011110001101010000101110101
1101100101000000110101001101110001111011010001100000111100110000
0100001100011011001011101100111100011101010110110100011101010001
1000100000100110101100010110010101100101000100100001100001111011
1100111100111011110010010101001111000010000011111111111000111000
0110101111000011000001010101000011101010000111010011100110010111
1101110000011110010000000001000001011011110100000001111001101111
0110011000000110110001011000011100110111000001111101110110100111
0011101100001100110100111101001010000010111010010111110011110100
0100100111011100100110101001001101101101011100011011100111110111
1100100011000000100111101100101110110100011000000011101101001100
1010110100101110001101010010101010001001110100110001001010100111
1100010001101100101000110001001111110100101101001111001011000001
1110100110011100110111011010010101100000110001001011011010000101
0010001010100011100110011001101000111011100001001010100111100011
1000000011100001001001110001100001110001010000111111011010100110
0100011010110100011001101101110000110011110011101010100010111110
0100100000101100011101001011100010101001011000111010111101101001
1000101011100110001010111101011100100000001110000110101110000000
0000111110101001101000011000000101001001001101111000000001011110
0111111000000100010010001010110001010010110100100001110100110001
1100001101000101011101010100111000101101110100101100000011110101
1011100010110111010110100001100101111010000000110101001000011111
0011101000010100010010011011001100000001111000010111011100110001
0100101101110110101110001011111101100001101011000001100000001011
0010101100001111001001001100100111000111001100010000010000010110
0100110000110101100100111011000101011000001100000000111111100010
1111111111100001000100001011010011101010111100010011111000010000
0011001101110110001100100011010011000010101001110101110111000001
0110110000110010111001001110011010110001000100010000100111000111
0101000000000010011010000011110111101111000100011011100001000000
0110111110111101111000001001011101101010000001001011101010001011
1111111100101101111010110101001010011011000010100100010110100001
0011101110011001000110110001101111001110000000001011010011000101
1100110000100111101110101010000101110010000101111110011110011111
1101001100001101110111110011100100010111001110001000001010110101
0100011101011110000000000100100000011011110101010011000111011111
0111111100001100101010100011110001101110101010001100010100000000
1100000101010111100001101100000110010011110100010011100101000110
0100011110000010100111100101101110001000111111000111111010100100
1110101011101001000111000000101110011101011011111100100100110000
1111100010000001001111010110110110000011011101000000110110110111
1111001110100011011001110010010001100010001010011111000100011010
0001100001110011111101000001110001011000100000001100100011101101
1011110111011010100101011000101011001101100010010011000001010001
0100111000100101110111110111110010010101010100110110000100000100
0000101100011111110011001010101100010101000111101011010110100000
0000101101010110000011110101100010000011111110101110101010100111
0001000110111110100101100011100101100110001011111101111000011000
1111110100101011001001000010011110100001001101011111111011110101
0110010100011110001010001010010011110011111010100100010111011000
1011100100111011001110100100010010100101101110100100101110100010
0100011100001010101100011001110110111110100101101101011111110000
1100111100101100011110000010000001000111000011001001110110010011
0001011001100101100010010010100001101000001010011100000001001011
0001010010011101001010000101101001100100100100110001000101011000
1011010101000101010010100111111011111000100110010100101110001110
1101001011111100100010011110000110100110010011010100100111101000
0000110110100101011010001110011001101000011110011110000101110000
0101111010001111110111000111110111011101101001100110100100111101
1001100110011011001000011100111100011110110001101101001100011010
1000011111111101000111111111011011011100010011100100000010111001
0110110010111010101011000011100010011000111001011110000110110101
0001010101001001010110110100011111000101000010001111111101000110
0010010011100111100100101101001111000100110010100100100101010010
0001011011000000111110001101010110011110011011010011011111111001
1011010111100010100101110101111010011101010011011001110111111100
0110110100101101101101010011000011000011010010010101011000111100
1001101011000011101111101011000010100000101101110010001011010110
1001010101111011001100011001011010010110110011010001000100101000
1011000111111010000101101100110011011101110101110000101000011101
1110000011010111111011111001000010101010001011110110110011111110
1000111110011001111010101001110101000100011101001001010101001010
1101111100110001000111111111111000110110010010101101000010100111
0100100111111001101101000001110100100011001001001101001101001010
1100110101110101011011101001111101011010110110000101101001010010
1010101000110010101011010011010100100001110000111111111001011110
1101110100110111011000111011010011101000000101010000111110110000
0001101110001101011101100011110011001111001110000100001101100010
0000110110101111011010011101110010101100000110010110111100011110
1010010101110111001011010101000011110001011011000011100011011000
1100000110001001100110100111101110001001101010011010010001001110
0001100010011111001000101001000010011111100110001111100110000011
1001101100100110100111011110011100110110010010100110100011101010
0111010101111000110010011000110010011001111001010010111110110100
0100101010100111110101011111100011101010001000111011010100011000
1011100100010110110101011000101111111110110001000101010010001100
0010110111110001000110010000101100001101110000001001000011000100
0101100111100101110110111010100110001111001001000010001100000010
1100111000100100111010001001010000111100001011010110100001010000
0011011010101100011110001010101011000110100010101011001011010000
1110001100100001100101001110000001100001111000000001000010011100
0001101000010111001011110011000100011011011011010110001111011101
1000110000010011101000100111111001110001010111110110011001000000
0111101011101001110010111110111011011101111000010010101001011100
1001100111110111001000110101111101101011011100010011010110000010
1100101100111011000011100110101101100100100101101110100001111010
1111110000000100011101000101110000111000000010100101111100001000
1001111101001001001000010100001001100000111001011011101011011001
0001000111011000011110000000000110001010101010110011001101000100
1111010011010101010100111011010110001101100000011001110011000111
1010001010101010010001010000110111111011111011000011001111001000
1101111111101000011110001001101010011110101111100011111001010011
0011111110100000110001011000010000110000100011100100110000001011
0111100000100011100011110010111111101001000100000010111101101110
1100110101010100011111011100101101011100101111011011011100011000
0011011000110110010101010100010100000111111111001101100100001011
1000111011100000001000101011011110100011111011010010110110101001
0010111000001000011111011010000011000111100010010001100000100000
1111010110011111110000011001001100001000001000110100010010100011
1011000111100011010100001111011100110110100001111010110000110001
