0101000110110100000001001000011000110111110001001011001110000101
0010000110111011111000000011010111111011001000000111100000111011
1001101011100001100100010100110110101111011111011000110110001000
1110110001111110000100100101111110000110100111110110111111111000
1000010101011100101111110001110101110001100110100001100000000000
0101001001001111010001110001010110001100100000001100101000111100
0111110010111010101011000110101001010110011011000111100111010010
1000001101000101000010000110001010000110010011010011110011010001
0101110001010000010000101000001101100111001011100001111101110001
0001011110010100100010101110101000010101010000110001100111101111
1000001100011110011101011110001100111010000100110011011000001111
1101100100101001101000101011010100100010000011011111100010011111
1010100101110011110000000100001100011000101111011111001000101010
1100011111011001110110110101010010011010011001110001110100010001
1000101111101110000110111110010000110100001101000011011011001110
1001101001101000011010100101010000000100010110011101100010011101
0111010010100100111011111100101011000101111011001001100101111001
1100111000101001101110100011010011111000111011011111010110001001
1000001010100111001000111001000001001111000110001010100000001101
1000000100001010010100110111000101111011100110001010001000000101
0010110010100010001111010101100000010000000111101010100010111110
0011010110000011111010101011100011111110011111011101000000000110
0111110001000011001100011100110000110011001101110100000101111110
0111001110110111101110001101001101111011011001011101001100111100
1101011101110000110000001101101111101111001101011010111100010011
0110010100010011000001111001100001001011100000100001010000011111
1001111001001101000001000011011101000011111001110110101111100011
0110100001100101001100111000101110001111001110010110100010001000
0001001111100010101101011111100100101001101101001011111111010110
0110001001001100010111101100010011100101011100000011011110010100
0001101100001101110000100001110110100110010101010010110111101010
0010001000101001001100010110000100110010001110001110001000100011
1110110110010010110011000010110000001000111110100110111101101101
1001001001101110001011110001010000100011010001000000010010100111
0001010111011100111000101100010000011010010110100011101100011011
0111111000000101100111000010110110101110100001000111111100001111
0110000010010011010010010010110101011110101100000110111110000001
1010100100010001010000001000101100001001110101011110000100101110
1011110110011001110111101110011111101111110001101100011111000000
1100110011111110111011101110111011010010111001000111110111000001
1001111100000010100101001001010010100001011001011001000010111000
0100000010110100001111110100011101100101111101111000010100100110
1111111000011011000000010111010100101100001101110001011101000010
1000010000010010001111110001100100101110001001101000101101110000
0000000001000101001101011001010000000001011110101101101111101100
0011001110101000011011111111011001101010101001010100100111010011
1100101100011000101001011000000111110000100100100100111001111010
1001001111011100000101001011101011001011101101100001100011001000
1001101111001101011010000101111111101100111110011100100101000010
1101000110000001101001110011011011000101100001111110111010010010
0001100000110110001110001000101010110011011011011001011000101000
0101100010010010111100100101100111011101101011011000001001110000
1011111111100100111010010010001100010111110100011111001000110010
0000110010001100101001001101111110101010001001110010110110111110
1010000010111010000101101001011110101011011001111001110101011001
1010011011101110101011110000001101110000001000100100000101011111
1011001001010100001111011100010010110000010001010001010011000110
0111110011010100001100100111010011101001011010110010100010111101
1001001011111101011111110110111011011100010000100010010011110100
1100111110011100000010001001111110010110011011011110101110001001
0000010001011001001101000011101111101010100110100011110111111011
1101100011110001101010010100111000000011110010011100001011100100
0100010101010110100111111110001100111110010010001001001100010000
0110100011100100000101110110101101101111100000101101011001110010
1000000001100000011100110011011001110110011110010001100001100110
1011000001101001111000100010100101100100101010110000001100110100
1001110111111001010100111110101010010000110100111011111100011010
1101000011010100000010001101000010111001000111001101101101011110
0100100000100101110000100001010001111111000000110111110000000001
0001011110010010111010010111001010101000011111100010010100101101
0101001001110111100001000011011011101011010110100111000111101110
1110000011101010100001011001111100100010010011101101011000101010
1011010000100000011111100011001100000110100010101110010110100100
1011010001001100000000100011101011111001101111101001000111111011
0011111010110010000001111001111101001110100010010001110010100010
0000110100000101011001000111000110110001111101110001110100001110
0011000110101101000110000000100000011001001001111011111111100111
0010010010111010111100010110101110111101101001000100001101110010
0001100101101110111100100000001110001001010100100111111100101001
0010011001110000101101010110001101101100010010011111010110000000
1111000101100111111001000100101010011110110000100001011111010101
1011000010101110011010101011100011010011100010100000011001010111
1111100001100001010000011010110010011000001010101101101010011101
1110011000100110101100011010100111101110010101011111111010110000
0011011001001011110000001001010001001010111111100111101111011110
0111011111101001001001100110000100010000010100111100000011001010
0111011001100010100110100110001111110010111011011010100110111011
1000001000100000010001110011001010111110111100101001111101100100
1010101000101111111111111111001010010011011100110100010001101011
1100010001100100010111011011101010011011111110100001001000100101
1011111111111011010010010011011101010010001110110111000100101011
0111110010011000011001001100101010001101000010011110111010110110
0010010111010101000110001010100000101011000110100100110011111100
1011001011011101000010010110010000001001000001001001101001110101
