0001001111101110111101010101100000100000111110010011000111000110
1111010111011000111110100101010010011011111001100010110000101101
1110100110101110101000011101111010011111010101100010111111000111
1011100000100011100010000101000101110111001110100011111111001011
1100000101101110111100101100010110001000001111011011111001010000
0011011000011011110000111101001110100111110101111110001110100100
0010110001110100111001100100111010101000110010100001100000000011
1110100000101010010110101000100111110111111001010011001010010101
1100110110000000110101111000101110110010001111111111001100000000
1110000111000111111111010111010001011111110000101110001010001000
0000100000010011100010011010110100000011110000111001001010010110
1011110101111010011100000111000000100010110010000001111001101111
0000000100100010010100011010111100000001001111000000011110110001
0111010101110001010110110011011110000011001100001000110001101001
0100111000101010001110001011000111100011101010011110000110011111
1011110010001101110001100100101110100111110100100000110000111011
1000011111011111000011001011101100001110000010000100110111000001
0001110001011010100101100011010100000110110100011110100010100010
0001001110111010100000110010101101101110010001111010100010010001
0010110001011011011111011100001111111010001110011010111010010111
1101111010010100011100100100101101111000011000000000111101011100
0001001000000100011101111100010000000000100011101011001101101010
0001001101101101000100110010011010000110001111010111011110000111
0100001111011010001100001011110001000001111111000011111111000101
0000101111011111110110101111000011111000110000010100101101100000
0100011010001110101110100100100111000110000110001010011111010111
1011101000101110010110111010010000000000100011111010001111100011
0000101011011100111011000101001110010100111001110110110011000011
0001001110111011100000011111010100011110001110010111101101111011
0011110101000011000001000101001100010001100110000101111001000010
1001111011100000011010100011101110001001000001000010110100111001
0011100111100111101011101000110101101100010010010111101011101000
0000111101110110101000111000110111001011001111110111010000010010
0011111001001010101010111010111000000111010111111001001111100111
0101010110011000111000101011001111011000111000011000110101110011
0000010110111110010011010011000011111001101111111100100101000000
1001110000001101111101010001011000001111010111101101011000101001
1111110011110101000010101011000101111010110111010110011001001110
0001010001001111010111101101011001110101100110110001100101110001
1001010111001110101011111111101101010010100101111010110000001101
1111010001100000010110100001001001011001101100000101111001110011
1101011100000111101000001001110101100110010000010000111100001010
1001011001001110110011000010000100001101000001000110100000111101
0101111111111011001100110100101000100011011000001001000100100011
0100000000111010001010001010010101110101100000110000101001100111
1111001100110100011001110110101101011011110101001100100010011011
1110011011001010001011100110100001000100110110000111001111111111
0100110111001010010110100010011001001110011101111110010000000101
1100001101110110000111000000110000010110010100100010110101100000
0001101011100100001011110011100011011110100110010101001101001001
0101110111010111110010010000010011011000001001100110111100001100
1100001001110111000110010111001000001111001011001111011110010010
1011011001110011110111001110101101001001111110001100111110011100
1100110000111010111111110110111100010110011100101010010110110011
0110000100101101110010110110110101011010011001011001001100011101
1000110000100111001110111101001100100010000100110011110000010111
1100001110010101011101001010100011010100011010011001001001101100
0001010110111000110001111001101100110011001000101111100011011100
0111100110010101000110111001100001100111100000001001011010101000
0101110100101011111010011000011100101010011011110101010110001100
1011110011000010000110010000101011100010111000010111110111000100
0101010000111100101000010111100001101010011010111001011011011100
0010101011110000110100011011000010110111001101011011111111010010
0001001001101010101111110001010111101000011110000000100100000110
1111010111101011101000010000100011011100111000110010001010001110
0011000001101100011111101110101111001001000011101010111011011100
0110101101110101010001101101010001100000101010000101010010001000
0010100011100100001001111110001001101001100000001010100001011100
0001010100010000000111101100110001101010010011110111111111101101
1001101101011011010011010110111010111010111100010000101111001001
0001010110011011110100100001110111111110111101110101111100100011
0110010011011101110001011100000110010101111111000010010011110010
0101000001011100101100100000111111010000111100001001011010100110
0010000111001101000110011110111000101110001000001111110011010011
1101010000011010111110010110001011010101111001110011001000110111
0001010001110011110011111110101111100001100100100111000100110010
1000010100110001001110000001111010110101110010101101111110111111
0100001001100101110001100001010011100001010110111011001101011111
1111111101101000010110010100100000101000001001011001001111110101
1010000010100110011011011011000101000110010000111011001110100010
1100101011101010101010010101010010100101101001101101010011010000
0110111101010000111101001100111101110100001111100100011100000111
0001100011101100100000100011101000000111010101001111110000010010
0010010110100101101001001011011111110010001111100110111100100100
0100011111101110010011000101111011100011110001010111100111000110
1000011000000111100011111110110001011010011001000011001110110101
0010010000101100000010111000101000101001000000110011110001110001
0001100011001011001100001100100110011110010010111011000101111111
0100010100011100010010100000111011110010100000011000111101101111
0011001110100101111111100001000001110100100011001000001101000000
1011111000000111111000011101101101101010101000011100110100001111
0000010100010011000000001000100101001001100000011001100100001100
1100001101111010011111011100100011000001101100111101111110011010
0011001111111010000100001011100101111010010010111111110101011011
1100110011010111100011001011011010001111110101000010111001110001
1101000100010000100001010100011101000010101100010101100101100100
1010111111110100111001100110111100000001010001101111000001000100
0011111100111000110000000100001101101111001111101101011011010100
0110010110101010110101000001001011110000101111100011111101001101
0110110011111110100010001110010000101010000101011101010011100000
1101000011101100010001011111111010000100011010000010110110000000
1101110111111000011101110100000010101011100000101111010100010001
0001110000000011100000101101010110101001110100101011010010010000
1100110110101101011100101001110101011101001101001110011111011010
0111001001001011100011110010000000101010110001011001110111000110
1011010100011000011011011001011011110001111011111011011011100100
1010001001110110111001101000101010011010110110000100001111001001
1101110111011010111110000011010000110111010100000110101101001000
0101010011111111111000101100101000000011111101111000001111100011
0110111111101100010101101000101101110101010100010011001101101001
1101111001100111100011011001011100100110111010001010100110110100
1000010100101000110100111100101000111101101000100100000000110111
1110010000100100001100001011011011000110000000101000101000011000
0000001010001010110100111101011000000011100001001011101010010111
0000011111000000000001110000110001110001101010101010010001011101
1001111100100011010010001111000100101000100001000110001010011000
1010111110110111110110001100110110011011101100100100000101100101
0100011001010111101000111101000000000000101100011011001110010101
1000100010000011000010011001100111100000111010000010111011011011
0000000001001010110111001111111001011001110001010100110010110100
1011000001000000101000000110010100000110111011111110110110001011
1100110000101100110111101101000101100111111111001011011000000101
0100001110101001100101011101000101101111101110111101111011110000
0000111111110011000001100100100011110110010010111000011000011011
1110010001101111101111101010111000001111101100110010111000111110
1111101100110011110011010110001001000000000101000100111110100000
1101001010011011101110100011001010010010110100100101111110111100
0111111001111100010101000100000011001110100101100100100101100101
0000010010101011101010110000100000001100010111101000111101000101
0101000011101111000111000001011000100111111011000001100001000010
1101110111010111000011001001100001011110100000000110000111011011
1011111011110010111001100010110000000111001001010100100001001000
0011011011100100100100010000110101101100011100000100001101000110
0011100010000111010100011110000100000011100101001100010100101000
1110111100011000001001000010000011100110101110011101110110110111
1111101000100110001100110101110111011101010011011111000101000101
0010000010010100100010010110011100100001101001001100010000001000
0011001000101100001111110100101000111001011110011110101111010110
0110110010100001011010110001000100010000100010101010001101111100
1010111001001010101111001001011110110011001010010001000111000110
1111011000001101011100101011100000001001111000110110001100010101
1101010010000010111101000000011110000000001100001000101110001100
1011100100001011010101011110000111101010111000111001110001111010
0110001001010001000111010111110010010110010111001101010010100111
0101000110011000110110100001111100011001010100010101100111110101
0101011111011111011111100110100010010001111111101100011100101011
