1001001100101000100110000000111111100101000111011111100110000100
0000001110000101101110000001001110011101111110111010011100101100
0010110100011011111001101000001100101110101111110010001111111010
1011001010100111111011110001100001100010000100011001001000101110
0001000011001110001000100011111011000100001001111000011000011011
0101110110111011111011100111011010010011110010011001100001010101
0110111101111110111110111011011100101110111011000010100100001001
0010001010000000111111011011000100010011101110110101101010001000
1101000011010100000100110100110011000001100000011110111001100101
0011111101011001110010000101101100101010000001000011101011010101
1110110011000100101111001100110010010000100101011110101101110000
1110000001111111111011111111100010010000001110101010111011010111
1001101001100001001111110111101100110100111010101000110110110100
1110101111011100100001110111110110011101100010001110000100110101
0011101000010010010110000111000111101101010111100111000010011000
1001101110101101111100000010001010100011101101111110000011110011
1100010100011111110100011010111001010001000100010101110000000111
0110111011110111100100011001001111111101101101010000010000000001
0110101010001001101111011010011111010100110011101001101010000100
1000110100011101000111110011011000111000110001101011111101010010
0010000101011011110100001000010101101001111011100101111001110101
0001101011001001001001000101011000101000100110000100111111010100
0001001100001101111111101011010100011111010100001001001001110001
0111011000110011101100110000110011100101111101010000011000110011
0100111011110101100111111110100100101111101101111001101001010011
1100111100101101111110010100001000010100011101101101111011111100
0110110110101011111001010000101010010011101110100011011011001110
0110101000110110100100111110011101011010100001001000011010001001
0010100110011001011111000100010011011000001100101010111110101111
0110000000110000001100111010111000000101010001010000101101101000
1000011111100110011001110100111000001110001010111101111011101111
0100011000101101000010101111010001010000101001111000111110001100
1110001011010111101010101011101100100111001111101000100110000000
0101001100011000101010011010001111110000001100010110000110010010
0100101111001100010111000011100110010110000100000100101000100010
1000000100111011010010001100011000011100000001001010011001001101
1110000011101111110100000101101001011011111000001110101110100011
1110000011101010000111101100100110001101010100011001011110001110
1110101100110111001101101101001010101111000110100011010010100100
1000011001111001110101011010001101000010000111111101110010011010
0110010001101010000110001000110001110011101011001010110000100111
1010111111011000111001001100010000001000110010111010000100111111
1110110111101111001011111010011011110011100011110001001001101001
1100110110011001110000000011101100100011000110010001010001011000
1101001111101111000111000011001110001111111111101010110111101010
1011100100001110010000100011000000100011010100111000001111101101
0000111010010100000011111100110110011000101111000101101101111101
0100000100011101000101011111010011100000101001001010111111100011
1000000101001001100100000111000100000100000101010101011100110000
0100000110001110111011110000010101100100100011011111101111101010
0101110111111101000101000101000000001000110100110010010000101011
0001001111110111000100010010010010110011101110001110110100000010
0000101000010110110011000111110001010000101111000001010110110101
0000000011011001111010110101010000110010100100110101000010110001
0110111010010000011010111110100110010000110111110100111110011110
0110101110010010101110001011101100001010111111110000111001001101
1110111110100100000011001101110011010101111110001100010000110010
0101000001010100011101101011011110100111101101011000001000001111
1010101010110011111011110100001010011011101000001001010000100000
1100100010101101101110101101101010001110001101010110001100110101
1010100110110011100001110011100001110010100000100100000110100001
1110000011000111000100000110101001100100111001100111011000101001
0100010110010001110000000010000111101110000000011010001101011111
0100011101100100011100101011101010000000101110110101101000001100
0101100110010101000011000101000110011000010011011111010110000000
1000010100000101011101100101010110111000011110001111111110101000
0100011100100001111101011101010000000011001110100000111001000001
0111110000000111011010001001001110110111111100101010000111001111
0001111010110011011001001001000010110110100111101111010010110101
0111010011001011110001010101011100110100110001000101100011111110
0100100000000001011001001001101101010010000111000100001101100101
0000011011001011000001010110010010110110011101010010110110101110
1111101001010101110110001000100001111000000101001001101101010001
1101011111010001110111001111110101101011111000110001001010111111
0100100011011000011010000111100110010001000110011111101001101000
0110011000111010000110101000011100001011100110100110011001111111
0001110100000011111000110011001101110010100101111111001110011001
1001100100111001101100001111011110101001011110000100010110001000
0011111011110001010010010000011101101011011001110110110011011100
1011000100001001101010011101111010101110101101101001011111010000
0010001001111101010111111001100000110111111001101111100001111000
1000101000101011111111010011110110000011011100011001111110011100
1101100000111011001100000011111110010000001100001010101011100010
1000111101000110100101000011101111001000100000110101101101110000
0110110110110000101011111001000111110011101001110010000001010000
0111100110010110101010011100111010001011000001001001101101101110
0001110110111100111110110011110111111110100110000011001101100100
0001110101000010100100111100010011010110101000001000101111100010
0000100101001101100000101100000010100100000110111000110101100101
1001110110100011001101110110101101010001111001111001111101001110
1110011010111100010010001100100110011100001111001111110101101100
1011001111001010101110000000000101111000001110110010101100011010
1000101110001000011001001100000010001110001011101001100101001101
1000011000101101001111001011001101011000110011111000011001111100
0110000100100010010111000101011110100000101101010110011011100111
1101011110110110111001011110010101110110001001000011010011001010
1011101010100010111001011011111011100101111100110111010010001100
1100011011110100001001110011100001001001111110111001100000101010
0101001101000110100111100011000100100011010000011000111110100100
1000011011110110001101001010110000111111011001110001000101011110
0010101110100000100111110010110110101000010101001011001110101110
0110111101111011111001101111100011010001100100000100010111000110
0111010000101000100011010110010011100001000100000011011000110101
0100100011111001001001011100100111010001010000010100011101001010
0001010010100101011010111111101001101101000100000001110011110110
1101010000101100111000110001111010111010110010110101101001001000
1011011111110000000101001000001001000010001001101000010100000100
0110110000011101100000010111000011011111010001111000001001000011
1100001110101000000101011011100110111001000111001101001111001010
0001000001100001100001110000110000010001001010001010010101001100
1000011001011101011101111011111110011001101100000011100010111000
1111100100101001110111100011001100111011101111111010000110010001
0010010010000010001110100101100000110110110100100010001101110101
1111110100110100111010011011011110011000010011011100111010000010
0011110001101010110000011100101010001000111000110001001011101101
1000111011000001001010001001010001001110010100001011110010111001
1001101111101111100110101001011000010000011010011010001010110000
0111011001011100101010011001110010001111011011000110011011110001
1101100100100100101001011011111011011000100001001100110011000000
1001111101000010111101111100000011111010000011101000001001001111
1110100000011010100101100101111100001010010010100110001110101011
1101100101100011000100010011000000000001110110000101100111110101
1111100000101011100111001010100111110111111010101011110110011011
0101101101011011110001010100110010110001101010000010110011100000
1011001110111100001010100000111111100010001100100010100101001100
1001001001110000101111000010010011111110000011110011000001111111
0010101010101110010011011010011111110101111111101001000111000000
1101001000101101010100110010100000111100111111011100101010000100
1111001101010001000011000100010011010001010110011110111110010010
0110110000000010111100101011110100101001111010111010010111100111
0001100000101111111010001110000111010010001111110010110010001000
0011100000101011011011111111101110001000011000101001001100100110
0001101111011101111101110010101011001100010110101000001000110010
0111101001011101000011000011011001111111001111010110011011001111
0110010111111010101110111011101010100111111010010101000101011001
0111110000000101011100000000001110000100011110000011111111010111
