1011000101100000111101000100001110011111010101101010111011110011
0011111001000000100110011011010010000101101001010101110011101110
1000110101110111101111010010011011110111000010010111110110001011
1010101010110011100011100100010001000010101011111001101000010101
1010101100000111101111010011011000011101001001010011110101000011
0011010011011000010010000001110001000001101010010000000011111011
1000010111011111101100000101110111101011111101100011101001100110
1100000000001011010001001011010010010000011000001010100110110111
0000110101111100110010111111010011001011000101010010111001101111
1000101100000011010011001100001110001101000011111101110101000110
1011001010010111000000100101000001100000011011110000111111001010
1000001001101000001111101111011010100100001011010000110101101010
0001010111111110110111001000111100100001101100010111100111100110
1010111101110110010000111001001001100101110001010011001101001011
1100111111011100100011110110000011110010011001100010110011011001
0101110101011101000110110011100111111111000111110111110101101101
1111010000110010010110001111110000110100000001010011110011111111
0100010110100010001000100000000011110010011110110110011111101001
1000110100101100101010011010100110001000101100010001111111100000
1111011000010111010101011111110001000101010011111101011110101110
0101001010011101011101101100101000110100110011100001010110001111
1000011011101111010011000001001110111000010001101011011011100110
1100001000101111110000100100110000010001000111000011010010011000
1100111000010010110101000100011010100100010011101000111000111101
0011000001010111000101110110010001101010010011110001010011100111
0000101110000010001111111001011110001101000010111000111011010001
0001000010011100010011010101111111110010111100001110100100001101
0101000100110101101000100001101110010011101010110100010000011010
1010011111010011111011000001011000001100100011110101101111011000
1010011001011011101110110000110000100001110100010010010000000001
0101001000111111001111110011011111011000101101101011011001101111
0110001110011110001100101111011011100111110000010100111101010001
1001000010110010101001000000101001100001100101111101111101001010
1101001001110011110010001110110100010000100001100100111011101000
1000010011110010010001100001111011101101100010100101110100110011
1101001110010100001001101001110101001111000110101011100000110011
0011010011110011011000110101111101110100000000010110011110110110
1101010111010011110001000001001010111100101100010010010000100001
0001011100001101100000100010000101001011010000011001001011110110
0100110110101001011110011101101101100101001011000110001100000000
1010001111111011000001100011001000100000111101111011110011001110
0110110010001101100011100010011110110001110001111111000111101000
0000000101010000011111101110101011100011001001001110010010101001
1110111111110100100010001100000100101011100111111101011100111101
0111011001111010101010000110111000000101010011101011010111100000
0110100011110110010111010100010111010101100110001110101001001000
1000101110100110000001101101000010100011000101101110010101010001
1100111001000101001111010011101000001101000001000010000101000110
1011010011111011000000011000110010010101010000011011000000000010
1111110011000111001100001101110111110010000100110101011011011000
1111101110111101000110110111000110011111001110000000000101000101
1000111001011010110010001010011010111100001100100000011101001101
1011111111101111100101110011100001110000111101010010101000111101
1011000101101001101010001011111001001001111001010100101001101010
1000110011010001100110010010100101101100001110001101110010110100
0011010001101100010110110000111001110001010000010010111111100101
0100000010011011110001110101101000110011011111100001110110101101
1111111111110100101101110110001011000111011000000000001111001010
1010101010000001001111111000111000111111110010011110000000001100
1110000100110001011010001100011101100111111001000110111110011100
0010101001101010000011101001111101110001110001111011001101010101
0000000010010010011000010101100100010001001101001110011100100000
0110000111111000100101111000110011011100110100010100011000111100
1001100101000010110011001111111000011110100101011001100100000000
1001000110010100000110101100100111000001011100010110000100110110
1001110101010111101110000101111000010001010010001110000011111110
1101101100100100000101100010111101010111101111000011100100101010
1100001111101110001111111000110000011111000100000110001101010101
1010101011001110101110011011001011101000101000011010001110101100
1110011101000011101011001000001000010011000101100010111000110001
1101000110000111010001110100110111010010010110110011010000101100
0110000110110000100000101110111100110000001110101011010000001011
0000100100110111100011111100100100110110001101010111001001000001
0001100001110001011111101000111110011101001100111100110100001111
1101111011000000101101101010110100111110100111001000000010001111
0011001111010010110000001011100101010010000110101101011000101100
0111101000001001000011001010110111100000000101001010111011100010
1011010000010110001000001001111011001011110001000010100000111111
1110011111101000101011011011011011000101001011100000101111000000
1011000101100000110110011100011100001110010010011111110011101110
1010101010001101010110000101110100101110100001001010101000000011
0101011100011000110011010110101000111010100111100001011110101000
1111010101101010100100010000110000000001001000001010000111111011
0100101000110011101001001101011011011001110011100100111110000101
1111101100101010110101000011000001000100011001110001001001100111
0111010000111010111100000000011001000110100110001011101101001010
1001010100111011010010101010100111110111101101000100001011100111
0001111001111101100010110111100000001110111010000011011111010001
1110111001111101011001010011111110101010011101000110110101110101
1111010110110001000001001010011111100011000011010100000001001100
1100011111011011110101111001011111000110101000001000100001001111
1001111001000111000010011001000101101000000000101111111101101011
1001011110011111100011101110100000001011011111100010001011111000
1110110010110100100110111111011111000101000011001101100110101101
0101111001011101010011010101000011000110001000100101111100001000
0000111010101101011001100010111101000100010010101110010010011001
1111011010101110011101011010100111110011001101001000010101100010
0101001010000110001111001001101111100111011010101010010000010111
0000111011101111100100101101101010101111100001011100010101101111
1011000001101001111001100010110001010010011100010101001110110111
1001001111101000010110110111100000101011100001111101000000111101
1011110100000000111100111111100000001110101010110000010111101111
0100111000111001011011110100111001000011001010001110010101110000
1000101000111000100010000000101111111011010101110000111110110010
0101101110111101011100000010100100011010000011001010011011001000
1010011100100110011101100000000101011101001000111000110010011101
1011100100111111101011100101110000010010111110101010001110101110
1001011111111111010101100010111010001010110110101000000101011001
0101010000100010110111101011110010111001100010110111000111000000
1000010010000000100010010111111111110011010111001111000011110111
1011010110100101000111000011010111011000100011001111000111001110
0111111000100101010011000000111001100011100001001100101001101110
0001011101110110100000111010100100001010111100000100010001101111
0111101110001001101011000010101011100111111000011001010110100100
1101010001100001000001000001111001111010010011101100100010100100
1010001100001101011001001111001111100111110101110111101110111100
1101000100110001100010011001100000010011000111111110100010000100
