0001101000110000111100111101110011001100010000000000010010011000
1011001011000011011100110011100011100000100100000110100001011010
0111010001110100001011110111111010010001000101100110001110010100
0001100101000111110011010101101010000111101000100000000101110100
1001011101110111101111001001001010101001010001000101110001101001
0111011101101100101110011000100101101110000010110010101001001110
1001010100011011100100000000001011101101000100111111100110100001
1011010111101000111001011010011110111100110001110011101001110110
0101000110111001001001101011000010101010010001111011111111110000
0001101011110000101110010100110111110100010101011110110111101000
1100000001100011011100100111110100011000001001100110101010010100
1001000001011111101001010000101010011010101001011100100001100011
0001010000110101010111101000110001010110011010001000000100111100
1110001101101010010110111010000110011110001001100100100010100101
1001011011111010111100101101110110000111110101110111001000100000
0100000111111100101000000101001100001111110101101011001010001001
0011000111110110001100011001010010111110101011101110010101101101
1110110010010100100011010111000000011101100010101100111111010101
1111010101100100101110011100000000000010100111000001001110110100
1010110011001110000010111000010100111011010100001011110010010111
0000011001100111010100001001011100000111110111011101010011111110
1100010010100111100110101101011111011100010011001111011010011101
1111101101101100101010101000110011010111110111101100001011100010
0011111000010110010000000010011010001110101110011000101101011110
1001101001011101000010100000000111000001100111101110010011110101
1100100101000110110111111111111100111010110010110000111001001000
0011110010110111000100001000101100100010110100000000100110110011
0000101100100111011111000000010001000100101011011000111001110010
0100111010000100100101110100001110101100010101001011101011110111
0110010000101101100100110111110101011010111101111100111001000010
0100110110110100101011011111100000101110101011101111100100101101
1011011001000010000011111100000100000001101010011101110001110101
0100000011100101111111000101011101101101110111110011100001111111
1001011110110001101101100101110110001101111011100101101100110111
1000111110000010010010101110000110010011010110111100100011011000
1110101001010010000010110000001001011000010100101100001000010110
0111100101011110000001101110010100011000000000110011111000011111
1001001010100101000110100110110011111000001111110001110001110011
0011100111000011110111111000100101010110000111011001110011110010
1000101011000000001000101010101011000011110001011110000010001001
1010001100100111110110110000111111001000000011011100010111000001
1000111000001010001111010110101000100001100101010010000101100101
0011000101100010100010111111001110100010011000000000000111010110
0001000011000101010010111010101101000101001111001011010101111001
1101011101001110001110111011011101000101111010000011110100100101
1110100011100010011011000010001001010001001000101100011110001010
1011110101111111011010111100001100100100100100110000010110111000
0000011001001111000110101000010011100111100011100110100110000111
1011100101011011100101111111110010001000010010000110011101001101
0011010100100001010001111001101100000101000110110100101101001000
0010110000010111001011110101011001001111010011010001010111010101
1010110001110101011101001000101110011011101110011010101100111000
0110000110001100111000110010111110101001100010101100001010001100
1110010100000100111001011100011111011111011111000000100001011100
1101101011000001111011011011100010011100101000011101010101001101
1010101111000101111110100001000001001100011010100100001101011111
0011101101011111111001010101101000111111000110101111101001011100
1110010011111010010000010001101011000011001110000100000011101111
1011011011010101011011000100110100000100011000110010010110110010
0001001111000110111010011100100001111101010111110101010111111011
0010011110010110110111101000001011101011111000101000001011111010
0011111011101001100001100101001011111111111010101000001001100000
1010101010001110111100111011000010101010101101000111100010101110
0011101001010000111100011110000010111110010000011101000110100101
0001001110000000111111001100001001100100010001101111110101111100
1000000100111101100011111111010000010010010011110000011010110101
1001100111100010001111111101000101001011001000100111000101000010
0111101001100110010111011110110111011101111000110000000011000011
1100001000110100011101100010001001001110011011010110101011001110
1000000110100101110011101100110001100010000011110100101101011001
0011111110111010010011111000110100000110000010011000001011000111
1100000101101100100100001111011111111110100010110001110011011100
0010010111010011110101010110101101010111111101111110100000110111
0100110011010011001110001101101111000010101010001011000001000001
0010001010101000000111010010001100011100011100111111011111011101
0011010101000001110110011100011010100101000010011000001001111100
1101010000111001011010000111011000110000101000101011111010111111
0111000110010111100100010010010111001011110111101001010110001100
1111111110100011111100010100111010111100000010011111011110001100
0010000110010011000110011011001111110100010100010111100111000011
0010110110101010110110111001111101100110011101110101000110010001
1101010100101010100100101111100101100011001110001101110011010010
1010111110011011011110010011110101101101100010000110100100001100
1110011000000101111101011001110010000110101011001110011100010000
1111011101011011101110000000101111100100100001010101001111111101
0110110101110011101100101000100101110101101010111111100101110110
0100100111000011001010101001100011000100110101001100101110010000
1010010011001001110000111000001110011010101001001110111111000111
1110101011011001110000111011111101010000100111000011100000101011
1100101010110111111001000001101000110010110011010011000010010001
0010010101000110011010111011000101100000101101011011000001110100
1011001001011001110011101001101100001011110101011001000111001111
0010001111000111110100100100111110111110101011111011111101100110
0001101111000101000111010101110100000010011001001000100010001110
0000110101111110100010110011110000110000101110111111100010010110
1111011001000110011110101011100011110100001010001001111010111011
1100100100111111000000000001100111010001010111101100011101001111
0100111011001001101011101010011100110100100111111100110010001101
0111111001110010010010100000010001110101111100010011101010101111
0101001010010001010101110010001011101010111101100000010110000100
1101000000001110101100001000101101101110100111110111110100111010
0010111100100011011101110000111010101001111001110101110110010011
1000100000101010111101100011011110001101111001000100101011011010
1101010011101000010101101001000011100001010011000111111010000101
0011000010011110000000000101011101100010000110000111111101000010
1100010010010111100100101100001001010101001011011001001111010001
1101000011110101101110101000100100001110000011100010111001100111
1010111001110110010001010110001010110101001100111010110000010001
1111111010000110100011001101100110111010110000110000100101011011
0010110100011010010110001000100111011110101011111001101011001110
0100111000000110011000001010101101111000101000100110001001001100
0110100011010001011110101101011011010010100111101110011010001000
0011010010100011111101101110010111010000010101000111011010110101
1011101110101001111110001000111011010001100100111111010001101110
1100001100001100100011001111000010101001010011010100101000001000
1111111101001011110011110100011001011000000011001000001000110110
1100001111111010101011011101010010101100100111101110011111010011
0100000100011100000111110110111110110000000111111010000101101010
0011010101111000101111010100101001011001111101011101011100011111
0000001101011011110110000111110110111010100001111111001000110010
1101011110101001101010011011101000010110000111101011110110001011
1101100111111001111010110001000110011010101011000110110001101101
1011111110111100010111100010100100000100010010100100100001101001
0001111001110101000011010001011000101101001100111011110011110100
1111100010100101000011001111101101111100000100101110111111100000
0110010001000001100100111011000000000101010000000110110001100111
0000111101001111101000111110100111111000001010010101010111100100
1011000110010100010011001101100101100100000001011111110111000011
0010001011100011001001010000011001001111100110100011101010000011
0000001000110010100101011011110101100000111100011100000110000111
0100011100000010101011000000011001110110100010010100011111110010
0110101110000011111100010010010101111111110111001000001101000001
0011100001011110110001111100111100111001111001000011101111001110
1001111100011011000011010011110000101100011100101110000110110101
1101111110001001010101001111110000010110001101111011100100000001
0000011111011100110011111001110100111010010111010001101100110001
1011000111001100001111010011111000000101101000111001010001011110
0010100111101110000010101100011000001111100110001110011000000001
0011011111000101000011111001110111011001000100100110001101111100
0011101001110001001100000100011101110000111110011001110011001010
1110001101001100011101011101001011010011100001010111010110110110
0100000110111110000011101010000011110111001011111010110110110011
0111000001110000011101110101111101001110011101110000000010010110
1010100110111111000111011010110000011100110010100000100101010111
1111101000101111011001010100100001001010000001000011001000000111
1111010100110001001000011111110011001000111100001110011111001101
0011101101100110000100101011001001001101000101111111011100001000
1001101001010010001110111100000100110110001110001000101111001001
1100110110110010011011110011010101110110100000110010000111100110
1101100101011111001000111100100001100110001110011011011110101010
