1010001110110001110001000001001111011001000111101101111000100010
0101010011101100110110100011011100101011110100110110111011001111
1010100011111001100001100010111110011101100000001101001000011100
1010100100011000101111000101101001010100001001111100100000100010
0011101101010111110111110010011100001110000100110111111100001000
1101101111111000010001001100101110111100101001110111011100010000
0011111001101010100101110000010100100000111111011010011111011010
1110000011000111001000000001011000110011001010010000111010111110
1100001110001100010101000111100100100110101000110111010010011100
0000000011000100010100101111000110010000000000111010001001000101
0111111110001110100010010000001110000000001111000000100010010010
1110100011110111110110001110000101110010000110001001101010000010
1010111001100100110011111010001100001001111100011110000001000111
0010110011101111010001110011011111101010110110000001011110001011
1101000010110001000100111111001111110110111110001011001111100000
0111111010000011010101110000100001001000110101110101000000000000
0010111101001011010010000100100001101100001000110100010101011011
0000011011111001011011000110000110100110000100010111001000111101
0101001101000100111011110001110101110110000101011100010110100000
1000010101010000011000111100000111010000111110010111101001000011
1010011001101001101010110110110001110011110000011101001001001000
0110001110000010000010100011100111101001011001100011000111111110
1101011101010100111011111111001000010110111011010101001001010000
0011001011001100111010101111110000010011110011011110100001000110
0111101111101001000101000110111010010111001010011011011100001011
1100101100110100010101100011111000100111000110000111010000001100
1010100010001001000111110010000000000000001000111110010001100000
1010011100011111101000100011111000000111100010000101111100111111
1100101010000001011100100011000100010110101111000001011000100001
1111110100101100100010110010101010101100001110001101111101111100
1101100111010001011010001011110010111001101011000010110110010100
0101010000011001000011100001010010111011011010001111101001101101
1110100011110111101100000000011111111011010101110111011100001001
0010000101010100010010000001001101110111110000011000101111001010
0010011100100110011111101001100001000111100011000100110111110101
0111011110001001001010101101011111101111011101001111001110101000
1111001001011010000110000001000101100101110110100010000101011100
1101100110111100001101001100000110001101111001100001000100001001
1011011110011101010110111011101010110110100010101110001011001110
0111010000111100110110011010100100000011110001001100000100010001
0010110111100000101011110101011001011100001000100010100010110000
1100010000011111100110011111101000001001011000110001010010110010
1100100100101011111001010011000011100011010110010001111111011111
1011111011000010111110101101101000111101100110011100100010110101
0101110110100000110000011101111000001101110011010000010110011010
0100100001011110010100010011111100111010111000001110000111000111
0100101101001110011000011000001111011000110100110111000100111000
1010101100000010101000101101000111111111100011000000110001101010
0101111110011010011010000001000110100010111111111010000011000001
1001011011101011101100111011010100000111100110011001110110100000
1100111100111001110101101000110010100000000011101111110011110010
1010100110111100100110110111100110001100110001010111001101111000
1100011000011000011111011100111100011101100001000110000111010111
1101000101111111000100011100101111100101101010001100111000101110
1011111100100001011001110111111000001010011001100001011101100011
0000100000101110001100111111000111110111011011000010011101111100
1111111001100000111001000100001001000001011010001000001100100100
0101111001011011111111010100111011101101100100110111000101010111
0110100000111101101100001111001101111011001010110110101001001001
0010011000101111001101110110010110000000011011010010001100001010
0101000010111100111101110000100100011011011110110000101100000100
1101001001000101100111010001110011111011100110010101000100011010
1011101101001100000100100101001100001100001111101011100100111000
0001101001101011100010101011011110101010011011111111100101011011
1100010000001110001000011101100101010110011001100110110100011101
1000011100100001101100110000000100000001110011110100011100110011
1111010110111110010101010010111101001110001100000111001001001111
0111011010001000101110000000110000010010100000100011010000101001
0000010110111100100101011110000101011011000111101100111001100010
1010001000010000101110010101100001101011110001101011110100001101
1001100011100010101010100011101001111011100011100111100100011010
1100111000101011010000111001011011000000000010001111111011111100
1000100100100001101101101010011000000001111101101000010011010000
0100011010001101100111101111110010100110110101111001110101100011
0000111110101100001101100101010110101001011011001100111010000000
1011010001110011001011011110010100010110010010100110000011000101
1110010100001010100110001011011000111101101101100001000000111101
0111000000101001001100100010011110100101111101000011101000011011
1001011101110110111111111101010000011111000011100111010011000000
0111001000000011111110101101111011011110011110010100110000110001
1010000011010000111110111011100010001001100110000110101010000001
1000011001111001100001001000010111011010100011101100101010001100
0000010101101101101001100111010000001010001000010111101111010111
0001100011001001111110100010100111100100101010110111100100110101
0100101101011100101111011011110010100011110011001100100000100110
0101100011000101110101011010010100010111011101100000011101111110
0000100111010010111011110111100111101101010000101100100001101100
0110000110101110001010110000110110101000110101111100011001110000
0011001100110011010001111101101111100000100000101011110001100010
