1110001011100001101101010100111001001101110110001100110100101011
0011000000010101010011111111101000000010111101110010101101100110
1111010111100001010000101100101000001100100010011110000110100011
1000110110001111011111110011011110001001011101100100001011001001
0110101000101001001001101101101111111001110111100010010010111000
1011010100000100011110101010110010001001011001100011101101010110
0101010000000101010000101101001000111001010011010110011010101011
1011110101011100101011011100111001110010001010100101110001101000
0111101001110001000111100111100110101100000011100011000010001001
1100001001000010010100010110111100100011010010010111010011010101
0101111011101010111110001011110011000011110011111101010000110010
1101011010001001001110010000000011001000010010000001000001010011
0110000001100101110110010100110100111000011100101010000010100001
1000000110010001110110101110101100101010101011000001110110100001
0011111111100111001010111100101000100011010111110110001111110111
0011101011011011001000101101010000011010100001110010101111100011
1000110000101000010111001101000111110011110101000101101100010000
1110011101011100000101000111111100010001011110011010111001110001
1100000001111101011110100100101111010100101000101110001000100010
1011010111100110100110101001010000011000101110000000100100011110
0100000001011100100011100010111100101100011010010011010110000101
0101011000011100010100101110000101111100111100110000101010000111
1010101100101010110111111010011001000101000110111110000010100110
0110010100011001100101001011010001000110101001111110001001010101
0001110110000010111100101011101110011010111000110110010100101110
0010111000010100111111101101100011001000110001011110010110010001
0110111101101111001110100010010110101011000011001110011110011011
1100110111001111010100100010111110011011101000010101010100110111
0011000011000100010011111110011111001111011100100000000111000101
1011110100111101000001001101100000110100011110000111100111100011
1000011010001011110100000010110101111010111000000100101110110100
1100011001111110110001110110001110001001001000001010101101111011
0011000010101011011101110001100101101001001010100111110010010011
0100001010110001011101111101011100000001000111101000000100101100
1010001000011111101101001111000100011101010010011000100111001101
0011011101101101010000001111001010101100100101111001110000111011
0011111001110101000110000011100110101111011000001101110100000010
1110111010001111000011001101111010001110110100011011111110001111
1110111000000111111100100010111111001101011000110010101100101010
1110011110110101001101011011110001110101011000101111011011001110
1010100100011110100110001101111011001010000001000000010101001011
0001001011100101001000000100010100011011111111111011111000101101
1101100000100010100010110110001000110110001110100100101101111011
0000011011000000000000110101101110000001001110100101011000011101
1110101100100000110110001001011111000110101010111111000011110001
0011001001001111110000101111101001110001011000001001110010011111
0011101100110010110100111000110101001001100101010011100001001101
0011111001001000010011100100101110000001000010101011010001001100
1101001111110011010111010100100111001000000000111000010110010010
0110100001110101000000010001111011110001100001110011110010101010
1110011000011110100011001111110100000000001000010110111010000111
1001000010000011001100110000111010110000010110010111101111001001
1010000110110001110001001001110001001101011100111011011001101001
0110000110000110000101101001101111111111100011101110001011111010
0001001110011110101110010101001101000101011101000010110101011111
0101100011011101111111001000011111110101001001101111001101001010
1011100011001010001110011001111011101111001110011100001110110111
0101000001100111000000111000111010111010111100111001101110010010
1100110110011111000100010110001100100110010000101100000010101000
0111011000001101001101011010000100000101111101101111101101001101
1011100110011000111011001000011111110100110011100101111110100110
0101000011001101010101001100010011010110000001010110011101111111
1100100011100101000001110110100101010001100010011001011110111101
1111001110011101100110011110101001110100010110111110101000111110
1101010000011001011111101000101010101111101001101100011110100111
0100010111111000000001000100001001110100100111110101001100100010
0010010010111011011111111010100101011110000000100111111101000110
0110001010011000010000001011001010110010100000110110101100100001
0110111100000110111001011111111111110100110100010111110010011100
1111011111100011111000000111111001001001111111110111111000110011
1111001111111010111000111011001101110111010110110010000011111101
1110000010100011010010001100100011111101010110110000100010101010
0001011111001000111101001000001000111110100000000000001100101010
1111100001000111000110110111000001111010001101001000110100111100
0011110000110011100010010001000000011011010010001001110111101010
0111001001111010100001111101101100011010010000100000011111100000
0011000001001001111000111000101000111010111011001010000110101100
0000110111001010100111000010010001001111011001010111101101000011
0010001010101100110110101101110111000101101011111100111110010011
1001011001100110100000110000001000100010001100101110001110101110
0100110001110101000111011110001110010000110111101100100100100101
0111010010001011101100010010001000101110100011001111000011111001
0011101000101101011001011110100100111111111000110110000010111011
0110010011110100011000100001110111001100111100100110100010101100
0101010101111110011010100100001111000000100011111101100011100100
1111110001111000010111000110101000110100101101101010110110010100
1011100110101100101001001111100011001010111110101001000101110110
1001011110000111101101110111011011010000110010010110001101100000
1000000001111001111111101110000011100111111101000110011110110001
1000101111101000010100000011001001000110000100001000001101100000
1010001100011101101001011010101000110010111000111101101101010011
0011110011001100011100101101000010111010000001101001010100111100
0100101110011100000011010011010000110110111000010000011111100000
1110100010111111101000011000101011100100101001011001010000010001
1100001011011111110001100111000001000100010011101010001000110101
0010111000000010110101011011011000011011100110110000100110010110
1011011110010101001111000000001011000101010101101111101011101010
0010100100000001100001101011011111100001110101110100001101110110
0011001010100010011100100000101101010011100101001011011100111001
0011011101101100010011000001001010000101011010110101110000010101
0111111110111101101001001001100101011000111011111010110000111001
0110101001101011110100110001000011111100100100110101101011101111
1111101100100101110100110001011001100010100111000011011010101010
1100000010011011011001100110111111000110101100010100110110000001
0000110101001011001010111110101011111101001101001111101100100001
0101011110110011101011000001100100111110111010000011000100111111
1100101001110011100001001100100111101011011001000010000011011010
0010010001101010000010010110010001100100111111110111110010010000
0000111011001100000111000111100101100000000000110001110100111100
1001111110001110001110100111011011011011000101011000010001010000
0110000100001100010100000110101011000110110001001100110001011001
1001100101100000110010111001111100000010001111100111110100100101
1000011001010010001111011010010000011010001101100000001010001100
0111011101110011001110011111100100000010010011010110010101110111
0101101011001000001001101111010010011110001100010101110110111000
0001001100100011100010000111101000100010100011000010000010011100
