0010011001010001111100101111110100100011111110110010110111000000
0110011110111000111110001001010101110100011111001010111101111111
0111001101101011100001110000000110011000011000110100000001001010
0110110111100000101010001010111000010101101000101001001001011001
0001010111110101111100111001001001000101100101011101000101110000
0110101000101010000101110100000100101100000000100001100001000100
0000010000110110010010001011101110010010010011001000010000011000
1100010011101010000111111011010100101111100110010000000011101101
1101000100111001011011000011111111000111111011011001110010011011
1011111001001011101011111001011011110110100101000100111001111001
0011011101101000001011101101111011001111010010011000100000010101
0001011100001001101101110010100011010100000100000101000000101000
1001001001010110001000011111010011010100111000111100100010101010
0000101100101000010010011001101001001111101100010011001011011100
0111100111011101101000001001100110011111101000000111100110010101
0010000101010101000011101110010100101110001101111010110111100011
1010011101000001000011001110000101000001110110000010100011111101
0111111000110111110111011111100111111111110111100111011001000100
1000110001111110110000111011010111101001001011001011101010101110
0010011100111001000010111001001010110001011100011010111100000000
1001101100000000110111101111101011111011010011101011010011001101
1111000101111101010110010001111111100110010001001000100010000011
1000001110001001010000110001010100111111000000100101110000010010
1001100101101010100100110101110000110011011011110000111000110111
0011110011011001100010110011111001011010000100100110010001111011
1101010010111111011000111111010001011101001110011101010000110000
0010001100100010000100111000011011010111000100100001101001001110
1001100110011011010011010110010001010001010010101100110011111111
0100110010011001010001100011000010010000100011100111111100111110
0110101110111010001011100101101011110010000001001111011100001111
1011011110010100111110011101101001111101110010110101010001011101
1011111111011011010011011111101000101100111100001101010011101010
1011100010110100010010000100000000100100011111000110100100101101
1100110101011100001010100111001000010100001101000100101010110000
1110110101100110101110110010111010010010101111100001010110110011
0111101011110000100101111100101010010110111001111100110000111101
0100110000000100101000101000110100001110100101100000000101001001
0011110011011010110100100101011111100000000001001011001110011011
0011110011010100110000011110100100011001000101110000000000110111
1011000011010111111000100101000101000110100001100111010001001011
1001101111010101100101110101010100011011011001101001110011111010
1000011011101110101011001110100100010011110011111000001100011110
0010111001000000111101001111011101001100010100011001110010001111
0000010111000010000000011000011000000111101101011101000111001100
1011100010101101010110000110101011110100110110111100010110000100
0000001010010101110110011111110001010000010100001001011011011010
0111101000111001001011011110100000000011000000000111001011000010
1011011111111111110100110000001000100110101110100100100001100110
1110110111000010110010111000001011111001111001000010110111010001
0000101101111101011011111000010100101110010001010111100010001111
1101111001010011000000001001011010001011111010100101011110001010
0110011110110010100000011011110101010001011000101000101010010010
1110110000010011101001111101010101001001000100101110110010101110
0000000001010110010011000101010001010110000000110111111000010111
1100010110001000101110001000101100011011011100111110101010001001
1111000101111000100110101110111100010000111001001011101010110111
1001011101100101010101010110110000111111000101100000010000100111
1111100010000001110110100111111000111001001011100010000000000001
1111011100101111011100110010010111110110000110101010111101010101
0111111010001011000010110101000111111110100101011010001100111000
0100101010001110100000110100010111000000010000000001001101000000
1001000110011000011011101111001001010111100001111000101101101000
0110101010010011010010101111110101111100111100110101010001111001
1011110110100010100011011010100011001111001010100010100101011100
0101001110110000100100010001101110110001001110010011100111110011
1011001100110101110010101110011100110101101011101110001000111111
0010000011000011000011000111011101101101100010011010000111101000
1001111100010000001111011110100101000001101100001000110011011001
1110111001100000010101011110010000111101100100100111000011001101
1011001001000010011111000011101100001110101111000101000111011100
1010001011001010011010101001001001000111110100101101100101100010
0111001001100011100000001010000111011000010001011001101111000111
1111011011101101010001001100000111111101010110111111010111000101
1010111001011111100101011011001010001011010001000011110001110101
0100010000011010011010010001011010010010001001111001110111011111
0101100011011001100010001000100100001100100001010111100110110011
1100001011001101110010111000001000100101001010011000110111000110
0110000110101110110101010010111100101110111100101101010100000111
0101000011000011001100111100111000100111100101001100111011100011
1110000100001110100101011000111101101101000101110011101111000111
1110000111001001000000010110000011011011001110001110000100011010
1100011100101110011010111001011010001100001110011101100011101010
1010101101101000001110100001000000110110010000011010100111100110
0010001110000110100100000110010101100101100100010101000100100101
0101000011001101001010110100110110001110111100111010111111001001
1111111001111100011100000010110010100010111000000010000100100100
0000111010110110100011000101010100111000100010111011110000111011
1010100110000110001111000111110010101011010101011000101111001110
0100101101011111111000010011010100101111101001010001001001010110
0111000111010000101000101011010101111110010100001010111110001100
0000100111000011100001110001001011100110010111010000010001110001
0011101011110010011000010010100101010000110000010000010011100011
0101110010001011111100011000011000100000110001110100000010000101
0011110111010111100001111011110101010111101110000100110011000011
0011001000110100101101101010110001000001100101101010110001001001
0100111010001100100010001010100101001000011000110001001001011010
1011001001100100010010001110001001010111011010011111111101010101
1100101110000011010001001110101000000011110101011000000010111110
0100111100010000111000001111010011101011000111101100100101010110
0100000000010011010110101101011100000011011111011011111000001011
0010011010100110110010000011111100101111111011011111110001110100
0011011100100101010001100001101100010001000010010110100011111001
0100011111001010000110100101010110111000100100111001011111110111
0000110110100101001000001001001011110110110111111011001001001100
0111000000001100000001000101000101100111010000110011110100101100
0001111010001011001001011101101111100001101001001011011111011111
1001001001110101111010010111101101001100101011010001010000000111
0110100111111111001101101010010000100011010110100111001010110010
1110111001000010110001011111000111001110000010100100110110111001
1010001101001110001101011101101100010111110110001010010110001111
