1100110100001101011010010110010011001001010100011010100010010010
1100001111010100111001001110111110010110101000010011100101101010
0100001001111110011010100110001011100011101011000100000001100001
0101011110011111010001100000001011000001110111100110001001010110
1000111001011001011110001111011111110011110100110100101010100110
0110010011111110111111100001100011000001011110111111110001111110
1101010100111101001111110010001101001111111101100011101010100010
1101100100011010111000111000100100011001000001100110011110011000
0011000101001011010111101000000000010011001100000101011110101011
1010110101100101000111100001011101000011001111101111000010101010
0111101110110010001111010000101000010000110100011111000110111111
0101111111000000011011101001000010100110000110001011001101111111
1100001010100101001101110111010111101000001111110000001110101110
0000001110110100110010000011100111001110101001000110010111110101
1101001010110010101000001011110101101001100001110010010011110010
1110111111000100011000110101101001010101111001101001010010000101
0010110101111111110100000011100000101110111100101111110111100010
1010101011010011101101011001101101111110101000000011011010100100
0000111011011010110000100001010010000000110110111000011011001010
0010100110010111110111110111110010110111011011011000110011111011
0001001100100111101000011010111101100110011010100010110100111001
1011101011110000010110000111011001110011011111100111010001010001
0010011001011111111100011100000111110001000010010100000010101100
1011011110001001001010111101011010101100100010001011111011010110
0010101111010010000111110001111100011110101000100110111101000000
0011100111000110001100000001111011101100110100010011010000111000
0100100101010010011111000101011001000111010100000100011000101111
1110001110100111100001011111100101001011011001011111111111000011
0100010110110111010001011110000011000010011001111111101000001011
1111111101101011110110000001010000000101011101110110111111111111
0000001101010000000101001111111011100111100000111100101111110000
1011011110101001100101111011011111010100111000100000011001011110
1000001100010000010011001100111100100011111000001011101010111011
0000101010101111011001010010101101100011101000000110001111111100
1101101011101011000100011110111010011011110001111111101001000001
0100100110100110010110011100011001000001000110111000010111001011
0011001001111100001110110111001100101100010001101110000001011110
1110001100000110101001000001011010010000010001111011001110010100
0001001000010011111010101101110110100111001101001011111111101001
0101000110001001110011111000001000001010000011101100100110100010
1000010000111101011011010110010000111100100010001110100011110000
0001010110000111111101000111100011001110111001001010010001101010
0000000110100010011111110101010011111111001110101000011010011100
1100110100000111001010011001011010100000011101011100111001010011
1011010100110010001001001011000100010011010110101010011110000011
1010001000001000110100010001111111100101110110100100110101000101
0011111111100110011110000110100100000101011100010000001100000101
0101110000010011101000111101001111101101001101010011001000110111
1010110001001110110010001000100010111101001001100100001110010110
0000111010000111101001010010010110111011001100100101111001000010
1001101111111011010110001100000100101111000100110001011111010010
1001001010010100001100111000001100110000111101011110000100011000
1100010011111001111011001010011111110101100110010000111100000111
1101101001011011010101010110101100110001000100000011011000011100
0011110010101111010011100000110011011101101000000110010001011111
1010010010000011000100110011010011101011101000100001101001110010
1001001100100001000000100000100001100001100100110111011000100010
0100111001011100111110000000111110101100001011010110101001011111
1010110111010001011101100001000000001111010100110100111110110100
