0010000010110010001011110011110110111000101010000010111100000010
1110110110100111110111111100001000111101111110100111101110110111
0100010100011010011000111001001101111011100001000010101011111111
0111001111000111001110000101010010000000010011001011101111101000
1011000110101100111110011110110011101001111111101100101111110110
1101101011010101110001110010101111110010011001100111000100111100
0110010000010100100010111011000110110011110110011100010111000010
1110001001111100100011101101101101011011101101100010010001000011
1011001010101101101111011000111100011010111100110000101000110011
1010101010111001011101101100000001000101101101000110101000010111
1010010101100010101001110100011111100011010100000001010101110011
0000101001100001110011011011001100101001100011001011000001001000
0100000110001011111010011000011100111001001001111110101111011100
0001011110110100001101001011110011101101110101111000011101111110
1111100001100110000110011101100010110010010010010001011010010100
1000110101011000010011101110010010101101001111110010111001110110
1010100111110101000010000011101011011000011100011000100001000110
0011011001000001111011011100100010110010111111101000010000110011
1001110101111011010110010000001000001000000110000111101110101001
1110001010000110101011001100010000110000111001000100101110111011
1010100011110001110111010111001100011111001010001000011010001101
1010011001100101001110101001001000010010011101111111100111000101
1100101000010011101001100011111010100100011001110011101001100101
1001011110100100100110011011110010111000010111101010111100010000
0011000110000111100000001111110001001000101111100100001100001101
0000110010110110000010100011100001101101011100110001101110100010
0111001100000100101011101100110011011001000100000010111110011010
1010110101100010001000101110000000010001011101101000000001000110
0000100010010011001111011001010101000011001000011010100010110011
1101001110100011010110001010011011111010100110111000001100110010
1101010010100100111101101000111101011100010011011101011101001010
1110011110000011010000110010011111111000000101000100001001011000
1110110101101111011010011000111100000001100001000110001101101010
0001000011001110010010110001111101000010111110100001101111111101
0101110111000011011100001011010111110010111101111100101100000101
0010100011011001000011111011110100001011101011010100110001111110
0101001010110111100011101100101000000011111110101100000101101011
1100101100011011010101100001001011001110011111011111101000101101
0010010011000011011011111000000110001000000101111011111101101110
0111001110110011011101010100011101111110110010101001010010010001
