1111100010101110010110011011011110001010111011101110000001101100
0110011010010110010100010100100100101000101010011100111000010001
0111110001100100101011000011111000010100010000110000001010001011
0000100110100011101000100010101001011111101101001010100001101110
1100110100011011100001100100010000011001111100001100011111010001
1101001001100111010111010000011110010110011001001010110000100101
0101010110001100011101010111001100101011110010000110101011010110
0110101110001010001010011111011010111010100000110000000011110101
0000111010011000000101010111101101011010110001100000101101111111
0110110111011001011011000011001110010100001110111011001000111100
0111110000010101100100111111001010111000010010000111000010100101
1000000001110100010101111000010000100110011101001110111001011010
0011110100101111010110000110011000011111000101101111001001010101
0011010110001100100110101001010100001010000010001101100100001100
1000000000100001101000010100001101000000111111100001100000011010
0010000011000001011101101101101010100000101100001111000111101101
0110101101001101011100011100010011000110110100001011001001110000
0011010110111011001010111001000110000011100100001101100100110001
1110111001001001000011011111110000001111000100001011110110110011
0101111010001101011101001100010100001111101110000101000100000000
0100100100010000010100010010001110110000100111011001000010001100
1100111111000001001111101011001011010110110001010001011000010100
0011011100110111101111111100101001010001111101001001000101110011
0010110010100011000011110100100011100001101111010110101011000001
0110000100001100010100101100001011110000011100010011111101001111
0101111110010101100110000101000100000000100001011001010100110101
1100111011101110001101000011110111101110000101010001110000101110
0111000011111001011101100101111101000000011001000010010000011001
0000111010100111100010001011110110001100011001111111101011011001
0011101000011010101100110111011111110111011100110001011111011010
1111000011011010011101111010011111011000100100100110011100101010
0000100011000100000111110101000100001100001001010101110110000010
1101001001110000001001100111110000010010110000000000001001011110
1111100000010011101111100111011110101110101011011110111111110001
1100101100100100011010011100101110010111010101001100100111010111
1011000111110110011000000010101110011110000101100100000110000100
0111000111000010000100010101100001101011010001110000111011000111
1001110000010101100011101101001100101100000110011111010101000010
1101000100000110101100010111000100110010001100111101010101101111
1010101111101011101000101100010111111010101011001000101111111011
0100100101011110111100110101101011100111110101100010010111101101
1010000010100000111111100101100001010111100111110111001001011100
0110110101111000100110101101011011100001111001100011110110011111
0011011011000100001100011001100001100110111100010101110001000110
0010110001000010001010111010110111010100110110010000010011000110
0010000001110001000001010000110011010100100100110011111111110101
0110000100000100100001111101010111000111001010110101101111011000
0011001001101111100000101000100110000111011100111110100111010111
1101001100000100111111101001000111101100000111100110001110000001
0010111000110101110100001111001110001111001011011011000101000101
1101001011001110011001000101011000111000111001100100111100100100
0000000000111011000000101101110000011001011000110001010010101100
1101001110110111110000100111011110011001110100101100010110010110
0001100001110100001000001100011101010111010001100000100101101101
0100111100111111101011010110000010011111000100001101110011000100
1010110000001001100001111101000100001111011000011011111011111110
0110001110100011101010101111001011010101110101101011000001011100
0001010001111011000011000100011101000000010000101111110010100100
0000000001010101010000101001100011111110110101110110001000011010
1111001000100000001010100000011001000100111111011101111001110110
0001010101111011011011100110111000100000011110101011111010111001
1100000111000010001111110110111100111001111011001111010101000110
1011111000011101110011011101001100110100001110010110110101011101
1000101111000101000000011000110111001010011110101011110011100100
1011111011100011000111111110011001000110101000000100000101111011
0000111001101011101001110101110111001011001110111100110111111011
0110101111110001100010110100110110001101101110101101100110100110
1000011100000000111010101001110011001000010010000111011110100001
1100011111001101010010111010110001110101110101000010001111001110
0110101010011110101101011111101011110010110011111100011100001110
0101100100011110001101011111001111000100100111100010110101101101
0110111101011110111111101100011110110001000111000010010100010111
1101110010111111010101011100100000110111100110001000001110011001
1111101001010100010100100000110011100110011001110000100100101111
0111111100110110001111111001100110100000110001111010110110000101
1010010001010001011000100101010111001010101110111110101100100110
0010111010101110111001110100001100000101010110101001010001100110
1100110010101011101100111000100110010000010001010100110011000010
1011110110100110100011110010101001011101111101110111011000110101
1010110101011000110000100111110111011001010110101100100001011010
0011001100001101110110011110111000101010101111100000010110101101
0010000000111100111011111011110000001010011111000000100000001010
0110101000111110001101011001000101111001010001110000111011000010
0110100011000110011100010111110010011011001110100011111011011111
0110011111100111110001111100011000001100101000010000010100011000
0100011011101100010110111110000111010100111011100010111011000110
0100100110111110101100111111000011000100111000110111011010101001
0001101000100101000001011101010010111111111110101001001001001111
