1101110100011110100111010111100000111100011010101111000010100110
0000001100010011111100001011001111111011011011001000110101000001
0100110001101000001100001101100110111000101000010000101100110010
0110101010000000011000111001110011001000011101011001100010000001
1110001100011100101111011000100001011110101110110010010100110011
1100100100110010101111100111010101111010001111101101111011011100
1001100010101001010011000001111010001000100111011100001111110011
0011101101110111001100100000000001011100110011010010111001110000
1101111000100110011011100100010110011100110110111111000100010101
1111111001100001100100000110110010100111010000001000111010010001
0101000110000100011001011101010110010111100011010101111111111001
1011110100111001100011110100011100000000110100010100011100010101
0001011110000000010000011001110011011100111010001110010000000111
0100100100011011101000010011101001010100101100001101010011110101
1001111110011101101110101100001011011010001001010101111010011011
0001000000000111111000011000010101010010110110001110100100010100
1110011111001001100101000100100001000010100000110111101001000001
1101001010000110100111000101100111110111011010010110001110110110
0110110100011101111100011110111100111111010011101001000100001100
0100111000101100110011111111011010011101000000110110010000110100
1011001111001101111011100010001001110001100010011010110111111000
0101100110111111111011111110000110100000001000100100011011110111
1111010100100101010010110111001011101111101000000100001010011001
1111011100111111011101011001100010110111000101110010111101101010
1111111001110011000111011100100000000110011111110010000100101010
0101000100111001001011011111001011010011110111111101101010101011
1101001100011110011011100010000100110101001011001010011000011101
0001101010101111100110110011001001100011010100000101001001001111
0101110110111110110011100010100010101100111100000001110111011001
0011100110111011101101000100100010100011010000111000000001011101
0101110101110001101110101000110110111011001100101000000000101111
0011011011110010011000110001010011011101101011110011000100111000
1101110101000101101100101010001111101001001100110110100001010111
0000001000011001101100000100000001000001011000010111000110111101
0011010100010000101101100010010110101000000001110011001111110111
0110100101011111101000100000100101010000111110001111011000111001
1110100111001101110101100101011101110001000100000100010110010011
1110001001110000100111111001001010010000011000100000011010000111
1111110001010000000111001000001010100110001100000111001101111000
1001001011011010111100101110100000100011111110001111110011101001
0111100001100000001000110110100011010101101001100110000010110110
1100001001000101100011001001010001011010000111001110011111111111
0101111011111010000000110001111000111001110100100001000101001111
