0110000001110011011101010111011110001011100000001010000101101010
0000100101110011101001100101001101010011101000100101101111011000
1001101010111111000111100101010111110110111110001100011110001011
1100110000010100101000101100010000010101111111011111010000000001
1110101100011011000100010100000100110001111101110001101001111110
0110000110010010111101111110001100000100100111011100000011010101
1000110000010101110011100111101001011001000011001000101001001010
0110100100100010001000011101101000000000111111000010110100100101
0010111101101000100011010001001010000100001001111011010010001111
0101000101011011000011010100011001011101100111001011101001100010
0110001101011101001000111001001010111001010001001011101011001111
1011111010101110001111010011110010011111010001100010000010101000
1001000110000010101000011110011110111110110100101011110010011110
1101001111000000110001011101111110011000011001010000011110010010
1111000111101000100100101010100111101101010110010110101001110110
1110110110011101001011110010000111100100110010111000111010110000
0011001001100111000100011111011111110111101000110010101110101011
0001001111110001100011010011001111101001110111010100001010011010
0011101011101100100001001100111110101110111100000000110000001001
1111110011110101100101001111111010101111101000010011010101111011
1010000011100100010100000010110010110010001110101100110100011000
0100110111110111111000101001101111000001110101100000010000010000
0100011011001010000011111110000111101001110110100010001010110010
0101011000011101101100110001101100011001011100101100001010101010
1111001000010111011000010000011011111101101111100100100100000011
1100010011110000001010000101101010001001010000110001001000100000
1110001100011000001100100000000111001000011001100011001000111011
0101111001110110110100001001101101110111111001100101101010100100
0010001011110111100001100110111001101111000111110011111101011000
1101111011100010010101001010100101101001111000101011111101010110
1100011010010001010110011101100011011001011001000101000011011010
1010101101011011000110100011010100101000111000001100000001000000
1001111101100000110100100011001101011001100101000011101101111001
0110011011101110101111100000010011100011100110110000010100100111
0100010000101010010010000101101111110010101010010011011101001111
1000000010001011110001001001101011101110011101111111001010011011
1110110110111000001000010100110011010111100110101111000110001111
1010011011100000110000110100000100010111100110101000001101001010
1111111001110100011001001101010100111011110110000100110010101111
1111101100101110101111010000011001010101100101100110011111010101
0001011101000101011100000111000011011100100010010101110001011101
0001001101000110100010110101010001011010001010101100101000100100
0000000111110001011010111110010100111011111111101000100011110111
0101100010001110011110001100101111110001001110111100001011010001
0011001111010101011010001100101101010010010001001100000000001010
1011101010010101011110100101111100000100011111100100001000001010
1100111010110001100101100010000100011010101001101000010101101000
0110011101001111111011101111100001011111100001011100010100010000
0000010011000100110111011101111011010011010010100001010011010011
1000111000001001011010011111011101111101110110110000100001110010
0000100001001011101011111010101000100111011010011011111010010000
0010111001010110100101011011101101010110100101101100101111110011
1100101111001011010110111011111111111001010101000101010101100000
