1100110100111001011001010010110100011110011100011100111011000001
1110100001000110000011001101111010000111000010011111011110000111
1110001010010100101010010010011011110000111100010100011110111011
0000100100111010000011011110100101100111010001100101010111101100
1001101010111101000000001011001011001000100010110101101001000101
0010000001101111011011011001000111110000101100100011111101011111
1110000111100111011101110011111011111001100100110101000100001011
1101001001110100101101000011110101110111011100001101000110100111
1101110111110100001110101011101001000101110101011111001011011010
0001000101000011011010000111110111010000010101001001001110110001
1011110100111110000100110101000101110010010101100001111011101011
1001000101000001011111000100100111011111101001100010111111011110
1010110011010111101010100100110011110011010010110111011001001011
1001011010101010100110001010110011001100000110100111010111111110
1000111110110110000011101000100110111000011011010100010110101010
0010010010100010100001101111000111001100011101011101100011010100
0101011100101111011010001010001110111111001101010001011110110000
0000101010001011011011010001110101001000111111011111010110111000
1111001011110010011101100111001100011101110001100001001010001001
0101011111100110101001001011001111110111001100001010101101001100
1111110100000010010101000001001010010010100010000001101011110001
1111010001101000101010010101111111001111100100000111011111101000
0001001110100111010011110001011000110100101101111000001110100011
1001001010110100001000010010011010001110001000011010010100111101
0110011011111011110110011111111001011000000100001101110010010101
0110010001111100001100010111110110000100100000100011111100000000
1100111111000100111111111010000010000001100001100011010011000110
1001111111010111111110010110011100011010000111011101011111001000
0011000111010000011000001110011110000110011011011001101001111001
0010101101110001000111111000111000011001010100011011001011101101
1101001011011110101001010010000101010010111010101001010101011010
0111000000010100101100100001110101000011101110100111111010011100
0001101000011010111001111111000111001010011001101001000101101111
0010100001111110110000011111001110000101011111010010011011010011
0001110011010101110000101101110111100100001010000110000000010001
1000010000000101000011110000101010010000011000000000011101011111
0010100000010101001110111011100001001100111010011111000011010101
0111010001001000111001111011100011110111101111100000001101110111
0000000001001001001001111010011000111010001100011100111110000010
1101001110011111101010010110010110011101001111100001011110010111
0101100111000111110001010111101010000011001110010000001000010110
0000101001101011110110000110101010010110011011110111010011001110
1001101011100001101101111010011111000110110010111010100010100001
1110100100010011011110001000001001011110001101011101101100011110
1110100011101111110101000011010111111010000111101111001011011111
0101111101111000101111000100100110010010011011111001111110100101
1101000110111000110001111101010101110110100111001101111010100001
1101011010100101001010010110011111100100011011100111001000011001
0101001000011010111101110111111001010100011100100011000111111111
1110111110110011010000101100100100010101101001001000001010010100
1011100100111001111001111110001010110000111111100000111111111011
0111100001011010001000011010000000110101110000111100111001010111
1110010000111011100110011110110000010001000010111111100010010100
1100000101101011100011001101000001001001001001000100000000010111
0100101011111110101101000010010001100100011110000001111101001011
0011010111110100000011101011000110100100110110001111000111001100
0000101100100100100100111011010111100010111000011000110001110110
1010111011111101101001011011001111010001101000010001011111010110
0001110011010100010001010110100010000100010010001011000010100000
0001000011000110000110011010100000111110010001111001001100011101
0100011110100001101001111000111100000010110001001111111000110011
1011101100001011010111011100101111001010101100100100011000010011
1001101100100000001101011111010111101011101000100011100101011001
0010110111011100111111111010000100001111001010000000011110110001
1001000011011011000000000001101010000011001001001101101000010010
1101001011010001110111000101100100010111011010000111110101111100
1010001111101011011010000111000101011001100100000011001001001010
1000011101001101000000100110111001101100010110111001100111101000
0011111011111101101110101011001101001000101111100001111010010010
1010011011100111011001001100101001101110111100000010111101100010
0011000101000111111001011101101000001010110010111011010110100010
1101100011100011010011001011101011000101011001111011010000110100
0111000010100110010010101010111100110110010110010111110111011111
0010111011101111101101010101101011111010110010101111111001101001
0111101111110110011111010010111101011000100001000000111011110010
1111111101100000010010111001100010001010110111011010101111111101
0101011000100000101010111100000001011111000100101110000011001110
0110001001111000001001100101010010111000001100001011110111111011
0110101111001001000000000001101111101001000100111000100101101000
0111010100110010111101000100111100110101111010100011001111111100
1001111110011010001111010100000111000010000000101011001111111011
1011110100011011000010100000100001111011100010111001011001111100
0011101100101000000010111111111011101001010110000100010011000000
1100011100010000111111110110101000011001111110100000101101001110
1000101010111110101001111001110011110001101011011010110110101100
0000001011110110100100110010011101100101000001101000111101111100
0101111111010011001001111011101000001001010100101000101011001010
0011100000001001110100000000101110000111110010001111101011100000
1101000111100001000000001110010010010111011110110111010011000001
0101100100101000111111001111111011000101010111011001101110110110
