0100100010110110000001000011000001000010011111000100100110010001
0011100010011100101100101001011011011011100100111000000111000110
0010000011111111110011101100101111111000111110100011010000011001
0000101100101100001010011110101101110110001111100011110011111001
0010111011000101001011111000100111001101110001010110100110111101
1111000001011000011001111100010111000111111111000111101001010000
0011011110011111110101111111000100101000011110100100110011101011
1011011111111011100000000001101011000110000000001101010001000000
0001111111001010100110100110111110110011100010000110000011101101
1110011101011101011001010010100111110101010101010101011001100110
0000011100010000110001111001110000010011111110010100111011110101
1010101011011011110010111000100101001100000010111000111110001111
0110101011100011100001110111000110101111000100010010111111000010
0010100000110110111001100000010001001011110110000010001010011000
1100111110101110010111011111101101010111110101010011100100000101
1000011001000100111001001111100111100101110101100011100101001110
0110000110110110010000000000010011111001001100001110001010000100
0011101100100101010101010101110001101100011111000011001010100001
1101010010110000000011011000001101011010111010011000110110000100
0101110100010111111111001010010000101110111100000010010101011011
1100100000110110010110010101111001001011110000100010011000110110
1001111000110010101111110001000011010100111101101101100010011001
0000101000101110011010000000000000011001111011111000100100111001
1010110001011110000100110101000011010101010101001110010110000111
1011101000110101100001000111000011010111000111000000000100101010
1101100100101110100000101111000111111101111010101111010010001111
0100100010000010111011000000000100010010001011100110101110100001
0011110111000011011001001110011011110000000001010100100110010001
1011010011001010010100110001110011001111110011011101000110011010
0010100010000011100010000011100010100100101100111000000001100000
1101010010111101010110110010111100100111111101011110110101000000
0111111101001000011110011110111111101101011010111100010100101110
0001100111111100100000000101101111010000001111101011000010000101
0110001000100101000010100001010101101100011111000110101001000100
0000011101000101011111100011100010100001001110100010011111111111
1010000111100110010010100100000111011001000110000001111010000010
1011011111000111110010001000000101011011001110100110101011000100
1100011001001111111011001000011111111001111010101000000010011001
0000001010001001110011001111100010000110111100110010011000011110
1000111111011010001110010000011101011101001101100111101011101101
0110110001100000010110101100000110100010001000100011010101111011
1001100110111111011110110000110110011000001110010001001001101001
1011101111110110100011110111100111011100111001100100111111110111
1110011101010000111110111100101000100010011010111101010111111101
0011100100100010110101110110010001110110110110000000101111011000
1111100011100111001011110111110001011110100101111001110010100110
1011001101111011111001010100010100101010000111101110100101010000
0000000100000110010000000011010001100101001000110111000100011010
0110011101001010101000100011100111100010011011111101000011000111
1100000110101111111100111000000011110100001000111101110100111100
1111100000010010001111101010010000011010100101001000110011101111
1110000010111100010000000010010101011001110011001010000111110000
0101111010011000000000110100001010100001100100110100011100000000
1101001010000010011001001000110001001011000110110100011011010010
0110010011001111001111000011111010010111101011001001110111100101
0000000001011010011000111100100100101011001011110010000111000111
0010000000111101010001011110011100100010011010001010110011000000
0000100010111010000110101111010011000110010011010010101011000011
0100100011110111000111111000011111000101110000000100100010011111
0001110100101110101100101101100010001111111100001010001110111111
0000111000010000110110001011011000100101110100011100011101101000
1011000101001100001111101111001011100110101010111000001101110111
1010111101111011111011101110111111001010111110000010010111011110
1111011111111010000000101001010101001010011010100000110100101110
1110101001010110110111011001101011000111001101010011101111001111
0110101111011111011110000100110101110001111110010100000111011000
0000111101000101011101101010110110110111100000010101110000101100
0011101101101110001000100010100001001111101111001100010110001111
0011010010001010110111110101010001111101111011100110010001010010
1010010100111001101010011111011111010110010000010110111000101101
1001110010011010100010111100110101101111011100110001100101100001
1000000010011111100010110111000100001000001111000111011100111100
0010110011100110000001000101101100110010110011110001010101111111
1001011011110101110011000000001001010011001110111011100010111000
0100011000101111001100110101011001110101101110001110011000110000
0011011001000000110110100101110101101010100111010010110111011111
0111100001011001011001111101111110111101110111000111010000110100
0100110011111101011011010111101001011000100110101010111101111000
0110111101011010001011110001010100100100000110101000000001011001
0101110100110011111101110111101011000010111011010111001100011010
1100011110011000000110110111101100111110011101011101111110101010
0010111111111100101101101000000110100111101011001010101111000011
1110111001001110111100110110001010011000101110001011010010110100
1011110110101101000011001011101101111010101011111000011100011101
1000100010001001110110010000110000101111011111001011111010000010
1001100010000000111000101110011111101111100001001010100111011100
0100010100110010001000000001100110100100000000101010101110100010
0111100011110001111110001101101111000110000010000111111011101000
0001011111111110000010101010000100100110000100011101011111001100
1011011000010100110000110011101110110000010011101001101000010100
0111100001100110101001001000000101111001100001011010111110010000
1001111010001001100111000011000011011111111100011111010101101000
0000100100110000001010011100010001000101010111110110111100110111
1000001000011011011011001111001111100101001111011100100101010110
