0111111100011111110110000001000101100001110111101100001111001001
1010000100000010011111011001010100111110110011110011011011010001
0001111000010101101110110111101111111101000001100001011001101110
0111110001011101111010000100110101101010101001101010100111010000
0010011110000011001101101100110100111010110111010011011000111010
0110010110101101001110010000111000010100000100101000011001101100
0001101110001010000001111101001011010101110111000011110010111110
0000000011010010001000010010001111001100110111010010101110011010
1010101000110010101001011000011011000011011011000110100111100100
1010001110011110100000001100001100001011000100110110001000101100
1011010110101111111100110000110111110110110000101110011000010001
1010010011111011110101101101101000011100001000110111111010000101
1110110010111110011000001001101110000010001100110111010100000101
1011110001101001101111101111100011100101110111010101010010010000
0111001010010111001001100011000011111010101101111101111100110000
1101010001001010100001000110100101011100110010100101110001101010
0001000011001011110101011000100011101101010010110000111010010001
1111010011111011000100101111010100101000110010110010100010111101
1010101100010000000111101110110100011101101101101110010000010100
1111001100101010011100011110000011010010101110100010000001001001
1000001011101001000000010111010101001101010111110110000010111001
0010110111111111001100101011101011101111101101000101000111001000
1011010100111111010111001001101100001111110100010101000011110011
1110011111000101011101011001110011010011101100111101111101000001
0100000110000001010011110101101000001011010111101100011010001100
1101101101101001110011111110010011010011010000000111110110110100
0000101011111100000110011110111111100110011011010101000011001001
0100110111111001010101000010110111011110101011010010100011000011
0010101100111010001010001011110011110001110110110111010001101111
0000000111111111100010100111001111110111011111001001000011010101
1011010110110001000100111001010010010010100111101111101100011001
1110111100010011011000010001000000100110010010011100111011010010
0111110110111000000010101011010001110101011110000000001111001001
0010010011010010011110100100100011010111010001110110100000010111
1001101110111111111001100101111101100011011111000001101011110001
0000101110010100110011111001011010111000011110010101101000011001
0100110100110110001101101000100111011001000111110011010000000011
0110000001110010110011000001010010101100010011001011010001101101
0011101000001110110101000100100000000000100110111000100110100111
1011000101011101110101011001000000101001100010011101100100111000
0011000101001100001110111110000111111100011101101011000001100011
1000110001011110111100000010010001010101101100010000101001101100
1111010011101000010011000011110010011011100000010101111011110111
0010111101111011111110011000001110110010010101110100111000000000
0001000000010000000001101001000001100111011100111110110100000101
0010001111101100110110011111010110001100110001011111110000001100
0111011101111110110010000111111110011011110011101101001100001110
0001011000011001100100011001111110101101101111111100010011000001
0110010010011101011111010000010101100101110010100001110001011100
0111110010111100000111000111011111101000101111101101000010010010
1011001101110100101001000001111001001000011011010000000001111101
0100000101000000010100111011001000100111111100000001101101010011
0001111110101111011000111001011011110101010100111110001001010110
0011011001100110111001100010010110110010100100000111010010001101
0010001010101110100011100100101111000110010010000111110010011010
0000111100000110111101111010111010110111101011101100011111100010
1010010001001111010100011110111001010001101100010011110110111001
1100111011111101000000110000110010001100000000100101100010110100
1101111110111111110101101011100011001110110111100111111011000110
0111110001110010010010000001010111111010010000001101010110000101
1101001100010000000101101101000100101010111001011100110111010110
1100110011111001011011101100111100101111010011011111111110010101
1010110010000110101001111100001110111011001010011110000111010110
0000001010011110000101011100111011001001000110010101101000101000
0010100101010100011001010101000001101101000101111110011101100110
1111101110010010000011001100101101010010101100111111111011000100
1001011000101101111000011100011000100110110110110100001000100011
0111101010010111111111000011000101110110101011011001111111010111
0111100011110101010001001010010010011001000101110010011010011110
0111000111110001010010011111011100001010100010000000001010110110
1010101001011110100000110001111010001101001011111010110001100110
1001101001110100000001001000011000111101101101000010010101011110
0000101010011110010001011111011000110001010101100101100010100110
0100000010010111010100100011000111010001110001001001010101111101
1011101000111001111101011111111101101010000010111111000110100100
1010101000111001110110101011111011001100010000000111000011001110
1110100010111001000100100100001101001001010110101001101111100000
1001101001010111010110100011000000000100001110111001101100100111
0111110010001110000100011001100101111000101100100001100100100110
1101000111110010101110110000001010000101100100000010011110011101
0001110111111001000000101110110110011110000010100010101100110010
1110001000011110000011011000010010101110100001001110101000000000
1010110000111110011001111111011010100110000111101110011111111000
1001010111101110111101001100101111111100111101100001101101101001
