1111000111110111101100110001111000011000011000010011100111101100
0001000100111001100100110011000110011010010000001001001001000101
1101010101000101111011001100000101011100010001010000001111001011
1010111110010010010000001101111100010101001001110100101101000010
0011010001111101111110111100001000110001010001100111010001100010
0111110000101010011100110110111110000101110000101110100000110011
0011001010110110111011110111011000011100001000000111001110001101
1000001000100100101100101001011110011000000011011010101000101010
0110010011110100011111001111011101101110111110100000111111000010
0110011000111101110100101101111000110110011100001111010101110010
0100010000100010001010111111011101101011000100011101000000010101
1011011100010010110000111100011101110111001110101110100110001010
0001100100101010001000100010010011100111001010011000010000100111
1001000110001011001010101000000010010111010010010010101100010100
0010001100010111100101010011110101010010111010000110010110110100
1010011011100011110101110001011010011000010001101101010000011001
1001101011100010010000011011110101100100011001000010000110010011
0010000110010000101111001100001001100010101011110010000000010011
0101110100001111100001100100010001010111001001111000010110000111
0000011001111011010110101011011111110000001011011111001011010000
1101110011010111101010101100010001010000101101110110010101101000
0011000111000000001011110111101011101010010011001011010111010110
1111100010110110010111001111111101110001000101001111000010001001
0010010011001001000011110011011111111010101010010000011000001101
0000111000011101110101100111011101001110011111001100011100001000
1101001001100110111001011101010011011110001101101110100010000110
1010100101010111100101000111111101110101001110110101000110000001
1001011011100100000100001111000100100000111101100111100001000100
0010111100001010000011100011100011111010111110110110110110100100
0100001110011100000011100011010011100100011001100000000111001100
1011001101000100101111111101100000101010110011100100100001001001
1101011010011100110001000010011110100000000010111001111001110101
0110001001101110000011000000110101001011110010011111000101010010
1010001000001011100111000111001111110111010110111000110100110000
1100001110001001011101001010001100000110111100000100010111011100
1101111100111000110110010111101101001101001100000001011001100001
1001100101001000000010010101011001011001110011000000001101010000
0101110100111110000001100000001110101110100100001011111100100011
1101110001110000000100001111100000010101011110000111000110110010
1011010111011100010100001111011110010101100111000111111100010000
1000011101011110100010101100110110111100100101011010100110111100
1101101110011001010111011101101001010111111011010100110101001111
1001110100000111110101100100000111011101000001010111100101101100
1010010000000010010001000100101100100011100111010001010010110110
1101011000000100111100000100110100000100000100011010010111000001
1110101010011010001101011001010010110000111101100100101010000001
0111101010111100110100100011001100011001010110001101100111011000
0001100000001000111011000001000100011111100001110011101111110110
0011010101001111101000000000101011001101110000111101110101110001
0111100001110101000001110011010101110010001111010010010000011110
0101010001100100000111010110011100100010000001011000110011010011
1001101000100110111111110001100111010101010111010000100001010111
1110001111111101011010010110101001010101111001101100001111000110
0000010110110100111010101100011000101000001111101100000001000111
1011100111110001001010111000001111101100000100110010110111001101
