1100100011000111001010100011101110010011110000101000011110011101
1110111111010110000100110010010011100111000011010111011110001111
0100101000010000101100111101011110010011101100011101001110100111
1011100000110001101100101011110001000101011110110110110100111000
0011101001010001000011111010010100010000100010100111001010010000
0110011110100100000001011001110001001010111100011100001100001100
1111100101111010010010000011000011100000011010110001011101100010
0101011010001011111010001100011001010011001011111111100011001011
1100000000100011000000000011110110110001100111010011100010101110
1010101111100101111110110110010011110001101110011001010101101100
1100010000111111111101111110001001001011110001001000000011010001
0010000011101111100001000111000111001001101000010110000011011010
1111101101011100101110010110101101110001101110001111001001110011
1001000101011001000100011001100001101101110111110101011100011010
0100001000101100111010101101000101100110100110101001110101111100
1011101100001001110010011001111000100000000000001111000111110011
0100111110111111100101111000000100010000110101101110011011101001
0100101110100010010111010100110010100101111101011100010001010101
1101100001010111101111001110100001011011111011100001001000101011
0100001111110110100110100111111101001100111111110101111000010000
1110110010011001100100110000001011111000101011101101110011101001
1011110010111011100111001010011111101010011111111000011001100010
1011001011011111101011100111100001111110100100011010100101101001
1000010110010000000000100110101100010110011101100001001111110010
0001000110110000010110111111011001011110100110101110011100001011
0001110010111001001101010010011010100011001110100011100110011011
1111101110011001011101101000000001010100101001100100100000100100
1010001001001010001111010100011010000000110101101111011000011101
0110110101111000101000100001100010011000110011010101111001101100
1111001011100010110001111111010011100101011101010000101110101100
1001011011110011011011010111100001100101010010101110101101100011
0110011101110101110000001000100010010101101011100011011011011101
1110110011101010100011111100100011100101111001000110001010110000
1100100010000101101101111111110011101111010110010001100111101001
0101000110010110101011001001000111011000010110001101100010101011
0111100000110110111010100000011101101100100100111110000010111101
1100101011111110001111001000001100011010101111100011011110111100
1010000110001100011000000001110000001100001110100000110011011001
1001100010001100010000100011001000001110110010010010011010011011
0110111011111001101000010101111000110101111110011111101010111001
0111001001001010100011001101101111001110100111111111101111000011
0101110011000110001000101001100011110000111001111011100001011000
1100001000010000000111000110011110001111001101100101000001000000
1010101000111001101001110101111100101101001101110100000101101100
1111101100101001100001111111001000011001010100011010001100101101
1001100111101011110110101100010101101011101110100001010001001101
0100100111101111100101101000101001011001010011010101011111001111
1111100011011100001001010110010000110000101001101100100001110111
1110010000100011000100101100101100011010100111100001010001101001
0110010011101000101111011001110010101111110100010001110100011110
0111101000100111010101010110000111111001000101000111011110101100
1010110101011101010001101101100100011011011100000011110101100101
1111111001010111111110101101110100010111101000010000101111111001
1010101110011001100000010001011010111000001110010001110100011101
1011001010011001001110101110100001011110101010100101101011010110
0100010110111001000011100010011001111101000111000010000010100011
0101000010010011100110001000000100001000010000011011000001000110
0100001011111101011010011011000100011000011000011010100001001000
0011010100000001010111100100001000110010011011001000100101011100
0011111100011000001001000011010010000001101001011001001101011110
1001111110101001001001010000000011000100011001111001000011011111
0010000110101001111101100111000000000001101000011100011000000101
0110001011101110111110101011110000001000110010010110001110010001
0101111111100001111001011010000010000000011001100111000010011101
0010101000100111111011100000111100101001000100001111110010000101
0011001000101111111001101001111100010111010001101010110010101000
1100110111110110010110011111001011001001101110000001100111000100
1001011111100111111110101001101101100110010000100100011011110110
0000001011010110100111110000000000100110101010100110010111110000
1110011011000011111010010101010011000100111101010110100101101111
0010101100010001100111001011000000001011010000001011111100100001
0001111010101011000111100000000100100100001110001010000000000000
0100001101000010010011010001011011010001110000110011011101000111
0001010100011011110110010101010011110000101001100101010010101000
1011000100110000111001100010111110011010110000111000010011111111
0001011110010001111000111010110001101011001111110110010100110110
1100011010110011111100110000000100110010100011101110011101011101
0001100110110110000000101011101000101101001100000100111001101011
0111001100010010100010010110000010000100111101010101111011111111
0110111011110001000111000000110011001111100100000100000111011100
0000101011001001011110101100100101010010010111110101010111011101
0000000000001110101100011001001100110000001000001001111111110110
0100001101111100000011001010001110101001010011011101111100000110
0000011011111010110010001101011001001001101011110100001111001101
0110101010100111011110010000100110111111101011110011110011101110
0000101101000000000011001101100011001110011001101111110101100111
0110001100101010010111010010010000111111111111010101111110001110
0110011110010111001011101100111101010101100011010110100101110011
0111101010100010110010000011001000001011000000010111010000001010
0000001111011010111100000110011101111001111101101101111110000000
1010010100111010101010100101101101001000101001110100000010001100
1100000101100000000101101010111101110000000101010010100111100111
1100011111100001000001110011011010001100001001001001001100000111
0001110001110101100101111010001000000110001100010010001111101111
0001010111101010110101011101100010000001100101010110010110100000
1100001111100000001110101100001010011001111101101010001100010110
1111000010111111011001011000110101110000111010010101000011011101
0111011111100010011010111010000011110001010010010111011111011000
