1111011010100101111001011001000111111001100110001010110001111010
0101101111111100000011101010000111001111010111000010001111011011
0000001110100000101000010011001100111101000001010001001000100110
0010111010110111000000111110111110111100001111100000110010100111
0000111001100100110000000110000010101111111100010011001100101110
0010000010011010000101111000101010011000011111000100011101011100
0000110101001111001000011110111000100000000011001101101011000110
0010011000110001001000000000001111101111011100001001111000000100
0010001011001011000001010111001001000110100010100100010110010110
0100011011010101101110110010100100010001000010010001001000001110
1011010110111000011010110100010100011010011101110100001101111100
0011000111000010111001001001011010100111110110110111011111010001
1101101100110100000101101011000110110100101011000000011001110011
0111111100010001110100010011101000110101000110111100110101011111
1110111011011000100001100101100001110100101100000101110111111100
0110011111110110100100000000111111010011110111100010000110100000
0010000110000000110110111010011011010110000100111111011010001110
0010111010111111000110110000011100010010001000011010000000100101
1111100111011110011101101100101011010101111001010000011111000001
0110000010110101011110000011110011101111100010011110111010101011
0001011010100011000101010100000100000010101111000000110001110110
0101010101001010001001000100010101000100111110110011000001001100
1110111111001001010000101100111101010101000101011010001101001010
1111100010011000001110000100111011000011010100100111011110101101
0000101110100011011000011001111011110111111100111111111011111100
0001111101011111101101111101010111011101000010111001100101000101
1001011110001000111100001111000010000110001000110011010111010000
0111010001000110011000011001011010011010001111000000111001010001
0011010111110001100000001111111100011111111001011100010111011000
0111100000100101111010101100100111100001000010011011001101100010
0111011001100011001111110111100011011010000001011000000110110111
0011101011110010110110000110100000000011110111000100111110111100
1011011100000101111101011111101111011001101001111111111011110010
1111111010001111011111010000010101000011011010010001011000000101
1000110010101000011010111111101101000001110100001100001000100000
0001111110100110000101110101010010011011101001000111011010101111
1011101010001010100000000110101001110100011011010101110000101111
0010010011100110011010110110100111001110100000111100101101100101
1100101101101000100000100101011111100111010011010110001011000100
1001100001000011000001111110011000111101010001101100111101101110
1101001010011001101111011000011101001100010001001110000010111110
1000011111101100001010011101001011010110101000100111000111000111
1100110100100100101001011111000010110101001101001001111110110000
0101011110111001000001100100100000001000011110010000110010001110
1011011000001010001010000000010001100011101000010010001110011111
0101101111010101011001011001100000010111010110110111010011001110
1100101101100011100011110111010010001110001010110000000101110111
0110000100011011110101000001101001101100101001011001111111100000
1101000001110010101011101100111100101101010000001110110011000100
1001110001111101000111101100001100010000110100001000001011001101
0111101110001111001010110101110100111010010010110110111000110011
0100110010100100001101011010111110110000111000000100101000111011
0000001000010000111101111001010000010101110110000101101000111110
1001110001101100010001001010101111110111001100111110111010110001
0001110001000011111100010011000011000100011001000001010011011101
0001110001010000011010010010111000100101000000110111101000110111
0010000010011100010001011100110011110000110101010101111101111011
0010001101011110100110100001000110010011100111000011101010010011
1011101100100110010000001011000000110011000101111010100100011111
0010100001011100010011101001000110011000000100000100100110001001
0111010100001111010111110011101001011000001100010110101101001001
0000100100001000000111110010000110001101001100111100010000100110
0100111001010111010010101111101000101011101110110110000011101011
1100001011000010001000110000110100111001011111000000100101010100
1001110111011111011110011111101100101001000100011000101001011111
1010101110110101100110110100100000001001110101101101000111000011
0000100011111110100001001000011011100111000011100101010110100110
0000110001111101111011001011011110110000101000001110110010111111
1111000110110010110101110110001001110100000000111011101100110101
1110101010110011011011110110000110010111001101101011110010010010
1100101111011101111001101101000110000110100110110010111110110010
1011100011110100011000000011100011010000111110000010100101100010
0101000111101001000111001111101000000100100111100010101010011010
1110010000010011000110001101110010001011100101010111001001100001
1001001101111011110110010101111000011000011011010110010100000100
0011001000100000100011010010101100000010000101010100011011100100
1111010110101010101111111000000000111110010001010001100111010100
0000100010000010011111010111001010011111101100000101000101010001
1110100011000101010010110100111111110111010010010110101110111000
1010111001110011111101010011110000101000110100000000101110010010
1100100010101001001101111100100110100010101100001110001010001101
1000110110001000100101110110001101000001000111001101001001010111
0000000110110110111101110010000001010010111000101010000000110110
0000011100010011110000000101100110110001101011011000001100010100
0101000101110000010001111010110010001111110010001000111000101001
0100100110010010001010001001111001110110110000010100010110001110
1101110101100110000101101110000011111001010010110111100011010100
0110010110110101100000100100111110100110000010100011010010111001
1000101010110100111010101011000100001110101100110001000111000010
1000100111110110011010111100011011101001111010011110100101110110
0001001000011011110001111010101000011100010100011110000000000100
0100010001000100011000100101110011101011010011100010010101001101
0011110110011110001000110000111011001010101000011011000011101000
