1101101001010110100010111110111100001000010100111011111010111010
1000011001001001000000110011101000101010010100101101101001000000
0101010011101011000000011101000110011000011000100000101010001011
0111100010101010100100011001011011011011000000100111011001001100
0101110010110001010011010011100010101101110100000101111100000110
0110011100010000010011100011011011111000101011101100100010110000
0100010101010101001100001111101011010001001100000110110011101001
1011011011111100011111111111001110011010101101000110100100001111
1100000011111101111110011110110110000010000110011010001111001101
1110101000010100111010001001010000010001110110000101000110011000
0100011111110000001110101010001011100110001010001111110110010011
1000010110000001111100100111111110100011000010101101101111101011
1111110101111010110001000100011000101011110101101011001001010000
1110000100110101011000110001001011111011110110001111100010101100
1100010000001110110000001101111100001000100000001011011101101001
1010111011110010011000010001010100011100010011010111001101010001
1100110010101010100110010111111110011000010110010110010110010110
0001011011000111100000011001011111101101100101111110110001001101
0100001100100101011111111001000001111101001000011111000100001001
0101110110000010010101001011001010000001011101111100101110100111
1011011110000011100010110100101010000000011101001011000000011101
0100101100011101111101001110101101111010000001011001001101000110
0101001001001110000110100110111000101111010110010000010111000101
0010001110010000100011001001011001011100110010110101001110101010
1011111010000100000001111000110111100011001010101100011110000100
0010110101001001010011001011000111010111110100011100001111101010
0111110110000001001001001110101000110011101001101100101100000100
0001001101101111011110011011011011100100111000100101101110111000
1111010111011101110110101110110000111101000100011010101011001110
1100010011001111110000011110110100101100101010011111001011000010
0101000011111011101101101000101111010101101100000000111011110110
1100110101101000011001101010001110001010001101001100010111010001
0011111001100101110110011010111010001111001100000111100001111110
1110111101011101110000111001011000000010010100110101001100011000
1011010010101000001000101001010010111100000101100110010110100011
1001110001011001101100001001000011000100111100011100010101110010
1000011110101101010000100110100110100101001010011001011010001111
1010000111001010011010000111011101100111101010100101000111101111
1111101101101011100000011100000000011101111001011000001110010001
0011101001111000000001010100001011001110110111011111011011111010
0100000000101010011011000110011010100100001100100111011000111011
1010010110001001111110100100011110001110011100110000011101111111
0101011001001101001010101101101101101001111001000110011111100011
1111100001000011111010010001011101111001011110110100011011001011
0010000110100001010000001101000100010010111010100001101111011001
0101101010100100110000110110000110000010101000010101110010111111
1000000110110011011001111001011011010001111001101001100101110111
1011111011110010011100010011010110000001010010101101100110101000
1011010010101110111100001011111011010011000111010101101011011000
0110101100010001001001110011111111110111001101101010001101110100
1000001010101000110111000011111101010100101011101111001111011010
0110000001011100011101100110001010110011110111011101000111001100
0001000000101110000010100011110101000000111001011011001100001111
1110011111000110010100100000010111010111001000110010011011010110
1010011111110011001011010010001010001011011111101011110101010010
1101101010010011000101111000000010101100000010011010100011100100
0011010010000111110010001000110001101011011010001010000101111110
1011111010010101000010001111011001000011001011010010110010101110
0011010001011111101101001111100100001011110110010100110001001001
1010011011100011100001010110010101100011010001110110100101000011
1100001010001100011100010000000000001000100001111000100110101101
1011011100110110100101111100000100001001100000000101000110010000
1000011001111010100001010101110101001010000101110100000101101000
0011011111001001000100011100111101110110100100011110000110001111
0101001000111101110100010111110111011101110011100001000010101001
0000001101010001101001001110100111011011100110100010110110101001
1111101001001001110001101011001110101000010100011100000001010100
1101111001011010010101101100010100011000111111110110010000010101
0110111010100100100101110010011101110001111001011000111011010011
0110111011010011101100011011110100000000010100111010011011100010
1001100010101110100110110001100011100101011010111001010011001110
1111110000011001011100011011001001110000100111100001011101011100
1110011101010110111111001110001000101101101111110101110000010001
0110100100010000010110101000101010001010101011101010000111010111
0111100001010010000111111010000110110100001001110101011011100111
0100001111111111000101111111001111101000011110100010010101111011
1000011010010000100111010000000001100011100110000110111101111111
0010001100111000101000000100110010011011011101000110110111001111
1100111000110110111110001111000000010011111001001100010110010011
1101010110001001001101101110000100101000010010011110111010010011
0110110110100100011001001111110110110001000001000000000011110001
0110101000001011001100111111110001110101000100101110011101110001
0101000100010001111000001001010001100110001101001110000101101000
0101111100100001010101110000000110000101010010010001000101001011
0001001001011011111111101000110011101110111001100011011110110000
0111111100100011111100011110011011000110010011100001011111000010
0010110101100110100000001011001011010111100001111100100000000011
0000111111011010011001110111110011100111101111110011101000000100
0110001110001111111011000010101111000011001001001010001111111011
0010001101101110000100110111110111111100011111001001000010101100
1001001111011000001101000011000100101110111100010110110010010011
1111000011101001000111101010011110001000100000101100000010100010
1000110110101000111000000101111001111000010101000000011010010110
1011011101011100110001011011001010110000000100011011100010000001
0001010101110010011101010010101011100101010000010101000100110110
1011000001011111001010110011110011110110000001000110001011010001
1100010100111001111010010011100100010011101101110010000110111001
0111111110111110000111101010101010111011100110001101111000010111
0000010001010101101010000010000001000111111111000100100001011110
1001000101011001101101011011110110100001101001111100111110110000
0111000110101110011010111110010000010000110011110011010001110000
1100111000111011010100011100010011100101010001100101001011010001
0000110101011111100111111101111110011001100110001010100111010110
1101001110101001101111000010001001110011101001011011001101001001
0101111000111011011000110000111100111001010011111101111101101101
0110001111000010011001010001101001011000111110111111000100000000
1010000111001111110111110110011010010011111111111001111111011110
0001111001010111110010001011100110001001011101101010001100000110
0010011010101100001110010100001101001000111110110110101111101100
