0111100110010101001110011110101101010101000000110100100000001011
1110101011110101000110000011101100000100101101100011110011111100
0111110011010111001000001001101000000001010000110100001111100000
0001110011101011111100101110111110000101100111100000100101111011
1010100111101111000010101101001100000010111000100010000001101100
0011100001011101110011000111011110001000011000101001000000010001
1111010011111101010011111001001100111110100110011011100110001101
0110110100010000100001000001110100001110110111101100011100011011
0111011100101101011010100011111100001101111100001011000011101010
0101011101001011000111100001110110110000111100101010010110110111
0010000101110110011000011110001101101100100100111110001110110111
0110111000100001010010111100000110010100110110101011100011111111
0000101100110001001110111110101010101100101110111100110001110011
1001011000100111100110110000100110001110011000011101011111100010
1010111011110111110110101110101100111001111000001110101111101011
1100101100110111100110110101101100110100000101100000001111110010
0011111100100011110101101100001111001101111110110111100111000001
0000001000011111000110001100011101100011100110111100101110101111
1111010010110000011010001100111010010111001100110110010111010101
0001101000101001100111000110100100010101011111111101011110111111
1101101001101111010110000000001001010100011100111101101101011001
0011011000010111100001011101001000011000110110000111111010000111
1111001011001011010010101011011101111010000101101011111100010111
1100011101111101101001111001000000010110010110101111010100111010
0001110100100110001100100111101000110110111000000110110100101010
1010101100110011110011111100001000010001111011010000011000111111
0001100101000010001100011100001101011011001101011101010010000101
1111010111000010110010011010001010000101100111010110000011110010
0001000011100010101001001110101011101100100111110110011010010101
0010001111110011000101100100101001010010101110110111011010100111
1110011100001000010011000000000101010110110001000111011100001100
1001100100000100000101010000000000011101110111110101101100011110
1011011111100110110101100000111001111001001001100110010100000011
0111011101000011100111010100000110111001100101101101101100000000
0011010110001101110000101011110111001100011100010110100000010110
1100101011010011110110001010101110010000011101101001001100100001
0110100000100011000011101000101010011111010101110111111111111011
1001010100110001010101111011000000100000100101010111101101100010
0001111100011001001111011110010011100001010001101001001001010001
0101110011100111110001011100010111001111101010011110011010100100
1011001010001011010000010001010000011111110001100100111001111101
0110000100101010000010001111010010011101100110001010010000011111
0111000011001000001111000100100100101100101111110100011110111010
1100011010010111001001110011010101000100011000000101110001111001
0011100001000011010100011011000110100010010011011000110000100111
0100111010010011001110111001000010111011110100011110000000001010
1101001110111010001111001100100011011001000111110010100011010001
1111000010010100010011110010001011000101011100010100001000100111
0001011010110110100010100111011011001100110011111010101110110010
1100111100111011010000001011100001001001111100000111100110101111
1101010111010111100111101011101001010111011110101010100100011011
1010100010100001111001011110001001011111000100000100100110001111
0111010111111011011110001100110000001010001001110110101010100100
0100000101101010010000000001100111110011101101000011001111001001
1111101000110110001111010111100011100001110110101010001110111100
0001110001111011010101001010110101000111001011010010001011110011
1111110011110011000011010001111101010110110000100011010101110101
1100101101000011011111010001101001100100110011011101011110100010
0010101111000010100110111101100001110110001000110110011100011010
1010001001111110010011100100000000101110110010000001100110000110
1100101111111111110110110011111001101000010001010000100100101000
1000101111011111100111101010011110110110011010000011111100111100
0001011100000001000111100001010110111001100001110000101100101100
0100000000000100011001010100010101000011010111011000001011010111
1011011100010110111000111010000101010001010111011000001100111101
1100100111010010110011010110011011101100110011100101001000101000
0111000000000011001110001010000011000011110010100010000010011110
1111101011011101111000000101101100110010111011100100111000110011
0101111011100011001000100110000110111110100011110111100101100111
0001011111110110100000000100110000010001011100001010100100101101
0011000101000010010101101010111111010011111100101000110011011001
0111101111111010100011011000101011010101101111000011010010110101
1101101111110011101010101010111011000100010010110000011001101110
0000010011101011010000110000101001100010000101001010110100001000
0010100000010010100111010010100010110001011110110110000001000101
1010010001111100001000101100110101111110011110110000110101110000
0001111010011001011101111010101000010101101111110011110010100001
0110100001101000110101110000011101101100100011001010111010111001
0010111111010111110011010110001111100011010010011100000010001100
0110110001011000101110100110101111010110001010111110011111011000
0011100000110111000101001011111001111011001000100100101111000100
1100000000011100011010111100001111111000001110011001111111000101
1100001101110100111100001010101111001101000101010110000010001111
1101100101001011010000001100110110010001101010110001000011111111
1110000111010000001101111011101101101101010110010001100100010010
1011001011101000001011100010111011111110110011100001010011000001
0001110111001111011111000100111101101000001001111000010000111101
1011110100001000000000110010011111101101111000111001100101011101
1110101100110100110111000011001111010000000010100100001101001011
1101000100001011010010010001010001000100101110000101011101001010
0000011100010111100011101011100111011001001111001001011010010001
1001111000111111010110111001101100111001010110011101110001110110
0001111100100001101101000110111001100101101010001011001101000010
0101111100101101001001100101111001011010000101111111011110111110
0000000111100011111101000001001101110001001110010110001111001101
1000010100100110001111000100011001100000010111110010001011001110
1000010011001000010001011011100110101010010011001111011111100100
0010110000101101101110001011110111101001100000111110000110000010
1101100100010110010010110000111101110000111101100001001111001100
1011010101111101011010010110111111110001011100111011111001001010
0001100000011110011101100001000010010001111101011001111000111000
1011111001100110110101110001011010011101010010110100101010010110
0110111101010100111100100001011000010110110010100111100110101001
0010111000000011011101001110011001100110011000011010111011011000
1100100001100010110100111111110100111001000110001011111000000101
0111010000100000011011111100100100110000001110001001000001000101
0010001000111000000110001001111011011110110100101001110101000100
0000100100101001100101011010110010110100000110111000110111010100
1100101001111010100000110100110001110000101001010001100101111101
1000010001111010101100111111110100000100101011011100011100100011
1110011101101110000110000000100001011001010110110010011010011100
1001011110101001110000011010110000110001001110111111101100010000
0100011000111001001010010010010010011001100111000001001111100000
1000001110010111111011110010100111000000111101001001110001100110
0110111010001010000110000001100100110001010110111010010001011111
0010000110011000000000000111111110000111000000000100110111110111
0110011110110111000101001111000111111100011100110000010001111110
1000001010000101100010000001111111100001100111010011100000011010
0001001110001001101000110010101111101100010001000000010100111010
1011111000110010010011101111111110000001111100011011110010000000
0011010101101011011000100011101011011010100101110110000011110001
1101111101111100011011111011001000110010011110111001001100100011
0010101000110001111000110110101000001111101011001011101000110100
1101100011001011110101000010010011111000111001011111100101001000
1110101110100011101011011110110010001011010010010010010111111011
1111001101010100010110011001011011011101010100110100011110001001
1100101000001001111000010101001110100000010100001111110001111010
0101110000000101000010100110111011100110110010100110001001111100
1001001010101010000001000110010010000010110010010011010110110010
1000111001000110001010010010101001101111000101000001000100111001
