1100111010000110111000111100011100010001010010110111111000000000
1110111100111101110000101110100000010101001101000010001010101100
1011100001100110000010100011000010011000010000000010011101010111
0110110010111110100100100101101000001110101100011110111110110100
0000111111111001110011101001000111110010111101100110001010111111
1110111111111011001010011101111010100000111111011000110011110011
1010110111001101100101110010000000110010110100100001111010101100
1111110000100011011000110001010101111100101101110110010010010111
0101001100100010100010100111110111110001000111010000000101001111
1111110100110010101010010010010010001000001010101111100111110101
0111110101011011000101100011011001100001010011110110111111111011
0010000111011110110011010110010111001001010100110110011011101000
0100000011110100111110000011100010101111101110111000110011001111
1100000111101001100010011010011101111011010001010110110010100011
1101110000010101001011110011010110001101010011100110111000011000
0001011001000101001110110010000000101010001111110010101111111000
0000010110001110110001011111101010001101010011010100001000100000
0100100010000010110100000111011000111101011000110101010010110110
0101001001010010010100100110011001011000010100001001100011110010
0101110011001100110001100010111010001111111101010100001010000101
0101011001000011100001100000000111011100001000110111001111100100
1100000110010011111001100011111110001001010101010111010110101001
0111011011000110111001001001011011010010000100100001101001111010
1010011000111011010111001100100001000101110100001000011110110010
1011010110101011001000101010010100110111111000001101001110011000
0010101001101100000101000100110010010000011001011100110011011110
1000001001001001011000100100101101011000101010111110101001000101
1000010100100001101100010111111101111001011001100111011100111100
0101001101110110010101111001101001011100011111110010001101001101
1011000011101100011101010111000010110110010011101000101011110101
1100100011111010000010001110011111111111010111000001110101101010
1110111010100010011100100101011000001011000001111001100010100100
1111101010011100000000010010100101010110001101110001111001010101
1110111011001110111110100100000010110011110110110101000000010000
0000001010111011101001111010101010011001011100001100010110000101
1100100001010100101001111111010001001101010011010011000011111000
1100110110111100111011011111010011010001110001111111110110101001
1110100001110001111000111011010001101101111100110001001001101000
0111110011111100100001110100000010000001111001001010011010000011
0111010101110001110101000110110001001000010000010101100110110000
1101000100011000100100100001111101001001110010010101011101111011
1100100000001010000000010000110000001101010000111010011001101101
0010111111011110100110100100000100010011011101101001001010011011
0111000000100010100001010101000101001101111010010011111101110110
1101101000101101110011000101010101101100011000011001101010110011
0100100111001101001101010111110010000110010000010011110010000011
1110100010011000110001001000101110011000110000101001000001100101
1011001111000000100000101011111000001110000110011110100000110011
0011011010011100101111010110010110100110011001101000000100011011
1100010001101100000101010011101010111000001101101110100101001101
0100100010111001100101010011000111000011100010100111110101010000
1011110111001110111010000001101001011010101101001011110101100001
1111101111101001001100111110001110001001000101000001100000001001
1101010111101010101010010011000100111100101110100111100000110001
1001011001011110010001110010001010111111000111000010010100001010
0111101100101110000010100110000100101010111000100110110101000011
1111011111001111010100011110001011001100010101110100111011110000
0001101011011010111111100011110001011100111100010100011110111100
1111110010110010110100110000001111100000000010111111100010111111
0101100101000101101011101100110010001011011011000111010110000001
0101001010101110111010101111101111010000100011011110100111110001
0100011001110010110001111001100100111010011010101001100000100010
1111001101010011000110100101111101110000100111001101100011000000
1101000111000000110100001101110000111101111000001011011110010111
1010000111001011001011001011110011111011111010011101010110001010
1101100101100101011000111100010010000011010101000001010100000010
1010101100010000010101010110000101111011110001000101111100011101
1100111001011010000100010000010100100011010010011001111011011010
0001111001111110111010110010001101101110111001000000011010010001
1111110101100110110011111010010011100010011110000010011001110111
1100011111110000010101101000100000111111011111000101001111110011
1111010001011001110011000101110011000111001100010010001000100111
0111110000011101101010001011100011010010000100101111010011010111
0000010000010001100101000001011101111011101101101010110011000011
0001000001110001010111101001110000010000110111101000001010001110
0100100110001010011011001010001100011101000100101101101100111001
0001111000000000000110000101101111110011111100011110010110101101
1110010001111001001000011101010000001000110010001111010000111110
0010111000100100110010110000100110111101001011111111001011101110
0010010101010101001011001111101001001100011101110101100010111010
1001010001111000101110001001011010100110010010101101000100000001
0011011101111001010010011001110010111011100111010110110011111110
1101000110010000011001110111101100011111111000000111101111101100
0000110110000010011001111101101100101011100011000011111000100110
0011011010000111001111000110111101111001101101100000011101111000
0001000001111000111101000111000110001010000110111000111001100100
1000001010000101100001101011100010100000011011000111101010101011
1111011010110111001111101000000010011111111111010101111100000100
1010001011101011110100110001010100001001011011110000110110010101
0100000100100101101010111011100001010111001110010101101010001011
1011100010101000100110011100010101101111101111101011010010011110
0011001111000111011000001100111111100000010100101011101100110100
0000001101110111001000010011001001000010111001101110000111011001
1111000010100011100110000110110010101111000001110001110101100001
0100001001010011001001010000001101111011010000100110000010111011
0110101010010010111111011111100100100110110001011100111001110110
0001100011010011110011110101000000001111000101001100001101011101
0101110111010001001101001001111101100011000111010011111101010010
0001100100001101111100100111100011011001010011011110111110000000
1111100001011011111010101100001000101001001101001000001110101101
0011100010000110001011010100100000110011100101111101010011011011
1000001100000100111110010100101101000100110101110011101000101101
1000110100010110001101010000000010000111011000100000100100111111
0001001110000111100001011001111100111001100011101100000001111110
1110101101100111011010111111000101110100010101101111110110111111
0010100111101001001011111010100011011101011100010111111101111000
0100000001101011101101000000110110001100111110011101110000011101
0000100000011001110000111101010001001010100011011001001010111011
0101100100111111110100100011111110010010010110011110011000001101
0101111100011111101000010111010001000100111111111100111100100110
0110011001111011010010101000111001000110010100001000100011010111
0101010111010001110100000110111011110011101010010100100111000011
0110101001010011011100000010101100101011011111110110001100110101
0000100010000000011111100100010001101111100111100011001100011101
0001011000110111101011011000101100101101101111010001011100010100
0000011110111011011001111001101111010011000010011011101011000001
1001101110001001000011100001101010111101000011101000111110000000
1011011010010100110101001011101101111011010110110011001100110000
0111011111110010100100111001110001001110010110100011001010100010
0110000101101001101100101001000011011000100100111101010110001001
0011011110110110011110101110010010011111101110111000010101111000
0100000011000011011110101110100111000011000011001011101101011011
1110110101000100100100011100101000100011000001100111110100000011
