1101011010111101111011001101000101000001101000111110001101000101
1010111011000101011100111000000110110010000010000000110001110100
0011111111011110001011001000111111011010111010101100100000001101
1101010011111000011000110101111111101100101101101101111001000100
0100010100000000011011111010000111110100101110110001010001010001
0010001001000100101010110000101010101001101100001010100001011110
1100110001011101000100000011010110011000000111001001100011001001
1010000101011001111111011110001110000101011101001100011011001000
0100100111110100101110101100101100101111100010111001101101101110
1010101010000011010100101100101000111101111000110001001000000011
0010011111000111001101110110111000000000111100010000010001101011
0000110011001111001110100110101010100000011101001001100001111101
1100100000100110110100110100010010001000001111110011011111110010
0100101001010111010000011111100100100000110000110011010010011100
0101111001111101010001111111100000011100010110001010011111111000
1011100001011111010101001011110110000011010100100010100011101101
1000010010101011000111101111011101101010101101110001111110010010
1010001110000111110011110010110111101010110111000000010100000010
1100100001111011011110010001001111001000101011010001011001000101
1001011011101100101001101110111011000001110110110110010110001111
0011101111100011101011100110001110000100000001110111011111000010
1110111110010110110011101011011000000000100101110101001111110111
1011011011100011111110011110000100010100010101101001111011010111
0101100000000111101010010001000001011110100111110001000101011011
0011111111110100001001010100101111001001110010111101100111011010
0000111000110101000011011111101001010000110000100110011010011000
1001101011111000100000101011100100101100101001000100100111000011
0101101111011110001101011110011011010111011000101110010111100111
1110100011111100111010101011000000110111111110101011000001111011
1010110011100010110101101000011010010100100110010011001111000001
0110000000011001110100110101011000001011110100101010011100000111
1100100100010000100110001011010111010001101111111001011101001100
1110100110010111100010000011000000111011001001010111001000101010
1100010001000011100011110010100100001001011000010110010110111111
1000000110111000110111100011110110001100100101110001101010000101
0001100111111110000001101000000110011010011101101111000111100011
1011101001001110011100101111110101010111010010110001000101101101
0000000101111101000111110110101110011000001101000101011000010010
0101011110101110110010100001101101000000001110110111010000100010
1110010011110011010011110111100111111101100110111011010001110010
1101110111101110000011110001111001111110111011100100111001100000
1101101110100100001101110001100010111001101001110011101001000001
0010100101010010001001011110110000110001110100010011101101100111
1001001110111000001001001010111000101101110000010001010111010100
0101011010101011001001111111000010111000111111101101101000101000
0010000100110010110000101010000011001011000101100000000000010100
0101000101101110000100111111001100010100111100101111011010001111
1000001011011010011010001101101110000100110010110111001001100000
0111110111011100010010111101010011101011111000010111100000110001
1010101100000100011101001010011111110011100000100000101111110010
0001000001101111000100010010011100111110000000101010111000111100
0001011010101000111111110001101010101001011001100101111000010010
0010000110100110001010100100010000110010001110110010100110010100
1101001100001110001011111101000111111111011101101101000101110000
0100011111001111101010001011101000000010011011010111110101011100
1110111101111001110100101000010111010111101011101101001011000011
0110101010111010011101111111010010001110100011001100010001110110
1000111100001010001011011110111111111101110100001100110110001010
0001011010011010101111011000001001110101011110111010110000001110
0001010100001100101110001000010101000101000010010010000110001101
1001110001100001100110011101111010001101011011110111001100111111
1001010001000110000001010100011110101100100111111110010100101001
1111001101101111000101111001000011100101111010101100011010101100
0000010010000011001101001111101110111110110111100000101011011001
1101110100010001101101001111011000101000001111100100100010110000
0000010100100001000111110011100101000000011011000110101001000100
1110001000000101101101111010011101001001111110101010001000000010
1111101011100100000110101011111101111111001001001110010000100101
0100010100101111011010110011011001110101000100110011110101011010
1001011101000101111001100100010000110000010010011001001101010111
1011000011110001101111001001010010100010111111100100110000011001
0010001001100100001011101101100111011110011111110100110110101000
1110101010110101101101111011111100111111111100010111010101001101
1111001101000101010111110010111011100011001010110010111001000111
0011101010011110101010011100110101101111110110011011101001110101
1001100101111100000100011000010001011100110011010110011110100110
0011000001100110001110010101110001000111101001010111111000001100
0001001010110001011001110100010100110111001001110100001001010110
1100010010000000111111001110101100111100100011001111100001100011
1100010000101000011101100011111000010110111101000111111110110011
0010011111011110000011001001001010011110011100011110100111000011
0001101101110101110110110011001111000011001010011000111000000101
0100001100111001000000001110011000010100100100100101101111011100
1110011100110011101110011110000110100111111001110010011111101000
1111011001010100100011011100011001010000010000111100001111010110
1111011100101010110010010011000100101000100011001111101011100001
0001101010101111100111010010011010101010100010111011000000110110
1110010111001011010100000111001010100110110010101000100110001011
0010010100011111001000010100111101100111100111011010001001110111
0101001101010010000011100001001001100010000011011001100000001000
1001001010101111001010100100110010110010011110010100110010010000
1000111010101101000000010001110101111110111111001011101010010000
1001111110111110110000100001110010100110010100101100101111011101
0101110110011100101111001010111010011011100111001110001110100011
0100100101011000110111100110010011110010001010110010011100110010
0110011010001011101101000000000000101011111111100110100001110101
1111000010100010010010111011101101110111100010111110000111100010
1011111101010000100111001110001001110011110110101011110000010101
0111101111101100011011100110110111000001100111100111000001110101
0010010100111101100110100111110010000011111110101000111101100010
0011000000110001011011010000000111011101010110011111000010101100
1110010111110100000011111010000011110100100010000101100010110110
1110010101011011101011110010001101011110001011110000001100100001
1010110010010001010000101010110000100000010101011100011000001001
0110010010111110100011011111111101010010101100111101111010011101
0100010100111111001101111001111111011101010110000100101001101011
1110101100010010001111001101101100111011100010110001100101111100
0011001101101011000101101101010101001001100000111100011000111011
0100101110111010111001001100011111001001100010001000011011001100
0011111100011011010011111010111100110010010101100001010111001110
1111000111011101100101100001111101011010100111001001110000000101
1110000100001001110011010000000010111000011001011100010001100000
0010000111001001010000111101111101111111100001111010001110010001
0010010011011110011010010000011001010010011010101110010010100101
1010011101101101101001101101101010001010100101101111010100001000
1010011000001011001101000000110110001100001111101101110111011001
0011010101110100010101100000110110010100011011000101101000011100
0110001010000110011000100101010010101111110100110100011010101000
0101001110010100001000000100110011111000000000010101110010111100
1101100110110001000111100000111110010110101100011000011100001101
0000110010011101110101010100110000101011000111000111111101111001
0001000010101110100011100100011101101100101100111101011101100111
1011101010101011011010100111101110110011011110010011001101011110
0001011110000100010100011111100001011001010011010110110101110100
0110010001010001111101000110101011100010110000000100011010100000
1000011101100000110111010011001110010100001011010101111001110011
0000011000010001011111111001000111001101000100010110100110000110
1101010001010111111100011110001111001110100001010110111100000000
0000010010101110010100000000101001110011001110101010001111100000
1000100100101011111011100011010001011011111110001001010111000111
1010110110011111010010001100001000111000100011101100011101101000
1011101010000101101110100101010111110111100011010101000111011100
0111011111101101101001111100001111001101010010111010100110110011
1001000010100101110101111101100101011011100000100111010000011010
0001010100110000001011000010101001001110010110001111010011001100
0010001100010010111111011110000110000000111000000101000110011110
0111101101001111011011100010000000110010110111000100011100101001
1011101011111011100011111001111100001101111110011001011000110010
1111100100000110100001010010010111010000110011101101110101001110
1001101110010100110011110011110110111110011001000010110001001010
0100011000000000011011100111110010100100100010101001101111000001
0110011111111010001100100001101000010100000000001110111100010001
1001001110010111110111111000111011110001001110001110000001110100
