0000110010101001111000101001001001101110001100001110111100010011
0111011100111111101010110100101000100100110111010110000101010001
1101100000110001101010000111010100001011001100111101010010011001
1111010111011010110010001101111000000010011011100111000100111010
0010010010101001101110011000101101101011100011001100010111011101
0011100000110101001111010000110110111110111100100111111010010111
1011001101111101011111100100101100111011010110011100100000111101
0011100111000010000110000100000010010110011001100001001100100011
1110010000001100001011111010000011011101000000111100111000110101
0101001010011000010010010110110001000100001111000111101111001101
1101010000111110110101110101101100110011111010011010110000110100
1010101000010001100010000100100110011100101011000101110011001111
0001011010111011111010110011100010110000111111111010111110110111
1101111001011110111100010111000011000110111011110011100010011010
1111101110100010101101110111101111000000011101010101011010101010
0001110101101010111011000010110111000110000111101010010010010101
1101010100010110001010010001101111011000101010110111001100001001
1010011110111110100000100011111100000011001110110100101000010001
1011111001010011001111000100110011100111111101110110000011011101
0111101110011100000111101110111010011011111011000111011101011010
0101100001110100010000111010100011101011000000010101010011100000
1001111110101001011100101100100001111001111110100001101010110101
0111001010000101101100011000011111001000010110010001110011110100
1010001100010000100010010011100111111010101111000010110010110110
1101111010101001100000011000001000001001110011001000110111110011
1110101110011100111101101010001111111000110001111011000010111011
0010101001100110101000101101000001101001011110100100100111100000
0010101100101110110110011110010100110111010100110010110100110110
0010111110100011011010010000000110101100111000100101100100001101
0101101110011011011111011011110111011100110111001000110000001111
0010101011110001000001110100111100101011111011001100010100000100
0000000101100101001111001100101101100000100111100111101000010010
1100001011001001001001101011011010111110110110111101011100010011
0001101110010100100011011110011111101111000111111010001001100011
0110000110111001001101000000111101100100010000010010100110101111
0110010001111100001110100111100001001101101100100010110000000011
1111100000000111111100110010101111011111100011000011010011001101
1101010100101010011011111111111001101110110000101110011011000010
1100000110100101100010100101010011011111001000011111000100101101
0010011001000010110010101100000100110111101101010100010010011100
1101111000000100101111001111101000101101101010011110011011001110
0100100100101000101000110001101101011110010110100101101101111100
0000000100100001010111110110111010000001000101010001001110000100
0111011111101100100000100010010100001000001110100110110111101101
1000010100111110101000010100100111011111011001110101000011101100
