1011010010101100010110100001100010101111000000100011100110000110
0011001001011100110000001101100101011011001000001111011110001101
0011000110001100101101101001001110111111111010100101000001101101
0001101011011010001110000000010100101001111110110001001110111001
1001010011101100000001111011100110000001110110000100101111111000
0010100111111001010101101101011101100010100100111110110001101100
1010111110010011000100010100000110011000111110110001101111010110
1100100111010011100101010111011000000001010010011101001101010010
1111001100111101100010000001110111000010010001110001100010011101
1101101000111000000101001100011111110100001111101001001000101010
1011010010011100100010001001111010001111111011010010000101011001
0111010111010011011001001110011110010010010110110110010000011010
0001100101111000101101111101101110011110010111100001101000011011
1011101010111111010011000101011000001111010100100100101011110000
0111101011000000111011111010011100100101011001111011100001110101
0010000111111111101000101001010011010001001010010000010110111000
0110010000111000010000101010000011011001001000011111101011110100
1010111100010100001000010011110001000110110101111000100111100101
0101001101010111111011100001100110111000111000110100010110110101
1011110000100111000111010101100000110100110101111000011101110111
1000100101100110110101100000101001001011101011110000001110000101
0110010100010100011111110100000000101010100000011010111000110110
1000001010111001001000010100000010001001100010010111100101111111
1010101110000010001100010000011011001101100011110001000110010111
0110111101101100101101000101110111010101000011111010011010000111
0010011000101101100100000110110000100010101101000111101011101101
0000001001100110001101110110110100101010111010100111100011001011
1100000100111011110111011010111010001010101010010010001101100011
0101111001001010010011110001101101110000101000001000111011000101
1110101001111011100000101101001110010110111010010100010000010100
1110000110010011101010111110111111001111101100100110101000000000
0100110000010110111111110101000101110011101000111101111101100101
1011101100101110001110111101100001000011110101111100101101011011
1010110110101000101011100101001100011110101001001001100000000000
0010000111001100011011001001001110111111110011001101010011001101
1001011111110111001111111111011101100000011010100100001101110011
1110101011101101111101100101011001100110001101010110111000100000
1100000011011000100111001000101000100110110011000111100011001011
1111100000111000111110010010000011001001011110001000111010111100
1010010100000011100000101101010101100001001010011000101010011010
1111000011011011010101110100010100001110000100011110011110011011
1101101101101001111011111010001011100000100001000111101010010101
1110000001110100010010000100010101011111100010011001101000101110
1001101111011101110011000001101110011010101001101010101101111000
0010111101011110101000110100001101011101000111000000110101111000
1110100011110110110011100100110010101001011100000001100111000010
0111100101101010110001001100011100010101001011101101010100011100
1100101001111110110100111010110001011011010000110100111111001001
0111011001011110100010110011100000011110110001110101110011010011
1000011000010101000011000000100001100011100100111110100101100101
1001010001011001101101001010101000001110100101101010101100101100
1010100000101110110010101110100100100010101101010001010110101101
0101110010011111001110101000100000101110000011001111001010110011
0001110111000100110011111111111111001000010110001000010000011100
1110001111011001000110110000110000011100011011010110101101000011
1001011010000001111000110100000010010000101011001010101101111000
1000011000010111110010001001011001101010000001101010101001101101
1110001100100110110111101101111101111011000001000111000000101101
0001100010111000110111111111100111000101100110011011110000001001
0100010011100000100100000000100011001011101111110111101100001110
1001000011100111100111101110100101001100011101011001101010000100
1010110111111110000011111010100011111110101110110111100111110101
1011110100100001111111011010000010010011110110100101111101111001
1101111111000101001111001010101001001100011001110100011110011011
1111010000001101011101000110111011100100010001100001001000010111
1101010110011011111101111011001110111011011000000100101100110000
1111111001001111000101000010000011110001010101010101101011001111
1011101100100100111101101010101001000100001010111010110111001100
1001001010110010110010001001011001010110010011001010111001100000
0000011001100001110110100110100100011100101111010000101101111001
1000000111011100110100010110000110100111011001001110101100100110
0000100001000000010110101101101110011010100100011010001110101011
1100011010011011001000011010010010101000010011010001110011010101
1010001101010101010011110010011100001011001001000001000110011110
0010101110100100001001110100110101011010100101110100010011010110
1100110011011110010001010011100110010010110001001001010111100100
1001111000011010110000010001110100001101110011110010001010101110
1000111010010010101111001000001011011010100000100111001111100110
1000110010110001101100011000110100011000010111100101010100100001
1101000100110010000101000000110011111011001001001000110000000001
0011010001010000111011011010101100010011100010100101110000010010
1100010011110000001101000011101111100011011111101001010001111011
1111101101100011110011111011011100010001100101110001001000110110
1100010100100011100001110000010101101011111111101011011110101100
0100010000101101110010011100001000000010111010011001100101000001
0101010000110000111010101101101110000011100101110110011100111110
0011101101000110100010101100011110001100101101001111001001010010
0111011101110100001010001111010010010110111011011101101011010011
0111000110000001110101111100000110011110011011111111111110100010
1101010110011011000100101111111010100110101110001101110000101000
1010100100001100011100010101001111010010001000010011110001000110
0110001011111111010111000001010101011101101011100101101110111111
1101100110111001010001100111101000011011110100111011011100100000
1010000111001111111111101010111100111001000110000001001010001011
0110110011100100010000110101101001010100010101110001110001010000
1100011010011000010011001100001001001010011111111100111000111101
1101010001001111100110110011110100001000110100101101000110001110
1010100101100111110000001010110101000001100001010101111110111101
1111100010001111101000101010001011011110000111111001000110000010
0110011100111001100000010001100101100101111111110011010001011111
0000011010001101000101011100111110100101000110111010001100011111
0010001110100010010011110101101110100011000001101001010001010011
1011001011001111010001000011101111101110001110010010110100101000
1101111100001110111001111100001111100011101001100111010010000000
0000000100110010001110110101100011101101010100010000011101011001
1000001011011111111101010101010111100110111000111100100110101010
0101000100100101100000101110111000110000001101101010101000011011
1010010101011000011111110111001010001001001101000100101111100000
1101000011101100001011110011010010011101101011110000000011101011
1110011111100001010010010100100011001011011101000100101011010011
1010101110110001011010110001101110100100100100011100101000110110
1011110000001101001001111010100001000001101111110111000101000101
0001100100010100011011000101111111111110001011110010101000010010
1000100010001101010011110011111010100111000011100100010010101001
1111011111011100101001100101000010110111011011101100101001001010
