1001001001110110101101000000001010100010100010101001000001001011
1100101101100011011110000000110101010000001010101110000000110101
0110100101001100011011110011110100101010000110011000010101101011
1111010110001010110111100011101000001000011111100000000111011101
1110001101000111110101110110000001011010100110100111110010101001
1011110111111001010111111011100111011010010010111000111010001000
0100100111001101011011100010011011111101100001111000100110110001
1010100010001001100111101110110100001011110000010101001000100011
1111110101010110001111101001011101001111010111000101111010000001
1000111111110001101100000110010000010110010011101000111000110110
0000111010001100111001111010110100011111111110010111111101000000
1100100000010100101110001110010101100010111100011101111100001000
0100110110100001101100011111111111000000010101111000000101111111
0110010011110111011100011001000000001010100001110100011001001010
1011000110100111010111010100111010001000110010011111001100110000
0101011000100101111011101110100000111110110011101011010100011010
0111001011111101011111000101010101011100110010111101010110110001
0110010110100110101111110111010101011110000101011000110101101110
0010001100001101010110010000011011100110010011110001011011110101
0000010110010010001001110001000001111111101101001010011110101111
1110011111010111100001010000001011111010000001100000110110111110
1110111010111001101101100111010110111010011010111001101100110100
1000010100001000011010110011011100001001000011111110100010110100
0101001110100010001101010111110101001100010110011110110001010101
1001100110011010010011100011101101000101101011010110001101111000
0001010100010111111100111001111001110001001010100000101001110111
1011111010111010001100001101000101111110101011000100110010001011
1111111111101111111111011000110100010000001110000010101100010010
0011010100111101011111111100101000011010111000111111001001100100
0001101010000110001110110100001100101111111110100100111101011101
1100010010000000100110111101000010101000011111111011010101100001
1011110110110010010010000001001000100001110011110111001100000010
0111111000110111000100010001010001001100000011101110011000110110
1100111100110000101001101100111101101111000110001110111110111011
1111110101011001110111011001110010100010101101101000101010110000
0000010111000100101100011111100011101111101100101111100001001110
0010111110001011100011111100111000110111011101000000101001011110
1110110010010010101111101110010110111101010101001101001010011111
1011001011010001111101000010010100011001000111100100111100100101
0101010111011010001111000101011011001000111011011111001111110100
1101100101111100101011101000011000101010010000011001010000001110
1111101111010010100111000101110111010000010000001110111110011100
