1001011110011110011010100111001110000110101110011110011011000010
1101010101101000100010011110110110101111001010011101101010010101
1011101001010111010010010100010000001100110010011001111001101111
1011000111111001011110101101100110001110000110010011001111111001
1110001101100110010110001011010111000111011110001101111001111111
0010011110110001110110010100010011110111011000001001111011011110
0000011111101011110111111111101110101111110110001011011110101011
1000001000110010100011010111000010010100010110010000101010110110
0000100110011110011110011100111001100011000001011110110001101101
1100101110100001101011101110001001100110101100111110110010000011
0101110001111011000000101011001001100001100011000011011000001100
0101101110001000110010101000100101010001011100000000100111010001
1101011011000111100110111011110010111001000110110100010100010101
0001001011010000111101111111111011101111100000101010100010101001
1011001000011001100101000001011001001110110111000000100110111001
1111011100101010010111001000011010001010011010111101110101100100
0101111001011011110011011111101110010100111100101100011110010110
1001101110110010110111000111110110000100000101010010101000000100
0111010100011100001110000011111100010000011110000001001100011000
1111110101101001110110110001100000100011110110110111001100101011
1010110110001011101110100111010011101100111000100110111101101001
0001000111001010100110000100011011110111100110000100001110010100
0010111111001101101010100000100101010111100011011010110001101001
0010100100001111110111010101101001101101100011101101000100010001
0101011010111010010101101101001000010100111110011011001100010001
1001110000100010101100100010101001010101000100010001100000111001
1111101001001011110111101000110110010100100010011100111000111000
1101001010001110010001010101111100101101000101110101000111010110
1000110100111010111011111101100010000101000111000110000000111100
1111000010110111010110010001000100010001111001100101011001000011
1001111110110110010100111010101101110110001011100001100000101000
1011111111010000101111001110011001010010110110111111010000010101
1011111111111100100111101111101111010101001100011110101011100000
0000100000010111011110001001000111100011101100001001110001001010
0000010001111101000100000110101100110001110110110111100111111101
0011011100100101101111010011000111101001110000010000000000011110
0001011111010000100011111101011010010000000010000100111001101111
0001101110101110101001100101001011110011100001101101001100010101
1110101010100011011100000011100101011001000000100010110100001000
0101101000001000110011010110001001110100110000000011010110110010
0111010000110100110111001011001000111011100110111110011100101010
1001111000101000100010011110000111011000111011000011110101011101
0101111011001111100111011110100101111011000110001011110011010110
1001000001001110100100101001110100111111100010100010001010010010
0100110110001000001000101001100001010101110001001010011000111001
0110110100001111110100010000011110011011101110000111101001101011
1101100001100001100110000010000110110010111100101001010100101001
0010101001111000100110111000010111011111101001011011100011001000
0100001110111100010110000110100001100111101000101010010111010111
1001111111101100110010111101110010100000111001001101000001110110
1001101111100101111001010110001010110100011110001100110011010011
1100011000010110110010101001101111111101010111101111001001111000
1100000001111111001100100111110111100000010111100110011110111100
0010001011100100000010010101101010101011101010010010010000000011
1001111111101100111100110110111011100001100011011101000000101111
0010011011000011110001100101100011001001001010110100110010010000
1000101110110100111110011100000001011000110011110001111011100100
0010011110001111010110000110111011000110000111101000000011001100
0010010000001100011110111100010011000111001101101001110110001001
0110000010110001110010101100011101010001100011000010111100110001
0110011000011001001111100011101110010110100010101011010110110010
1001011010010001101011111000000101010001101010111010110011111000
0010111111111101011100001010011010000101000101100111000110101111
1000101101000111001010011010001100010011010010001111110011100011
1011011010110011110110000011011100000010000101010010100010100011
1110011111110011001001111001110010011110010010100100110111011011
1010101001100010110010110011001110010100011110110010000111111101
1000010101100111010100010010101100001101100100101001000100010100
0100101010010100011011100111011100111100110011111010110100011011
1100100101111111011010010101010000011010101001111011010110111110
0100110010010000110101100100101111011000000001011001100011110011
1101100100100101000001111010111111100011011100111010111111101001
1110110110110011011000110010010011000001111101001000000000100111
1110011101111100100000111101110010000011000000101011101010011111
1011101101000010101100100100000011110110111000101001000110000010
0100011111010101111010001100000010111010000101111101111101001101
0101010001100100011100100011101011001101000111101000110110110100
1100101100010111000001110000011100101101111001011011100000001000
1010101011111011100000111011110110001101011011000001101011101001
0101001100100001100010011001010110010000101110010100011001001000
1111110010110000111110110010010011100011110100101101100101111100
0001101100110111111010100100001100001010101010100011001101001011
1111101001111000010001000111000010110110010011000000011001110010
1101111100100110100101011110100100110110101011011000100101001001
0101010010011011011000101000111100000111111000011011011101100110
0000100001011110100111001011100000110011101101101110110011000010
0011011110000010100010010011100101010101011010011000011010110101
0101000011010111100000110101110111011110010111110110000110101101
1101101010010000010101101100111011010110111001100011010011101011
1000000101101101101011101100001110000011001010011101111111011111
1000100001000101111111110110111110001000100011101000110100001001
0100111011011011110000000100000100010000111000011000001111111011
0111001010010101110110000011111010001000110001101101000101010111
1100110110001100110000000010011010000111001101100000101010010110
1011100010010001100100101100101000100000001101111110000101010101
1110100000010001110000110110000110111111001100000001110000100001
0100101100100000101010100111111101111110011100011001011000000101
0110111011110100010100011010000011000010001100000010101111000110
0100110110101100101001010010101010111101111011001110001000001110
0010010110100111000011110011111010110100111010000010011010010001
0011101001010001100010000100001111001111111010010011101001011101
1010010111001101100100010001010000000110111000011010111100010001
1100011111001010010111100111101101000010010111111011010100101111
1011010000110110100000110100111000010001110110010111101100111000
0001011111011110010100100100110110010101100010110000000001110011
1101110010000001110100000010100010000001100001111001101000111100
0111110110101011001011010000111010100001101011010100010100011010
1110110101010011000010000011000010011000001100111000001001000100
1100001111000111100011111010000000010101111110110010111110001111
0111011100101100110001100110011110100110110011110010101101110101
1000000101110001100110101111100010011110101011000100000000011001
1010101011000110000110101000011011101111101101000110101111100101
1000101100100010111011011110011111011001011110001101011101110100
1101100101010010101111011100110101101100011101100000110100001100
0101111111011011100001110000110111011000111001001011111101010010
0000001000001001100101011100011010010111111111101100101111000001
0110010111001110101100111111101101010011111110110110100110000111
1000101101101110100110000011001001010001010001010011111010000110
0110100000000110110100000000010110010101110111101000000110010100
0001011100010100001110001001000000111010000110010100111101010011
