0100001010011001000000010011000011111111001000111010000100001010
0000011111001000011011100010100001110111000001110010110100000001
1001000101000010000111100101000101011111011001000010100010110111
0100001111110100110000101000010100111111110001101100000011010100
0111110110100110111111011000110011011010000110001010001110001101
1010011011110010101001101001001010101011010101000111000011000010
0001101101001100101000011000100111000000011010000001010110010100
0000010000011101000110100100000011010011111110001110001101001101
0101011101011100100111001110110001111101110000101010000111101110
0110110010011111100011011110011100011000010100000111100111001000
0111110001011101111011100010100101001000100011101111000000011011
0100100101101101000010111100001011001000000010101101011000011011
0011111101100111101010100101100011000111101000000011110111100110
0101010111110100101001011111010110110010110001011101100010110010
1010101111010001101000100101111001011101000101110110100010101000
1000011110000000111110110101010000111011101110011000011110100110
1000110110000010010111110110100100100111001010100110001111000110
0101011000101111101000010010010011010010111000001010110100011100
0011110100100010011001010011101011010100011111000100110110110111
1011110010000101011010110010110110110010101001010101100111000000
0010001110111101110001100000100101001110111100001000011000100110
1000010111011100010001000011010100001110100101010100100011111110
1010010101010001110111010110010000111010110110111111110101011111
1010010001011101100111001111101001110101100011000111110000010101
1011111001010001111101110001111100011110011110011101000001111010
0110000101010001110010100111000000110100101101111100000010001100
0101101000110010001001010101010010001010011100000001101000011001
0110101011111101111111010000001110001110010001010011010100000000
1001100100010111011000100011110110010111001101011100101011001011
1101000110100010110001011010100010001110101111010011101100000011
1101110110111010100001111011111010110110001010011101110000010110
0100000111011100010001001011000011010011001001010111100001001100
0010111001111101101111010110010111110011101111010010000110011100
1111110000101100101110100110110101010111000001111011110110101000
0001100000111111011110000100001111100011111111101110110010001111
1011110101010010010101011101110000000001101110011011111001111000
0111101000011111011001000000011000101101100011011010110000110010
1111010111101111001000001000100001011111010110010111110100011011
1001011001101110010110011100010010100111111011001000110110101001
1001001010111101101110000110111111001000011000010000011001000010
0001111110010111011101000110110100110100010001110101011010111010
1110010110000100001101010000111011111000010011011111111011101101
0111000010000110100000110110001001111111101000100011011011101110
0000110010010110001110111101001011011001001110010000100111110001
1001101011101110110000001111101100010010111011000111000011101000
0011000101111011000000110101000100101101000111001110110111101101
1100001100001000001011100111011001100001100001101010010001100101
0101011001010100010111010101010011010001010000100000001110010100
1000000110011000001101011011010000110110010000000100000000100001
1000100011000100001101001001111110011100001000011110010010100101
0000101101010000001000010100111111110000100101110111011011111011
1101110100111010101110110101000100111100010000000100101110101101
0111111110101111111000111110010100000110011100000010111110110010
0100111110100001111000010001100001001111001000010001001101001111
1111011001110010010101100010111110101000110001100110001010010100
1010111001110011110101110100100001101000100000111111001101000010
0010100111110100000110000110000100110001100000110101100001010100
1001111001110000010010011101111000001001111000000001111101101100
1110000110000000100101100101101010111000001100000001110000011100
0110000101111110101111100110000000100010011000010100001001011001
0100100100001110001000011101110010001010100010111101000111101001
1000000011011000011101110101001000111011111011010011011101010100
1000111111011001100111001010111100100011001101000101001100101100
1111000000111100000000101101010111010011111011010001110000000101
1001110101111111100000100101010011001101101011010000001001011110
1100011001011110100110100011010111101111011100011110110110000010
0010111011000100010100001100110001100011110000101100011101011011
0000100110011111111000110011011100100001000110010101001010011101
1001111101011110110111111111101101101110011101110000010100001100
1101110000000001111001011001101100101101001001011001000101000001
1011111000100111100101101001110000011000111110001101001010100011
0011100101010100010100000010001110110011110010100111111100011001
1000111010111001111000000010010001100010001010100011100010011101
1011000111001100100110110000010111010010001101101000101111011001
1100000000010011000100000010001110101010100111001011101110110011
1001000101010011111011111110000000101101010010000100010001100011
0010111011010101001111001100001101101110110010011111010010010110
0010001000110111011000001101010011110011111010000101101010100010
0110000110111001110010010000010100010011111100011111010100111010
1001100010110011101001100111001010111011010010111110011000011101
0010101100001011010000011001100100101110010101101000001101000010
1000100001001110011010101100110010111111000110111111101101101010
0000010001101011111101110101001000110000001001011110101000110001
0100110110000000000001110011111011011100001000000110001000101000
0100011011100010001111110001001100000101101010010100000111000011
0010101010111111000101101011111010010111011101110001000010011111
0110010010011001101010011011110001100000010101111101010010110110
0011110000010110111000111001011010011000001101001101111001111001
0110100010111100011100101010011101110000111111010101100100010111
0101111001111001001100000001101010001101110010001101101101011100
1010001100010000010001111000101101110001011010010100100010010110
1101111111001101111101011010011111101110111100110111100100100001
1011101111001000011011111111100011110011011100101010100110001110
1001100011011100010011111001000011111011111011000111000111010110
0010111010101110111010000001001011100110001110100011100010110110
0101111101110001101010001110110101111111110100101000001100101111
0001101111111011000101000110001101101011110011010110101000101111
1110010100110000100000011010011000100101100110010100000001100000
0110000111010101010100010101100001000000010010011111010010011101
0011100111000111100111111111000101010001111111001110010000101010
1111110001001100110100111001110100001111111011111110101100111110
1111100000101111101110000101001011101100101111010101101001001010
0110100001100111010001111011100101111110100011101000101111011110
1100111100010010011101001001100111000010011001001000101100001111
0000110000111010101000111010111111000010000001011110011110011000
0101011101010111010000001111000101110110011000111010001111100110
1110000100110011111001110010111110101011011011011101110011111000
1000000111001001001000101000010110000100100010100100011101001011
1101010000000001000000010001010011010100110101100100010101001001
0101100011101101110011110110111111011000100110001110111110110111
0100000100100100010010101100100010010111101000001001001000110011
0111001111010111110111111000000000001101010000001101110010001110
0110110011101110100000100001000100110010101001111100001011010000
0011011010001111101100100001001101101010001110010110100000010011
0011101101110010110101010100111110010101110111001001111011101011
0011101101000010101011110101100011100111010000000001011111111011
1011101100111111010100010010011001001000001100110111111100011000
1101110011111101100101000110101110010011001000000011000001101100
