1010011110111010110111001010000110110110001001100110101010111100
1011110010100110101001000110010110110101101101110000011100001101
0100011011010100111100110110100010101000010110001100110001001110
0110111011001011110011010101010011101011000000011000000100001111
0111010001001111101110111110101110100001001000110010011001100010
0000101110011110101110111001011110011010000100110111101011101001
1001001011110110010100001000110100111110000100111100001110100110
1011101001011110000101011000001001100100100110000011001011001101
1010101110111100001111110011100010010001101000110011001101111011
0111010010010110010111010011000110001000010001110111110010111001
0111100111110000110010110101001101110111100111001101101000001011
1111101100010100110000000111001000001010001000010010001001010100
1010010110010000010110001000011101101000000011110111101111101110
0011101010010000101110000011110111001100101111011111011101010100
0111010111111100011100010100001101000101011010000000110000010101
0100101011000111111111110011010101110010010111000101010010111100
1010010011110000000000001000100011110011001110110100110001000000
0000110101001010111010110001010101001110000011110110111110000101
1011000011110100000100000110000001100000010011000100000000111110
1000110111101010101011111100101111001010000011111011011111010011
1110001100100011011010000010111101111001111100010101010010100001
0000100101000000110001001000001110011111011100010111101010001010
1101111110101110010101001001010111110001110101011111110001001101
1110001011000011110011010110110010011111100101110100001011110000
1000110010101111011011000110000000000111101001111000011111000010
1010110011111101010101000000011001110110000101011011100001011000
0110101110111101111111101011001110010001001001011000110111010001
0111011110110000100001010001001111101100110001110011111110001110
1011000000001010000011011101100000001000111001111011100001111001
1111110000101011010011100001110100111100001000111111110110101111
0100010010000010000010010010111001110011011000011011001100011101
1100110101110100110100111101011011110110100100101010111000010001
1100010110001001100000111111011110101011110001111001101010011111
0110100001011001100010101000010010101111101100001101000110011111
0101011010010010111111000110001110011000111111011011111000100111
1110110001011000101010110000110100110001101101011001010010111011
1100101100000110100010011100001010100011001101110011111000001110
1011000001110000110010010000000100001001110100011010110110111010
0110001000010000100001111001011101010010110100000111101011101110
0101110000010101100000010111001100101101001101110111011011110101
0001001110001001011011000000001000101011100001111100000000011111
1111000111110111110000100100111011111110111101111111001111101101
