0101110110111110101010010100111010000010110011101010110101010010
0101010011101111100010111101001001100000100100010111011100010100
0100011010110001001111011010111000010101111100100010000100000001
0001001101100111110000110001111001000000001010001101101110100011
1100001101010100001101000101000000101011010011011010110111010101
1101000110111111010110000011100110101011101100010111110000000100
0100010100101001000110011000101011011001011001010001001101010001
1111111011001100100011001001111100100011111101101111100010111001
0101100010001010101000000001010101110100101110100100101111010010
1100111010000010001001111110000000110011111111110010111000010011
1000011010011110000101101111101111111110010001110101110100101111
0101111010100001000111101010000110110001111101000000100111000011
1011101110101110100101000011100010111100000100111001000100011011
0011001001010110001011100111001101111101100101110011110100000100
1101010101011000111011101000001101010000111001110001001101101010
1111101010101111100000010000101000100000111000100101010100010100
1101110011110001001110100101001001110110011001001110010001001111
1101101100101011011010001000000110001101000001010111101101110000
1110011101000000001111100101010001010001001101001010001111111011
1111101011011011110010111011110010010110110001110010111011101010
0000000000110001101101001000001101000110110101000011100100001111
1011001110110011011011001010110111100010100101011101001001011111
0000100111010011001101001001100111011001011111100110100000011111
1000110000101111000010000110001100010011101111101100011010011110
0011011100101011110001110010001101010011010101010011000100100010
1111011011101110100011011111111010010111000101110001111010000010
0101001001011011010111001011011011110010001110111100011010111110
1110000111010110111111101000101000011100010000101100111111001001
1100100001110110110100101000001110011011000000110101111100000000
1010111100001000010011010011000010101001001011110010110110111011
0101100101001100001001100011011110111011010000011110111110011111
0000010110111000110001001000010100110001101110001011111101101100
1100110011110100100110110110110011001010000010010010110010111101
0111111100000100101100111100110000110011100011110110011111100010
0110000000101111100010001010101101111100100110011111100010001010
0101010100110001100111101111111011010010010001101100101111011010
1101000100010000110011101111110110000100110001111000010110010111
0110100100011010010100111101001101110001000001001110111110100010
0000000111010110011100000000010110011110111101010010100101110001
0011110000110101001010001101001101110010111100001111000110110110
1001111000110010000110010001100001111010011110111001100110001110
0111010001001011001001011010010111001010111010000010111110001000
1001110010111011111011111101100011110010010011101110100001101111
0100010110000100101111000111010001111010010100111000000101001010
1011100001011110111001000110101101111011110001010100111101101110
0000001110110011001111100100111101111101111110000111101010001111
1010000110111001110001110101001111001010101111111100010000101101
0000110000000101101110011101000101001100001111110000101111100001
0110110010000101111001101010000110101000100010110100101100100110
0000001111111110010110000111001001100011111000101001000010001111
0000001111000111111011001100111011110010011101101101010001111101
1001010000110110110110111101000110001110110000111010101000100110
0001000111000000111100001000010101001100100001101100100101011110
0110000100000010101000111110101101100110011111010101000011011000
0100101010001100010010110101110001100111010111111010000010110110
1011110011100101100000100110101100000000000010001101101000100011
0000010111001100001000101011000110110100010000111100101110000101
1000111011000111001010010000010100110101100000101011000100010101
1100011101101000100011110100001101111110101010010100011000001110
0111001101101010010101100011010101011100111111101011111010010100
0111111001001011010100111111010110111101111000101110011110100011
1110111100001010110101110001001100001010111111110010001110110000
0010011101011100011101110101101111111010001111100111000110101111
1101000100111101011010000000110111010011111001000010010001111010
1101110000011111010010000011010110011001111000000011000111011011
1010101001110011100001110011010011010010100000011011011001001000
0001000110101011111011101001101111110101000101100000111001011000
1101000010100110011100010100010101011110000011101110001001000000
1011011000010110011101111110111011010100000000110010100100011001
1101100001010100111101110010111100101011011110100101110111101001
1101010110010001101000100010101100101101010010001101011010101111
1000110000111010100110100110001111100110001010101101101000110000
0011100110111100010100101010000011111101100100100111111100000101
1010111000001011011001000111100001100110100010010110011010111000
0100110111111001101110000101111110101110100000000001110011101000
0100000101101101000011010000110111101011001101000010101110100011
0011011100011010100010111010110001011001101000111010001000111001
0001011101001100000111110011001111100001011011011110100100110000
1101100111100000111101000111100100001101011011010000100100010110
0110010111110100000010001100001111010101110101111010011111111010
0100110011111100110000001111010100011000011001001111111010010010
1110010001001111100010111101101011100011001001100011110110110101
1010101011111110111100001001000110010101000011110001010100111010
1011110011110100001111101011111111011001011010000001110101110111
0010001100111001111101001010011001101000011001010010000010110010
0011010001001100110010001110110011001011010111100001010100000001
1001101010100101101001110000011000110010000100110000100010111000
1100010100000000110011000111111001011101111100100010000101001110
0001100111010100010100110100010100101100001000101010111110010011
1111001001101100110001001111001110010111010111011001010100101000
0010101110001010010000010110101111100000111011101000111110101101
1100011010100011111001001101101011101110100010100100111110111001
0001011001100011101011110000110011010100010110001000011110110111
1101011010110100001001110001100111101110001000011101100010011011
0100010000000010111010000101110001001001010000001101101010100100
1011001001001110100001010001010001110010000101101110011000100101
1001111110101111111110010001111010010000000110110100110101010001
1001000000100000011110010000010111110101110110011110100111100000
1011010111001011101101100001110001010001100111010010111100101010
1010010010100011010101000100001000101110001001110111101111101101
0111110110101000000100001001110000111010010000101111100010101010
0011011110101100000000101100001111110011100000001011100011010101
1101111011000111001110110010111010111100100010010111010000011001
