1000111001010000011011001000100110000001000010100010101100110000
0100000101110001110010101100011100001111100001111110011111101000
1001011000111111100010011111110111000001101010001010000111110000
0000010110111101010000011111010110011010110110000110100100110101
0001111010000100110001110010101111000110000110111100000111010110
0011010101011000111100111011010010000101110111100111010011101101
1100100110110110010110001001111001000111101111111011000111100111
0010111110111110011000100111011001100100110100011100010001101001
0001010111011110100111111111001011111011000001110001010101100101
0010001111001101110010001010001100100000011110101100000001110110
0010101110001001101101100001000011000110111011111011011101101000
1001111001101110001101001010100110010101001001101011100111110100
0000001000010000100101000111101000110101101101101111110110110011
1101100011011101111011011001000110000011011111100100101100101100
1110110110010011100001001101110001110110000111011111101010111110
0100111111011110111000010110111110111111010010101011101100001001
1111101001001111000110000000100111010111101100011101001101110110
1100111110010011110001011111011110110111010110001100011101100010
0101010010011010110101110111100110001100111100111101100011111111
1011100011110100101101000111111110101011000001010100010000011000
1010111001000010111011100110111111110110110100001110000110011111
1001001111101000110010100011010011100100011110010001110011011101
0100010010001001011110010000000011000011100000101000011101100011
0010101011110111101011110100010111110101111100110101111100001000
1010111111101111100000100101111110100000110000000101111111110100
1110000101101001101111110101111010101110001001000001111111000111
0101001000100011111111110100010101101011001011100111001111100001
1000000101000111101100011101001101101001010100111011000010100110
1111101101001101100000111110010010110010011001001101110111000000
0111110111111001101111101001010000101100110001111101101100010010
1001010011111011011110011011011100011100111011100110011111010001
0001100011100101001101100010001110110000111001000010001000110111
1110100010100111111101011110010100001010110011010001111011010100
1000001011010001101100010001010011001101110101001000101110000111
1101111000000000100010011011111001000111010100000011011010100101
1100001011000100011010010000101110111101110110111011111111001101
0010101100111011001011100000111000011010001011111110011110011010
0101001111100110011100010110100010000001011111001000011100001111
0101000001011010001100110100000001101110111101111000010001110011
0001011011001101001011001111001100111100010110001111110110111101
1010011000001001101000111100111010001101101110001110011010000101
1100000011110010000100110111000101111000000001110000000100101100
0101111011110101100001010111110110100110011011001000001111111001
0001010100011101010011001001010101011001100111001000010100110001
0110111110000000110001000110111000111011110011010000001100100111
1111000111101111000010000110001000101010110100110001100001010100
1010000111111111100000101001010110101110011101100101101111100001
1100001010100010111000001011010110001101011001110000110010101010
1010011100010011101011011110111110111101010110111101011111001100
1010110111011001110111010101111100100110101001100110000111010101
1001111011100011000011000101110010001000100111100111010010001010
1100010001110100100011101100101101000110010100111100100101110111
0101110001101111001000001111001011101001001101001001000011101101
0001100010111001000011101000110100010010110001110100010010001001
0010111101011010111111101010111100111100100001111010101000000101
1001110000111010011101000010101011100001001100111011101000111010
1000101010000011111011001010011100010110111000011010001010001111
0111010100011110010100001101001000011000010000100011111110110001
0111001110011100111100101100011100101001101100110101011111010100
1111001010010011111111010101111000110010011001000100010101111001
0100110110110011100100110101001010101101100110100011111101010111
0001111010100101001010011000000100000000011101101100011000110000
1011111110100110101010000010110100000110110111011010100011000110
0001100111011100110011101010011001110011010100101111010101111111
0010100100001110011110101110111111011011000011100010011010001100
0000100001011010101011111101010011100101100010100011001001011111
0000101101111101001110111011001001011100000011110000100010010111
1111011000100000111000110010111100010010101111010100110100000110
1000101111010101110100110110111011100011001101110011111001110000
0011000111000100100011110101000001111010101011001111100000101100
1001100010110001101101111111101001110111110001111111001100001011
1001101010000001111000110100101111001111110000011011100111011111
1010111111101100101010101010001000001001011101011000101011111000
1110101111001110111100101011110110101010011110101000010010110111
0101101110100010100011000101110100101101111101011001110011101001
0001010110011111110110011101010011110000001110000001100110110001
0111000011101100101111101101000101011110001101010000010111100001
1111000111100111110100000000110110111011110001010011111010111011
1011101111011110001001001111110101111001011100110001100111111111
0010110101001111001111001000110010000011000001111101100011101111
0100101111110010000010010111001111110010101010010111000011111011
0011001110010000101101101001111011101001101101101101100100010010
0001111101011101111001001111011010100110000110101100001101111010
1001100101100010111101010011001111101000111101101100000011110111
1101010111010100111000001110000011001000111101011001111010010110
0010111010000111100010000100101101111011001100100000011001111010
0110110001111110010111010011000101000010101011101011011100011100
0110011001010001000000011010101000100101110010011110111111001101
1010000001100100110100011110001000100000100101000000000001010111
1011010011000000101011001100111101100110100010100100001011100010
1100010001001010001111011111000000001010100110110111011000101110
0000000111111010001100011111101101010110101000111101111010000001
0000001100110101000100000100001011111011010011010000000101101101
0010011011110001101110001100100000010111100101000100100110100010
0111001000101101100001110100011011001000011000100001011000001100
1111011100001010101001001001111011010110110011001011000110001101
0111111110111111110100010111101010001101001011000001001111101110
0101101111010011110110010111001010000101110000110111101010111000
0110001011011111111110101111100011011010011101010110010010110000
0100000100011001000000011010100111001000111111010101111000001000
0110100101000110011111100101110110101111000110000110011001110101
1111010000001000001100011111110101101101001100000110101010010010
0101100010111011001010111010110101010011111000101101111100001011
0111010100101010111100001000110101000001001100011110000110111000
1000110111111010011001110110111111110011110100110011100100100010
0111001101011101100111010110111010110110100001000011111111101110
0010110000100101110001010110010101111001001001001101001110100010
1000110001000100010000110100001000011010001000111110011111101110
0111000110010101110011100010100001110100000000111001000110100010
0000010100110110110111101111001010111110001000101001101110001110
0011101001011000001010111000101100010100111011111011010001100110
1001000001101111001100000111100000010101101101101000010101010101
1000000011111010010001110111000100111111100011000110000001111001
1011010011111000101001101101000101000001011011111110110100001010
0110011010010111011100000000010101000101111100110100011011101001
1100100111111010000000101110011000111111001101100011010110111001
0111000001111111111101111001101111000001000011000101001011111011
