0100100001011011000000111011000110001001101111110000110011101111
1001011110111110001101011001111011100100000011110001010000000000
0100101010011110000110101001111010010101110010110110010011111100
1011010010100110101010000000001010100111010001010101111011001111
0011101101101000110010110000100100110101010111101011101000100001
1101000000101100100011101110011100111110000110010101111111001110
1001110000010111110100010111010110001111001010100111010010110011
0000111001001001001101110111111110110001000010111110000110100110
1000011000101101100011010101001000001000010010110001110001011101
0101111101001100101101101100001100111011110000101110111010010010
1111001100101111011000010101100110001110010011101101100000010001
0000111101111111101110010010011110110110001011000011111101001101
1001010001110100010000110101100000100000011101000011011111111101
1100110100000001011111111000010101010011110011010100010100000011
1101011000011010010000111100101101011100110111110010110100001001
0010001110010110101010000111001100101010101111000010000010101110
0010111110000000011010101101100110101101101111101001000101110000
0001100001101101111100001101001100000100001000111011000111011011
1001101010010001111111100111000101000100001010100110010011110000
0000010100000010100100110101000000010001010000101001111110011010
1010111111011001101110101100010011101110101101111111001111011011
1011111111111010011011111010011000010111100100010101011101000110
1110110011001101100011001010101100100011110111111111001111111101
0000000000001110111101111011010110011010000110110001110001100010
1110110001100001111100110011101101010000111001000011111001010001
0111011001100101010111011100011001000100101111001011111111111000
0000100101011111101101111101010011100000011100100000111000111010
1000110100100011011000101001111011000010010010011001111110101110
1000001100111101011111110111011001010111010011111110000100100111
0111001010011001110000011000111000100011111001000110111111001100
0101011000000011001110101010010000101110100010011011001110000111
0000001110100000010101010010000101101000111100000000000100101101
0011101101111001111011011011110100010101101001110010001010010110
0000101000000111100111111100000011111111010111100010110010100010
1001100111100010110110010001111110111001010110011101000011100101
0100110001000001100011010110011010011101000001100100010110011011
0000101011111011110000110000010001101111011010001001000000000110
1000000111100000100111011000100111010011101110011110100110101010
1101101011110001101001110000100111110100000010100001000100000001
0011010100100101010111010101110111111111111110011101111101011101
0100000101110010011110101100011000100111001011001110001011100111
1010100111011110111011111101010100001011011011001000010001100010
0101111100101010101000110011110011010010101000001101000001001110
0111000110110110001100011101100011000111111010100111101001011110
0011110101010100110001100011100101010111111110101011001011000110
0011010010111010101010000100000000010100110010110000100101010110
0011101010011100110111001100010011110000001100110110100001000101
0111111100101100110010001100111010110000011010101001101000101110
1111001101100100100001110111110011101000101010100010000000000000
0011011001011000111111011100000111110010101111111101001110011010
1010001100001011010100111001110011101001110010101000010001011010
1111111011001100011001111111001010000001101100000001010000001111
1111110101101000110110011010001011010100110110110000010011100001
1000100101011001000100110100101101011111111110111010010110101100
0111010111111000001110010111000111010001010001001011111101110111
0001100000110100100110100110011110011000100001011100101000111010
0010101010110101110110010001001010000100100011101100100111000011
1011001001101010001101011011011011000101001111000111001100001111
1010101111000010100000000001011001011010100011010101111001000100
0011000111001001111011111111111001000101000110010100010011110000
1110101100101101111100110001111011010110101110111100100110001100
0101010001010010111100010000100100110111110000101010010011000100
0110111001000010100001000111100001011101000001100110001000100000
0011001010001111011000001101101001110001000010111001011011111101
0100110010010011000011110000110011111000111000110100111100111110
1001010001110010111011110100000110101111000011011000000011100000
1010010001101110001001011111010111110100110110100010000010010111
1111110010010010111010100100101011100010110100110011111000100000
0110000011010111011001001101110011010111001110001101010100111000
0111101110010000111000000100010101111101110100100100100110001100
1010110000010001101000010111010001010000111111111101011100000110
0001110111110111110100100111010101110101110010010100110010010100
1000011001110101000110110011010010100110011110111010000110001111
1101100101001001000110101100100011001100011110010001000001000001
0110100101011001101100001111011111011001110011000001010100010010
0011000001101101111011101000110000101110101111101010110111110011
1000000110101101011101001110011111101111011110001110010010111111
0011100110000000101111001010011111000110000110011010101001011010
1110111110110100010001001001111101010100101011001101100101011101
1111100111010010010010110000110000100010011000011100001101110100
1010101110110110010010011110111010011010011000110011110111010100
1100001100000011000001000100110010000100111110101101110111100100
0010100111110110101111010001111011110101000110100110000110011111
0111011101010010110110011000010010011010101000001011101100110101
1011101001101101010100010011010000101001011110111100010111100000
0011000111001110010001010010011100110110000100001101110000001110
0010000011000001101111111100001100010111111100000101100100101101
0111011001101001010110111001001000010010010001110110100101100111
1001011001010100011011111101100111110011100100100110011001110011
1111010011111010111100011000101001001111101101101000011010101100
1001011010101110101111100000010111111100011100100011011101111100
1001001111101000011011011010011010101111000100101100011010111100
1110001011111111011010000110011100000110000000101001000000010111
1011011001100110001011000001000111100110110001100000001010010000
0001000000000010010000000010011100111000100001001000001001000110
0110100101110101101111100110110000110000101101101101110101001111
1100100001110101010100110000010011100000100011110100001011001110
1110010101111011100101101000000010000001000101011001111000111010
1100011101100111010100010001011110110010110000010110111101000001
0111101111110100000001100111100000110000110111111100000001110101
1011101001111111001000101011111100111011000111000100001110001111
1101110111001011010011100111110110101001001100100000001101001110
0101000111110011010011101101011101010111101000111000110000111000
1101000110011010011001110111000001000011001100010011100000110000
0101011011111010000010100000000010011101011000011101111000010100
0101110010001110011100011101111001011101001000011001100001101010
0011001101110111010011101100001011011011100111100111010100100110
1101110111101111100100000000100100111100101010010110010101110111
1110101100010011100100100000110010011111010100101111111011110011
0111010110101100000011001010111100101010000011100001110110110100
1011010111001100001100011000100101000110011000010011100111110111
0010101000101110111010001110010111011000010001011100010001110001
0010100000100011000100100100100000110101111001110011000010001010
0001011111001001011101101011111011001001111101011100011001010111
1000111101011100100000111011011000110001001011010000000010110110
0001111111111110000110100101111100000010011111011110111010110110
0001100011001011010111001000101111010010101101011111011100000011
0111111100001110001011111001101101000101110111100101001111011100
0111111100011000001110010101000101001010011010010101100011000101
0000001001110101101011000110101011111011100100100110111111110111
1010111110110011100101001000100101000011010100011101100010111001
0100001000111100100010001100100011001100011111110000000010111011
1011100110001110010100110100101100110111100101011100010110110011
0000011000000100001010010100001000101101000011110011000010010001
0101010111010000000110000101100000000101001110011100001111101011
1010010011001111111111000110000010110111000110111011100111011110
