0001101110100010000011101111001010000100000110000010111100101010
0101000000011011000011111111000101011100011000111111011011100100
1101001000001111010010110000001101001110110011001010100001100101
1001011100110100100010110011100111011001001010001001111000011011
0011010001111101110000110101110110100010101010110110110000100011
1111011100101011111000100100010011101100001001001000000100001011
0000011100110011101001011111010001100100100001000000110101011001
1011000000100110011111011100000110100000111000110000011111011000
0110001001110110011000010001111110001110100101110010110101110001
1101000100001010001010000011110101100101111000101001000001100000
0000001111000010101010101010011011010100011000000111001111011110
0110000101111100101100011110111111000101100111111011010010001001
0001000111111101111011001001111001110001110000111011000000111001
1110010110111110110100001000000001110000100110110110100011101010
1100010001000011001100011111111011111000111101010100010111011011
1100111001110000101111011100001010101010001111111100001000100100
1111111111001111001001101000001000011110010100001100101101000000
1111101001101111101011101110011000111110001100001101110001010010
0000011011111111010100111101000011101111001010011000011001110000
0011001101110001000110000000001010000000010001011000101011010100
1010111111001011110101110111010110000100001100100000011011111110
1110010101110001110011110010010011011111001100000110111101001010
0101001101001110101010011000111111110110000000000101100000000100
0100000111111001100101101011000101010010101100101110101101001011
1100011100001000010111110111001110111100001100111101010000101100
0110011010111001010100010010100000010100000001111101001011001010
1001110101000101100110111010000010111110001001110001110011011010
0001110010111000101100001000100001011001101110101110110100011110
1000110100001001001011111000000010000100101011101000100010011110
0011010000010001001100110100010111101111000101111101100000001111
1100010001010011001000001101010101010111101110000011100101101101
1010011110101000101110001010000011001110011000001111101100101010
0100101101001110101101100011111100001111100000111011010100011011
1101110110110110010010011110100100101010111100100111000100101101
0101000110110001011111101100110001101001110100100100011101011100
0010101011111001001010001111111111100000011011110100100001011001
0111101001111110100010101100010000001010010011010110100100101110
1000101111110101010100010111110011111010000111100110100001101000
0100011101111001000100111101100001101101010110110101011011101011
0111000011000101000110001100010000001001000110111001111111101000
1110110110011110011010100000101000110000010110001110011010111011
0011001110100101110010000001010101101111011010000111110000010010
1110100110101010000010110100110001101011000111101100001110001000
1001000011110011000011011111100011100000000110100001111000011010
0010001010010010001100000001101001101010011110010110110111110010
0011100011011000010001010101110101100010010010100011101110011111
0001000000010000000101010010000010001101100000110111101010101100
1100111001100101100110111010001111000011100010010111101001001100
1110001010100100100010101010001011111100111110000010100011111111
1011100111000110100101001000110101100100010011010010111101001111
0010001000101000000111001110111111110001000000111100011011000110
1100101100110011100010011000101110111001111000111001010010011110
1001101011000100001111100001011010011000001010010100011000010011
1101100110111001000110100111001001110100110001110000010111001101
1011100001000101100100011111010111010100011101100111011011011011
1110101010111100010011110101011010110111000110100111110000011001
0010110110001101001111001011010010100101000101101100101100000011
1111001101000101011000101001011101010000000110000010111100001100
1101101111011010011010100110100001101011110010100101011000011101
1100100101000111010010101001101111101001110100011101000110110110
1101100101110000011101011011001110000001101001000000101001010011
