1110111000000000000001100110000110011110100101101111001001100100
0110111001010011111101110001010011010110001011100110000111110011
0101110100011100100010100101101010011100111111100111111100000111
0110101111110111001001000110110010111101110010110110000100010111
1011100011001011101101001110011011110110001100101001110001101010
0101000000100000101111010111000100111110001010000010111110010101
1111110010000111111111000000000110001111101110100110100001001111
0111101101010001011111010000101000111000001000001010000100100001
1100001100101111100000010001010001100010111100100000111110111111
0010010110111000110000010000101100001010100001001000010101000010
1011010000010011010111111001010101100101001011100011101110110111
1100110101001101101101110010111010001000111110110001011110011111
0000111101011111000001001010010011000011100000010110011000000101
1101000111111110010000111110011100000100101100110000110001011011
0001001111100000010010001100011101111011010011110100010010010011
0110101011100001100110011011100110100111011110111001001100011110
1001110100111011010110011111111110001100010010110010101011101011
0000101011111011000101011111110101110111000011110000100101000100
1100110111000100000101000011001011101001101000101110101011000111
1110100100111010010000011100001100100011000101000011100110001110
1001011000011000110001101101000101000001111010011110100010110011
0000001010100001010101000100111011110100101111101101010011111100
1010111011001011101110000111101001000001100100001001111000100000
0101110100000110000100011101110001011001110100111111000101010011
1101001010101010110100000100100111011100001111101100000010000001
1001001101110011001000000001111001010110101001100000011010001011
0111010000011010101101011110000010111111100111001001100110100000
1011000100101001110000100000001000000000001111100100100010110010
0111000101010001011001100100111111011110101010101000111001111101
1011010101111111010101000111101101110000011010100111011010111001
1100010010110010110011101010110010010001010110110110110010100000
0111011000111011100001000000010110010110111111010000001101011111
1111111110010110100110100000010011001100100011010010101000100000
1101111101100000000000000101010000110000101010110000011011000100
1110100011010101100101110011111110011110000100000101010011001000
0111011001101010101101110010010111100000111111110000011100111011
1001000101111000100101100111111101110001001110001011110100010110
1001001001011011101110000010110111101100100111001010011101110000
0001110000000011001010010111000010011011000111011011101101110111
0011001011010011010001001100101000001101101110111001111010010111
1000101100101001010110010001000110001110110111101010010010100001
1111101000111110111011010101101011010001001111101001001101001110
0001011000011111100111000010011001100101110101010011000010110100
0000101000010111001000100101010101110010011010001000011101101111
1000100111000110111101100111111101101011110110101100100101001101
0001100000101110010101011100011000011001101100111010010101101101
1000100011100001011010111111010001111111010111010111000101001110
1100100101000000010011001101001011001100011010101010100110110110
1101111110100010010111101001111011011000011011010011100000000111
0100011010001010011101100001001101100001011010100000110110100011
1010111000010110001101110011001110011101010101001001101110110101
0011001111001001001111001110101010000001000111000001011011000001
0001101001011110001110001101100111001100100000010100100001010110
0001110100101111110100000110110000110100111001111001001001100101
1101111111011110000010110110010001111100100011100101110011010011
0110111000111000101000001011100101111100101101110011001100100001
0001001001111011000110011000110011011010000110100101010001000010
0000100001100010011010101100111011101011100001110110110100110100
0111111110001110000110001000101101010011110010100010101100111010
0001110101110000011000000000001110101000101110001101100111000011
0101100001001101101101011101001010110001000111101111100001001100
1110110100100110110100110101111111101101000100100101100101011111
1101111000111011010110101111111111111000011010100101111111111101
0010011011101010101011010111101100011011000101110100000000011010
0011011110110001100011000101100110111110001001110101001110011110
0010111001101101010000010001110000010111010001011101110111101111
1101111001000110011111110000001010101101010001111001101011001001
1110101010110100101111111100010100001000011110101001000110101011
1111101101011111000100100110100101011100111000001000101011000101
1111010111000010010010011101101111100010110110101011110111110001
1101110010011001011101000101100101101111011001111011111000011011
1110110111000010111001011001010100111000111010001100100010010010
0001001001001100111001100111101000010111110110110011010001100010
1110001000110001111001110111010000010011000010011000001100100101
0011001110011001010001001110000101011110100000010110111111101101
0100010011001111011011011101011011010110110011100111111010101001
1110000001001111111111011011001101101101011011110010101110010010
0001111111100110100110000000100000110011010000101100111000111101
0001010011110111111000101101010110001001101111010101000010110011
0001010101101110100011011011110110011101011011101000110011001100
1100101000101000010101010001010111110100010110000100010011101111
1100001011111110101111100000111001011101101110110001100101001011
1001000110001101001001011101100100111010011100100001010110000110
0100010111100101101110110110010011001101111001011010011110110001
0100011011101001011011010110000011100011110011011111110110100010
1101100010101110011111101100001011111000110110101110001101000100
0100011000011101001111101101011010100111111111001101100111110010
0011111010101011001000111011001010101011010101011000011000001110
0111110101111011110101110000101110100100101000100110010100111010
1001000000111001000101100111000001011101111001011010010000110001
0100010000000011000111100000011111010100001101101101011000010101
0010011000011001111111011101101000010111110110111110111101100001
0101100001110110111110110110101110100001000000001111000000010101
0011001010011000000000000100110011001100011101000011001101100010
1001100110100001011110110111001010011001100011001001001000001100
1111111100111110001111001111111101111111111111010110000001010111
0111010011011000011001111111101110111010111100101111101000101111
0011001100100100100101111000110000001111100011100111101111110011
0111000111111001101011111111011111110100011000001010110110010010
