1010110000110100110101111001001000000100010000000101111011010111
1101110110101001001010111000100010101000000101111011000010010100
1010101100011000111011110000011000000110100110010000010000001010
1010011001001011101101100111000010110100011000010011000101100000
1000110111000001101001111110000110101011110111100011110011000101
1101110000100100011100110010110011011000110110110000100100001001
0101100111101110101001100000111010110000101110110001001010001111
1110110100010010000110010011010111100001101101110111110010010001
1110110111011011000111000111011011010001100101101010011111110001
0101010010110011100000101110010101111011010101110011001001111111
0110100111100111101011110000000110000110110100000110100111000101
1100111001111010100011001000011111010011010111111011101001010000
1010010101001010100001011010111000101000100100011100101011000010
0100110111111010011111011110011110110111011110100111000011001101
1100001000100111111001101111001100100100100110001000101010111001
1000001101010000100000110011010000001000101000010111101110001100
0101010111010010111011100110001111100000100011001111110010111000
1010011000001100001111000010111010100101001001011000110001011010
0100000100011011100100011100000001100111011110111010110001011010
1100100011000111001110100011111110100000001111001110110100001110
0110100110011110000010110101100000011100101111000111110011111110
0001000000010011011011101001110011011100001110101011110101101011
0100110101101010100010101010011100101111111101001110000100011011
0100100011011111000011101111000110000001100111011001011111100010
0100101110010100011100011001110000110100110011011111101111110100
1010100000110111000011001010000010000011110111000100011110111110
1100000110101000010101010110011011000000100011100101110010100110
1111011011110101011101111110101111010011011111000010101100100111
1000101011010011000101110110111110110000101001001010000101100110
0000011010100000010000111011001100101100101000101001111100000011
1010111110100010101011000100100000000001001100101101110101100111
0010101110010000100011010000110100111000101001110101110010000110
1000101101000101010110100101110000110010011100000111011011110001
1101010110100110110010100001110101001011010000001110110101000011
1001011100111010000111110010010001110110011110101010001011011000
0010100101110110000111101010010100001001101000100100111110010001
0001111101110011101001110010111111111010011000100000011011110011
1111001101000111010011110111000111101010100100010110011111110110
1001010100001000101110001001100000010100100000101010111101111111
0000010101100111100001110010011110000100101100001111100110011011
1010101011100011111111000011011010001101010000011111010010001000
0000101101111101101100111001101111110111011000000000011010000101
0101010001111000111001001001011110010010000110101001001011111101
1001101111101000111010100100110111110101010111000011100001110101
0011101100101101000111110011101001110010101111110010010000000111
1101100010001010101010000101000100111010001110001000000110101100
0001111101011001010100101001101011100001001101001101001100010000
