0101110010111000111101101011100001000011011111001011001011001100
1100000001101001101111000101100011100100001110101101100001010010
0000101000100011001110100100001101110011111110010011100010011111
0111110000001011100000000010000000000001111001000011001110011101
0001011011001011011110010100111101011110111110011000111101001010
1000101111000111010101111010110100000100110101110101100110011001
1010111000000001101100011100111000000010010111100011011101011101
0111100110101011110110000010011100011001011010100100011111111101
0101110001011111000111111001101101011110000010000101110111110110
1110010010110011100001000000010010100100001000100010001011100001
1110100001111101010110111110011000111101010111110000000101100000
1111100110100000100010101011000100011100010100001101111001101101
1011010100101001010011100100011001001001101100001110101101010001
0001100110000110010101010001100011101100111100100001101000101101
0101010100100101111001101100001110101011111100011100011001100111
0011100001001100111011110101100001100110001011010110000100010011
0110100011000100011101010111100011010000100010110011010110001111
1001111001011111010101101100111111010000101010000110100000010011
0100110110000000010101010110011011110010000000110011001101011011
1101111001000010000010001111110101101110101101011101000100100010
0000100010101000100001100101101101001111001101100011001011000011
1111011011110100001001101110111001011000101110010001101000001000
0011111111000110110011010001001110001000101111111011000100100010
1110111001101000011110110001011100100111000001010011101000010000
0111111001010111001110010111110010000100010010110100000110000110
1101111000011111001010000101010111010101001000100101101100010001
0101110010111111001111000001011101111101001001111100100011001101
0101011111101111110100100111110111101000000111010000000100000100
0100001000100011110011111111100111100100101011011000111010010101
1111100111001110111110110000111100100101000111001011011000110011
1000100110010110100000100011000101100001110110010111010011011000
1001010111111010000001001111111100011001100010101011100110011111
1000011110010000000100110100000010101011000011001001011000001101
1111001011111011010010001110111010011001110111000000010010101111
0101110000001110001011000000010001111000000110000101100101100111
1011001000101011101010010101011011110011110000010011011001011101
1010111110001101010101111101101100001011101111010000010010010001
0011100110000011010010010111110010111101011111000011011001111100
1000101011000011111001011100111100110100100001000111010001000010
0110110111011110001101011010000100111011010110010110101000001001
0000010011100111001000101111000101000100010100111111100110111001
1100110111001010111000111100000110001001001011101111011001101110
0010100010111100001010001111011111010100011001000011011101011011
0000111000000010101001000101110011111110010011011010111000100110
1001011111100001110011010101111111100001100010111011100100111000
0011100001000101010110000111100000000010010101011101110100000111
0110111000000110101100000100110111010100000001010110010101101110
1001011001101001100100111011110101101111110001101001011011000001
0000001011101111110001001101100001111110100000011101011101110011
0001000110101111010010101101010010111010001100000000100111111110
0011001010111110111011100110011010110010001110010001000010100011
1101011100001011101110011110011001100101111000100100101000110000
0110011100100101110111000011011111011001100101000111001001010100
1001011010111001011001101011111010011011100110101100011010001111
1011000010010001101011000101101111000101110001110011101000001100
0101111000010000000011100010110010110110110001011010011111011001
1000001101000101000110101010100101000000011001111100001110011001
0100111111000101011000101000100110001011111110010000001101011001
0000000101010100010100100010001010110101110101100001100101100100
1100101111100101111001011000001010100101001101101000101110111000
1010110100100000111110100110000011100010011110111110000101011110
0000010010010010000010011010000111111111001011011000001111001011
0110110101100001111110011000101101011100010010010001111010001001
1110010000110111001011100100011001110101100010101000011001110110
0101101001110010101001111100001001101011001000110101010001101101
0100010011111001110110011100100010000110101101011010100100110001
0101000001100111010000011111000100111011011000000010001100111100
0100110000101101101110101000101001011001001111100010001010001000
0001111101100110010001110111011010110011110000100000011110100111
0001000011001110000000000010111010011111101101111010000100011011
1011011001011111100100001101010101111010110101010001101110100010
0001010100000111110110001110011111000110001101010001010011110011
0011100001101000000101011001001110101101001100111100001010110010
0010100111010101011100010010111110011010100011011001100010010000
1001011011110011100011010101001011000101100011001001011101010110
1100111000111101001010101000111101010101000011000110011000101011
0101001001001110000010000000000100100000111110110011110100111110
0000111010011111100111001010100011011111100101010110101110111101
0010100000110100101000000110000000011011010101110001111101011111
0010010100110110101111100111110000000011101001100011011010011101
0101100011111000011011001001010101000010110010111110011100010000
0011011001101010101011010000011011001101110011011101110011101011
0100110110001011100110101111101110011001111111000101011100000001
1100101011001001010010000001101000110010011001101111110011000111
0110011011111011011110011010001111101010100011101010110011111001
0001111100000000011110100100110000100110011011100101001011111110
0110110101100010010010000010001001111000100001000011010110100001
0111010101111100111011111000010110011101001011001000101000011001
0001001111110000110110001100110000100101111000110100101101001000
0011101001110001110010111110000111001110101010000000101100100100
1001101110100010110101011111000111011010000100011011010000111111
1101001101001101010100110000111101111011110101010101000011011100
1011000110110100011010101000100110001000011000001100111010001110
0001111010111111111000110000001111100101000000000001010100110111
0000111100000111111101111001100010110101101010010000101110000101
1111110110100001000101110011000100110010100011010001010010100101
1010111001111011001100001011000100000110001010101000100110100011
1101010101110101110011100111111011011011010011101100000100001011
0101011110011001001111000110101000010101111010111010111110001111
1101001000101011001110000001010110101011101100111010010100011101
0101010011111101100011100110001101010001100110010001011001010111
0100101000001100100000111010111010100001000111011000111111111100
0011000110010001010101111111111100101100111111101111000001101111
0010010010110110000100100110100010001010000010110001010101011110
1011000110100011000111110110010101111111001110010001011010000101
1111100011000110110010000110010010101010100000010000010000111010
0100001101110101100011111101011101000000101010101001011001000000
1101111000100011000111001010111101001100001111010101000110111100
1001010001110000000010101011011100011000011100110110010111010100
1110100110101110011010111001100111001110110000001101110100111000
0111001100101001111010011001100110001100000110110001011111101110
0110000000010001011001111101101010100110011110010001100111111010
0100010010100100111101101000100011010001110010000001011110010001
0000101110111001001110000000010100010111001001111010001110110001
1100110011001101100111011011110000001010010100100011011000010100
0110111111110010011101101011110101101101001100111110011100010011
0011100000101111101010010100110010111101010001111101100110001011
1010000100001111011000101000100000011001111100010101010001110000
1011000000001110010111011111010001101111111000000001011011000011
0000110100110010110110111100001101111011111101001111111100110100
1100011011000000100000111000001010011100110000100001000100101100
0001001101011000000110101010001011100001000000001010100101100111
0000000011010001000010111010010011010111100110001010111010010011
0101010011101111011010111110110111111001011010110111110001100011
1010000100110110110000000110010010100000010100000010000001000011
0111110010001000000000000011001101100101100011100001011111000111
1001001010110110101101010100001001000110111010000101101011011000
0101011101001111111110111001100011000111111110011001010101001011
1010100110011000111111100000111100000011010011111101100010111010
1110110100100000010101010100000110000110010111110110011011100110
0110000110000011111010100000010001111110110101100010001010100101
