1001110000010011101110010100111011111011111011101010000100011110
0101011010110011011001000111111100101101001100000011100000110110
0001000001101010110100101110010000111110010001111000010100100000
0001101100101011110110100101100101001001010100110000101110001100
1110111010111001010001000101010110000101111111100111001100011110
1111110001010100011101101111110100000101000111001110001011101011
0001101010111011000100101101101001111010110001111000101110100110
0000111101001101000010110011001011101110101101110001111100100010
1010100101111001101110110110011100111100001010010000110000000100
0110111011000101011010111011001101101010010101001001010010010000
0101101011110110010111111011110000100010100000100110010110001010
0101011100101101110100100011111000001010000001110001110110111101
0110010101010111101010100011001001100000111100000101001000110101
1011101111101111111010010100010101100110100100000111001110100001
0111111001110010101000001100011111110101111001110110010110001001
1011011111010111101011010001111011111100011000010101101110010001
0001111001001001111010110110100111010000111001001100100101001100
0010100101001000011000010101010110101001101011111010010001101001
0101010100111010110001001001011100110110011001001100000000001111
0100000000110100100011111101111100111001111100100110111010001011
0001111001010100100000110100011101001110010001111100010000101111
0100001110000000001010010101011000101010001100110101110101101010
1110110011111011101010111011101101110100111100110010111110000001
0100100001001100011010000111011000110011000001100011111111111001
1000100101111110100011100010111111011000111011101001100000000000
1101011000011111101110100000101101010000100001101010010101011100
1110001100001110000001010000000001111110011110010011111110101010
1000011111011100011010001011100101010111010001111001000111001110
1001011110100001101101111110101110000111100111100110100111001101
1000000010110100011010101100000000101010010110101001000011110100
0011001110111100001101010100110110001110011011000001110100000011
0100111010100110101011111111000001011100011100001000001110111111
0010011000111100001100011110000101001011011001011010111000001011
0010100001011111010101111101001001001111100001100100010011010100
0001011011011101000010101011101001010111010001100101001001011011
1001101000100010001011010100010010110001111010011101000101001111
1101100011010011111101000010110010100011000111010011100011011001
1100110110110001100111101011010101000000000110101010011001100100
0011100101011001100110011111010100011001111110111110010100000111
0011000101100001011111100000010101010101011111111001110010100000
0001110100111100001011010011101110010111110100100011001001110010
1001101010011110111110111010000110011001100100000110000010010101
0111101010001011111011111000110110001110110101100110101001100011
0001111010100101110101000110011100000001000101001111011011010011
1111100101000100101111101110001101100000011100100010011000100001
0011011100011100001001000110100011000101010001010001100001011111
0110100101110110000011111111100001011000000011001001101111001000
1010010001011010000111111010111000111101011110010000000010110110
1111011110100111010111101011111100010110101000111111001000001010
1011101100010111111100000000110011101111111010001011111111011001
0110110110010001111111011111001100000100110001100111001111010000
1011010100111110101100001100010001001110011011011111011110010110
1000001001110001010100001010010110010000100111011100001000011000
0100000011001000100101100011011110001001101100011000001110111111
0101100010110101001001000010010111011101010000110010111100111101
1100110010001110001101001101011000000010010001001001010001010011
1110010010100111011011010000001001010010000010100100011100110110
0100011100101100110000001011110100011011000110011111000010001101
0111100010011101110001001010000111001001011011100010110101101011
1010101101001011110101100100001100001000011100010101000100100100
0100001010101111110111110110111101110100100100010100110011111011
0011101101110000001000100011010111011111100101101101001101100110
0111000001110001000101100110110111110011000010100110110010100011
0110100101100101010101100111010010101100100111001000010110101101
1001111001011011110111101101001110100010010100011101001011010111
1000010000110001111111010001000011111100111100100010010010111000
0101110011100000111101110001000011011100010110110000001011100000
1110011011101010100000111000101000010100110101111110101011110011
0001100110011111101010110010010000110011111000001010101000011100
1000000111000110101111000111111011101101010000111000011010111001
1101010101000000110010100100010111111011000110001011110101101110
1010101011011001101001100110111010111001011010001010010110010100
0110100110000001000011101101010010100111001110011001100100010000
1110001000110010001101111010011000000100101001000001001011000111
0011111110111100101101111111111001010001101100010110111100001100
1010011001111011000010001110001011001011000101001101001011101101
0100101110110010011010101101001001010110111111111111010011010100
0100111000100010001100011110011110111101010011110001100111100101
0011111100000011110111110001101111110000111000100011010111110101
0011100100100011011010001101110101100011001010110111101010110001
1111010111101111110000001111111110011011100110110000111110001011
1101101001011001001000000011111011001000000101111000101001000001
1100001111110110000001001001100010111011111001111100011010001010
1111010111011111101000011010100010000100100000010110100001100111
0110010000011110110110101100011010010011100111001101001101101110
1000001101111000011101011110110001110001000010100000111110001000
0001111110111000110111100000100001110001001111111100100001001100
1110010110111101011001110110110100011101111010100001001110000101
1111001011100001100010001100001111010100000100000110111111110000
0110011010011110000000100001011010001111011110111100111011101110
1001000110101010111101100001000010100010110100011111111010111011
0100000000110100110010010011011011000110111000111101111100111010
1000110110110110111110000001110001000000111001000110001011110011
0100111001110101011001010011101101100100100011011001110110000001
1001011011100110100100010011010101001100000110101011101100111011
1100011011010001001001100011110100110010010111111111100010001000
0000110100011100111000110000110100001111001001111010111011110001
1100010101100101101010001011110100000101011011111111110111111111
0011011111101110010010001110101111100100101101000100110011010010
0001111001000110100010010000010000001001111001011011000101001001
0111010001101101000100100001000101111111000010111111110110011110
0110001000001111001011101010110100011011001100001000000000011010
1001011100110110000001010011001110100110010101101011110110111000
0010101000000011100001000010011101111011111110110100000101000001
1111000110101010010001110100010011100111101010010010000010100111
1000000010111011010111101011100010111011110011100101111110110000
0101111001011100011111010011010011100011101001001101100011111010
1010001110000101100101010101100101001000011010111111001111011011
0000010100111100100110001011001000110100100001111001000000111000
0001100010001100100001000010110110100110001011110100111010100011
0110101001000100010001010011001111111011001101101000001110100011
0110010101100001100100101000011111000100000101011110011011110100
