1110010110100110000100110101111000000110011101111010001111001101
0000110100110100011000010000100100011110110110001011010001100100
1110000010110010010011001101010001111001011001111010001010101000
1111010011101001110111001010010100000000010100100000010110101000
1111100110001011110001101101001110111110101010010000100101100111
0010111000000010101110010000101000101000011100110101011001110101
0001100100101011101000011111001000100110011011000100111100101000
1010011111100000111010110011111111011101110100101011111010100100
1100110111100011000010101000100110111011011000111001100000101000
0011100001000000011100111110001100100000101101100100101011000010
0001010001000000111100111101000111011100010011100100100001000011
0110010101011010111001111100001001110111001000100110011101100001
0010110111000011101110110101100100101001000001010111001010110000
1101101100101011111001011101000110011001010101000111111001101001
0000010101110000101101111100010010100101011101110010010100100011
1000010110110011000001010110101010111001001110111000000011001000
0101111010101011101001010011111001011010111011011011110000010010
0100011010101000011100010100000011000000110000101110000111011010
0010001110101010011101101010001111000100101100000000000010111001
0111101110101100111110001011111110010000011000110001111011011101
0101010011110011011111100100001101101000000011100101111111000001
0001000001100010111011011001101011111111101000101001100000010101
1011101000011010001010001000110101100001001110011000111000100110
1010100001101001110011111111110011110100000010000010010110110100
0110010101101010100011001011000011110000010001001010011000010001
1011011000111100100010000100111111111011111011000001101110010001
0010011000101110001001000110001000110000100110001000000011001010
0100011001111101110111111011101101100000011110010110101111010001
0010010000111011011100011010101110011100101000100010110101110010
0000010100110110110001011010110011011011101000111011101010011111
1001001110101010111000010101011001000000111010100000011101001111
1110010100001111100101011101101101001111110110100001111100001011
0111111111011111101110100110011110110000000101110010110100101111
1000010100100101011001110001111101101111110101001001111010000100
1110111010110011001100111001010111110010011100010101011011010110
1001001100000010011111011001000111111110100010011000011010101000
1100010001101000010100101100010111001101101001011100100011111111
0110110000110110101111110011010101010110001110101001000000100001
1100111000101010001101111001011100111100100001000101101110001001
0100110101111100101110000010011111100001010110000000001000111101
1101100001010110100011000001010111101000101000000111101110101101
0100111100010010011001111010001111000101010110001011101011100110
1010100100101000000010100001001111111000011100000001010100101011
1000110111100010011011101001010011010101000011101101001001111000
0110100111101110100100101101000010011000111001111000010110110011
0000101010010100100001000111001101011001011111110110100010000010
1001011101011011110100001000101001101100011000011001100111110000
1111001110111000000001000001011110001011010110110010010101000111
0110110110000101000011000011101011000011010101011001110110000110
0101001001010011101101011111011110110000010011010001000010101101
1111001010100010000111000111101000001011010110111011000101010000
1111111111011111101001011000101010101101001100001101000111010100
0001011010100011010010000110010101101010011001110100010010000001
1110000100110101000000000000100100010010001011010100101100010011
1111001011110001100101010000001101001111010001100111001100111111
1101101101011010011110000110000000011111111100000100100001001110
0111111111011010111011001111011111101000101111100111011011010100
0110011001111111110101111011110110000011001001001000101001111100
