1110111111111000000000111110101011100110000010100001100100111001
1101101000111010000000001111101100010010111100011100010001011011
1100000100001001100001110001001111011100011010100100100110000000
1111111111101010100111110110101111000100001011110000011001000011
1010110011000110100111100111101101001000001001111110001011110101
0101100010111010101101100001111100110111111000101011010001100100
0000010000110110010010111110101110100001101101001100011000100111
1111011000000110111111011111110100010100011100110000011011010100
0101000011100010010111010000000010001101100101100001111001111011
1001001110000000000111110010000010011111110010001100111111000001
0101101000111110000010011011111100011111001111010011110101001000
1100110011110011000001000110010111010011101101100010010001100111
1110101000100111100100000100101100111001111100100001000010111000
0011001111101110100100011011001010000110011001101100110101001110
1100111000111000000000100110000100010111001110100111111010110101
1101101101000111001001110011111011101101010101100111110000000111
0011100100111111000010111001110001110101010011101011100010000101
0110010110110011011000001111100110011010000100100001100101111100
1010110000100001101000110010001011000010000010101010010011110101
0110010011111111100001111001100010111111011110110010110101011110
1101101111011100110100101110010101001101011010000010001010110010
0010111010001011000101000111000011100111000010101000100001101100
1010100011101011111111001011001000100101000000110101110000010111
0011111010100010000000001110000100101000101110111110110000101000
1011101011010100001111011000100010111010101001111001101111011010
0100100100110110001011101101010000001001001101001011111000101101
1111011111111011010111101111010010100010010010101101110110011100
1000010110111011100110111111110011111010010001000110001010110101
1110011101110111111000001100011111101111110101110000101111110001
0000001000111111001100011101101101000010101111001100010010011001
0100100010010100100110101011101001100110010111000011111100000011
0110100000111101001010000100111111010011010010010100011101011101
1010101101100110110100001011110101101000011000001111011101101110
1110010010000011101010101110000000001000000010100110010001000010
1011110011100111101110111010111010110101010111000100011111010001
1000110111100001011101000100000100110010010000100000110110001001
0001011101001100100101101000000001010111100000010010101111011111
1010010010010000000110101010011111100110110101110010110000010011
0101011001011111001101000110110110001010011101000101111101101110
1101110011101111110100101001011100000101000111011000111100011011
0100000101000111110010100011101100111110111010010010100101011011
1111000001001000011011100100100111001010011001011110000011110011
0101001111000011001011010001000111111001011010010101111110010100
0110000101101110100101010110001100111100000100111100100001010111
0100110100101100110111100001000111000100000101101001000010110101
0001101000011011111010000100000000000001101010100010100001011000
1110111110000000101001001000000001000010001111001000010110000000
1001001100011111010100010110100010110011010111010010001111101001
0111001011100011111011100111111111110010110000111011100111011101
1010010110000001100010110000110011111110110110110111001011110101
1000011101110011100000100111000011111110110000101000110011011001
1010111000111010011010010111110110110010110011011011000100011000
1000011001001011001111011100101010011001000111101100110010101000
0001001010010111100010011010011111011011100110101110011011010011
1101010001101011010011011110111001110000110111010100101110110111
1010001101000001001111001110110101101101011100000111111001101101
1110111011001101111100000110000000000011100000000100011010011110
0101111011000101011011010110001011100001111010011100001110000101
0001100010011010011000010100000101010111010111010010011111101011
0000011101000010101111010011101110100100100010110010011101100101
1000110101011001000111011011110111000010101111001011010100000001
0110110011011111101110011111101011100000101010010110110011011100
0101010001101000110001001010001101011100101001011011111111111001
1110011010101100110111000101100010000010111000010111100100110111
1000110001100100101001111111001101010111100110111100101011111110
1101101000111111110000100000110010110000001111011000000010001011
1101000101000011111000100000010110101101010010101110100001010010
0100110010110101100110011111101011011110100110110011011011000101
0010010010000000110011010101101000010110111000000000011111110001
1010000000011000011010001101111101000000110101011001001001000011
0011110000110010111011110000101000011010010111000000010110001011
0100010100011010011101000101100000100110001010111010111110010011
0001000101101110101101100110000000110110010100110101010000101101
0110001111001100101110101011100101000000001011101101010111110101
1010111010101110101110011110001010100110111110110100100001110101
1100000110110110100000010001000010100110011001101110000011111011
1000001000110101000011001011010100100101010110111011000110010111
0111001000111101101111100001000010010100101011110110010010000001
1111010010011010011000110101000001101011111100101010110010010011
1101001010011010100101000101100111100100100110101011000001011001
0001101101010101000111000110001111000001011111100100011001000111
1010010111001100011100110010011001100001000010100011100011111111
1110010000010111110011111100101000010110011110100010011111100110
0100001000101110100100101110011010000100010000110111000010011110
0101111101010110101101000110000100001000000111001111000010001001
0101010100010000011100110001001100101111100011100011110111110000
0000100000011001110100111101001111001001111010011011000001101101
1011000010010100110100111010111100110110001111111101001001110001
0110001010100011101001011101001010011110010100111111111001001101
1001001110001111001000000010111100010000111011001100010100111100
1111001000000011010010110111001110110001100101010100111001000001
1110101110011110101101111010010010110010000001001110001110010001
0110100100101100111101110100110011011000101010001110011111000100
0111011010000101110001011100101110100010111101110011010011111111
1011110101010000000001000001100111000011000110110110101101010011
1101101101101011001100110001111000110001111110110111111111100111
0101110111011000111110000000100101110101101100100111111000001001
0101010000000011010111101101111111111110001011101111010011101100
1110011111000001010110000100001001011101100101000111001000000001
1101110111011110010000011101001000111111000101001000000111000110
0100100011110000100110111011001011011010101110111101110010100011
0111000111010011001100001100110111100111101000001011000101000110
1010010100111010110101111001010110111101100101000100111000111000
0100001101111101011011100101111010110101000110011001101001000011
1000110110101110110000001101101100001111101010110110010100000001
0010110100001010111001101001011001001101001000100101101010001001
0001101010000101111001110010110011110010101001101110100011001001
1111011011001011101100111101000011111111001110010101111100000011
0101010010011100000001110011000001010000100011011101000010111101
0100100001010001110111010010111011000110101100100100100000011010
0011001000010100011100010000100011101110000001101100010111011010
