1011001101011000110010011000011111001001001101111010010111110100
0011111010100000010000011110011010011010011111011101100010100000
1100101001110100100011110110101110101011111011001001111010010000
1111000001100101010001110011111000101111011101100101001110011101
0000101100000000111110001110010111111000010011100110100110000001
0011110011000011100111100100011011010110000011111101011100000101
1010110011100110000010100111101011011001010001011010001110110111
0111010010001010000000001111010001101011110110111000000100011001
0001011110110000011010110111100001011011111100000010110100111101
1010100101100110110100001001001111000111001110100001011010100111
0011010011001000011000101110010001110011010001101111011010100010
1111000100001001111000001100100101010011100010011011000101011110
1100010001101001000101011111100000011100000100000100001110011101
0010010101000101110000010101101101101111000001001011000101101100
1010110010000100100011001001101101010101010100000111101111110111
0100111011001111111011010000011111011011110001100101110011010000
1110111101100101010000100110001010111100011001100001011001110111
1000110000011100111011110011111111001000001100101000100100011111
0111010011111010011011010111100001011011100100010101110110111110
1101000100110100100011110101100001111011100100010111000000001100
1110111110100100011111100010110011010101100011100100101100101111
0001001010101010011011010010010111000111101101110110000000111111
0000110101101110011001101101111011000000110100111011011011100101
0010101100010111010101110110001111100001101111100000000111000001
1001011010001101010010011001101111001010111110011000010000010110
1000010110110000110110111010001001100111111011011010110100111111
1001110010000111101101001001010110000110001100100111000000101100
0101010110110111101001001011100011101110000110011000101110100011
0011100010111111111101100111101111111101010001111100110101001110
0000110110101011101100000111001111110000011011001001111010000010
1011101000000101000001101011100111011001110110100110110110010101
0101101001001110011100001011011111110101111111110000100101001101
0101101111000100000011010000011000011001001011001100011001011110
0000111100100101101100100010001110110000010011011010001001011000
0010001101010111101011001101101100110000010000100010011100011110
0001001001000011011011011110001010001100110110111000001100100101
0100110011011110111010001100010011000110000010111101000110011111
1100011110110111011110001000010101111111111101111010100111111101
0111010101111100110111011110011011111000000001010100011001101001
0000101001001110101100101111000001111111011001010000110100011000
0101011010101010111010110111001010110001010000110011110100111111
1100100001111100001111001111100110000001010111100011010100001001
0000111100110001011010000110110011111111000111110110010010011000
1000111110000001101100110100101110000100010000101110111100001000
1111011110000010100010011010110101001011010100111110110101111111
1101010011011101011011101010101100011111000000010001110010001110
1101110111111010011011000010100110110000101101001111100000111011
0001110101001001000000100111000001101101101111000000000000000010
