1101111000110000010101001011101111000010110101110101101001101011
0010000110000001010010001010111110000100111111101001010001010011
1111000011111110011000000111011101111011000100011011100000001100
1000111110000010001010011000110011100111111011110010000101110111
0001101111101010101011010100011001100100111101010101001100110100
0100111010011100100010111000001000100111000000011100100101100001
1110101110110010111101110010111001010001101111111110111011110000
1100011110111001010000100101100001001011101111110011101011100001
1010101111011100110011010001111000000110100100001101000100111110
0101000111110100101010111000011101100011101000001000100001111010
1110000111010001111101101000011010010001001110100001100001111100
0010111111010000011010011010111001010010010011010001100100010111
1101101000011011110011001110001100110010001100110001010100011110
1010111110010110011000101010111111000010000110011111100010011101
1110110111111001111001100011110011000101000010010110101001001110
1011101101111110110111110001110011000011011011111000100001010111
1001111000010101101010101110101110111001100100100010001010000100
0010101111000111010100010000111111110111110101101001111001010111
0001100111000010011111010011011001001011100000000100111010001110
1010111010101111011111111011101111101101011110010000101001011000
1111110100111011001100111011110000011010011111000100010110110100
0100111011110100000111101100111000011101100010001101110001011010
1000011111100001101101000000010011000101110010011001100110001100
1100001011001110101010111000001001010101111001100010010101100011
0010000001010001101001001011010011001111001101010101100000111011
0001011011011001101100011010000011111101110111001001101111111111
1000101010001000100101010110010010101111011110100100011110001010
1000001101110101010010000011100010011110010101110111000001001001
0101110100000011011101101111000101101000001011011100010011101010
0100111101101010010111000001101101111000000000001101010111010001
1010100000111001100100111110110010000111100101011010110110010001
1110010010110011010110000110001000110000000001010001110000011100
1010000101110110011101101111011011000011100111001111001000111011
0111100100110011111010110011100011001011110100011000110010000000
0001110100110110011111111001011011100000010010010101100111111111
1111101011111111100001000110110011011100000011000111110010000101
1101100111100010111100100001011100001001000011000111010010001000
1101010110110110111001100100100010000011001001101101000011111110
1011101101111110110110101001000011101111110010001011101110000111
1100000011101010101100010100010101011011010011101011101011010000
0100011110010010110000001011101101001011111011000110011101100011
0110001110100111010111100111000010100110110100010010111100100010
1111101000111001101101110000011111101010000101111101011110000100
1001000001000110001100000001000101001110100110011101111000010111
0101010000011000001111000011001001100001011000111000111000110011
1100111100001011100001010101101001110110011000011001000001001100
1000101110011010111011110100110011110111010100000011011000100101
1011110010000100010100111110010110010110110001011101000111001111
1101000010110000001001000010000101011101101010001000111011011011
1010101010000001000101011010100100011010101000110011101001110111
0011100100001110001100011010111000001111010110011100010000110111
1011010010000101110000110010110101101100111101011111010011000000
1001110111110101110111010011000111101010110101001110101101101011
1101000101011100011111010110011010100100011011000101010011110010
1101110010101000101101110000010001111101000010011101100100101000
0100000110010111111101011111000110001000010001010000001101111011
1101111100000111110101000111111111011010100011000011001000100000
0111000111100011000001110101011100000100110011011011101101001111
1011010110010011111110001111011010110101110110110001011111111101
1011000111001010100101101010100110001011100101111010110010100101
1100000101100111111000001111001110110001101011110001001001000001
0010101111001000001011001011000111101000110001111010010101010001
1000001000000110001010101101101110001001000000100100000000101011
0111110010110000011110011010110010011101111010000101101111110100
1110000101100011000001111000010101011000110111110101111110111011
1001001100101001110111010001101100101100000101011101100001010100
0011101110100000001101001010001101100101011101011101101101111010
0001111010111000011001111100101101011101100101010110110110001011
1111011111011010011001101010111001001001010000101000111000010100
1011001111010111101100010101000111100001101010010000110010101011
0011100011101011001010111101010010011101101000101011000011101000
1111101101110101000110000000001110000010101000101100001001000100
1010101111001011111000101011100011111011110111111011001111100001
0001001100010110100011111111101101000101110000100101011110101000
0001101000101100111100000000110010101111000010110110101111111100
0001100101000101000110000010011101111010110101011111111001000000
0110110101101101111011101011100001111000010110111101011011001100
0000100000101100100110000010101010100111100001111010110011110011
1010111000001110100000010100001111000001100111001100101110100111
0000110100001010010100111110001111010100111001010010000100011111
1011111100111011000101010011011111101101111000011111001111001001
0100101111111011001000110110100010010110111110011101111100101001
1101111000010011011000111100110011111101000110001100000111001011
0111010000100101110111011011011011001000110110001111001001000001
0111011101010010000100011001010010000011010011110000100110010111
1110001001011101100111111011111010101010100010111110010111010011
0111111110110101110001101110100111101110001111000110100001001100
0000111011001110100010111111100001111110110111100000111001001100
0100001100100111001100010100010101111100110010000110001101101110
1101101111000011010101010001010000100101101101000010011110111001
0100101001111000110010001011001111100000100110111101111000100010
0010001100011101011001010010011010010010000101001001111010010000
0111111010000011011010001010100101101010101100001111111111101001
1001001000101111100010110000000011010010000011110110100011101100
0001100001110100011010010000101010010000100111110000000100011101
0000101010001111110011110011011000011101100110010011111100000100
1010111010100000101000000000110110110110010110110000110111111010
1110101111001000110001010101000010011110000110101011110000010011
0100110100001110100111101011111100001111110011001010011010111001
1001110000111111110011001010111000111111011100110111000110101111
0110110100011011000100101011110010000011011101000100011100111100
1010001011100011000001100110110110100111110010100110111110110111
0110110111110100010110011000111001010001100110011001111000001111
1110100110101001111110011011011101101001101011010011100111100001
0000110011101011101100100000010110000011011100101000011100000000
1111011011101100011111111011011000110100000100101000000011000010
0000101100010110001001011110110111110000000101101111000111001011
1110000001111101111000110000000111101100010011011011111010000011
1011001010101100101110100110001110101101000101001101000000011010
0110010110101110001100111010000100011000011111110010011101100000
1001000000111111000010011101111101111011111010001111000110101111
1010110000011001011000110011101100111111101000010000111111010110
0100110110000000110011111111111010010100100010010100011000111111
1111000001110011001000111010110100010101010100010100001111100110
