0010111000000011100111101010011100110110111110000001000101000011
1110011010011100011000111000011110010101011110110100100110001000
1010001010101001001010101101010000100000001111001111101011101011
1100000101001011110111011000100111101000001001000110101101101100
0001110001001000011111010110001010100000101110001110110010101101
0011011000100110101110111100101001110100111111110101101100001001
0101111101011110110101000001101000001100110011001010100010011000
1001111011000110111010110001010010011011110010110110000011111100
1000100010100111000001011010000111111111111011011111111010100001
1100001010000100100111110000100110101000010110001111000110010110
1000110111001000011111001111111000001110000101011010011000111100
1111101110111111110011100110110010100011111110111101010100111111
0000001100111011011100001111100110110111101010000010111101101111
0101100110011100001010111111000111101011100100111000110100100010
0000000011110001000110010111001110101101010001101101100101001001
0000010011001000101110010100101000000100110101100001000110111110
1100101001111011011011010011110101000000001001010100011010011110
0101110100111011100100101001111100101101101110010010101110001101
0001000011110001101100101101010000101010110000000011000101011111
0000000010010101011001111110111100111101010010111101110001010111
0111110010101111100010000111111100100010111010110001101010101101
0000010001110000001110100001011100010000100010001010111011101001
1111000000100010010111011000000001011011010110110111001101111011
0110110000101010001100000000110000111101001011101101011110010100
0110000010010011111001111101010010000010001001111101100111110000
0100111111100000011011100110101000110010011111010001101001010101
0000011000000100101010101110010111111101100001111010111011001010
0100001100110011001100110101000100111100011010101010111101011100
0101000100111000010001001010011010000000011110111001010111101100
1100101011101001101000010101000000011011010111010110010110010000
1010110110000011001001000000101011001101001010011111010010001001
0000100000011011001111000010000101000110111000100101001101101100
0011101100110100000110110110011100001000100011001001001100101110
1111100010011001010011010001100111101111111101110010101101011101
1111111011100101110100000100001010101001000110111111100101100001
0010111001111011011011001010001001010101001011100001011110110101
1001001110100111111110101101100001100101111000101001001111000111
1010101101011111011001101101100001111110001000001101101000110100
0111100001110110111010011000100010011001001111100101100011100001
1110000111110111010010111110101001010001110101011010000101010001
0010000011010101010101101000111110101000100011000101001001100100
0010011000000010110010011101110110110111011101100100010110100100
1010100000000001110111000010111000010011010001011011001011101000
0010101000001101111011111000011101100010010101111000101101011011
1101010111111111111010111110111111111101101000111000101000011010
1100110101100100100001100110100011010101010011101111010011111000
0101110001100001101101111110001010001001001011011011010100001111
0110111101100011111010110101000000001010101010001001001010101100
1000101111011110101110110101101111110110110110001101110101011011
1111000010000111100101111000101001010100100010100100111000001101
1001010000010011011001111011100010000010111101010011101001001110
1110010100101011101100100100100100001110101000001001111100001001
1100010111100111010011110110101001000100001111110111110110010010
0111000101000010010010010010001000111111110100110100000010001111
1110110001111101010001000110010101101101111101110100111010111001
0000010011000111011111101001101010000101011010111100110100010000
0011001100100000100100010010010000011011011001001100010101110100
1001110010110101100010101111011101111000001000010010111101011011
1100101110100101101100101010011001101100111110010100110010001100
0110110001111011001010011001011000100101110100101100110101110011
0110110000100010100110001111111111011000010101110011011100000010
