0100001011110100101011111001101010111111111111011101100101011101
1011000011001000011100101000000010100010100101011111001001111010
0111111011000011101101100001011101111101111110001000010010111010
0001001100000100111111000111111011011100100011000011101001011110
0011010010100100100101010100000000000111111001001100010000100001
1000011001010111000110011111111110010110001100111000011010100110
0001111110111101001000110111111011101110000001111111010010100011
1011101000001001000010100001101011001000011111010010111100010111
0110010010001111111011110101110011100110110110101101010000100010
0100111011100011011010010001101011011111011111000111001010011100
0100001110001101100100000101100001000011111001111011000111100100
0100010001111000001010010011101011101011001010110001001000000100
1010010011111110100011011011111111111011001101000111111000000100
1101010110011100110010111111011000101010110100111100011110000011
0111010101011011001101010010101111011011011111001110010001110101
0001101110000010010001100001001111100011000000000111101000111111
1010111100101010110100111010110110011111110010000011100000011101
1011000000100110110101101101111011001110011111000000101111011111
0011110001111110010000101101101100100100010111100001001100001011
1101110111000000001010011001101000101010001110110101000001101000
1000111101111111001000011110100000101110110110110110110111011101
1101111010110110001000011000100010111110100010100001010001100010
0010110011010000111011101000100001001101000100101111101100110010
0110001101001001001101111100100000100111111010111000101111011000
1000000101101110111011111111011110001011111011100011110110101001
0010000111010010011001010100011000011111000010111011110110010001
1100011011001111111111001110101111100010111010110001000010000010
1101110110100110010000101000110101111000100111000001100010110100
0100000100000001100110011101000110111111100110111000001111000111
1111100111110100111110101101101011011110001101110101010000010101
1001011011110111001001011001000011101111111001101100111101001010
1000101010011100010001111000011110000001110010110101000100100110
0111011000001000010101111001001110000100111110110001000110000101
0111100011110111111101000000111110001100001100101110010001100101
1011110101110101010011110001010100110111101010000100000010100000
0001001010111111011001001100100100000110101100001010111100001110
0111011001011001011001000011100100110110101101010100001101100100
1000100000100011001100000011110010111111010101110110101110001101
0000111001011001001101000110101111101111110101000001001101000100
1000001000110010111001001100111000001101010001110110100101001010
1000110101111110001001000111000001111111000101110001100011110001
1100100011101110010000101000111101011001011000000100000110000100
1100101100010000111010001001111100000100001101111011001010001001
1110111100011011110101010110010100111100011101110111001110011001
0101101111111001011010100100001101100101111010100011110111110110
0001001010001111011100100000010111011111111001100100010111011100
1101100111100000010110101011000101111110101000101110111100100100
0100001010100100110000101101001010011101001011100001000011111011
1011010111100110011110100001111100110001000010111101010101011101
0000110011001011110101000001001010010001111010011000111001111010
1010111000100001110010001101000111011010010100100110011111111111
0001001110010101101001111100010011100011010001011100101111111111
1001110111000100000001001100101000010010000010010000011001100100
0000110110000010101010111101101011011001001101010010000100001101
0110110010100100000001001001011101000000110111011011011010000000
1111011101000010010100101101101001001001010000001000001110100110
1110100101101111110111111011000000000010100000101101001111010000
0000101110010011001101100111000000010111001111011111100101010011
0100011111011101101011011100001101000011000011001000111001111101
0011010011011111101001110010110100100000101100101001100001111010
1111010111111111110111111111011110111100110101000100000011101100
1001100000111000011111010100000010101010010001100100101111111010
1101000000101001011100100101010100100100101001110010101010000011
0010000110110101101101001111010001011101001110111110010110101000
1001011101011100100110110111110000100000111100110110010100100011
1101000101000010110000010100111010110001011011111101101010010100
0101101000001011100111101010001001101001010000001111100101100110
1101111110000110000011110010101010001101001111001101000010100100
0011011001000110011001101110011011010100101001110101101111110110
1011001111111100011010100110110111001011000100100100001100101011
1010000011010100001001110010000001100011010000001100110001111110
1010100101111110100110111101101110110010011111010010001000001001
1111101111010101001101101010100110010100111101100001110010110111
1100000000101111011111101011011111010001011010111110110010001001
0111111100001110100000010010101110110110100110110101111010011010
0100101010110010101010100101110100111010000100100001000001001001
0100011110111000011111101000101110010011100010000111000110000001
0111111111011100110111110100110000111100011010010001011101101011
1011011101001010001010011110001110010111001001100000011010111101
0111001100010110101010011001101000010010000011001100011101100001
1000000110101110000100100011000111000010010010000011010101010011
1111001010111110010110101000011001010000101010100110001111110001
0000010000100110010100101100111011001001011001001111010001001000
1111010010010100101011000100100001100001001110101110010110101110
1111101000010100100110111010111011111000000110011010111100110010
0110000111111011101010001011011011011110010111011101100101101001
1101101100001100010111010101001100011001110111010110010110111111
1010010000101011010110011010100000000011000101000001101011001001
1100011000010110110001010101100110100001100000111001001010110011
1100100111111110111101101101101000010010010110000100001001110011
0010000101111000010010101001101111100101010111010011000111010001
1001101010010011010011010000011100111111000000101010001001000110
0001110101000101011111000000100110100001100001110000011011011101
1001001110110111000110000110101110010010001110010101000010010101
0010111010111001111010111101100101011011110111010011010111000001
0101110001110010010011101101100011001101010110010100001011010010
0111010010100110100011010101100001000100010001011100110111101001
0001000110010110000000100101111000101010010100010110101100000110
1011101110010100110110100100010000011111000011000100011111001101
0110010011001000101000010110010100001110110000111110000111100111
1000101011111000101101110110001010100100110111101100110101011110
1110101001011011111001010100101010100110111110011011010101110101
1101010111100011101011100010111001111001101010101010001010001111
1101000000110100010101100111100111101100110100000011011011110011
0001011101111000101010010000111000100001110101111110100001011100
1010101011001101100100011101111010101111100011110110001100111111
1100101101000111110101110000000010010010111010101111011101011000
0111111101001111001000101010101101011101100001001101110111011100
1100101100001110110000011000001111100000010011100100010100111101
0001110100100101010101011001110010000100111010100011010111000110
0110111111010001001001100101010111111101000000011001000110000111
1011010010100101100001011111010001110010001000111101110100110110
1111001110111111101111110111010001100010101000110000011111111101
1110010010111010010101111000100101001001101011111110101101111100
0101000111010010111000101001001101011010100111101110100100111000
0101001101011110011001000110101100000101010001100111010110101000
1010001011000100000010011111100010110101011110101101000010011110
1110011101111110111000011100110010000010011110100100100101011110
1011110001111100010100000011100000110010011101000111010111001111
1100001000111000010111101100101111101001101001100100101111000101
1010000101010110101001000010001110101110000011000001111101001110
0100001110110100111111111001001000001101101000110001101100101000
1100011100011000111010110001000001000000111001001110000001011001
0000111001110110000010110010101110010110001000000111100010110111
1010111100000100101110111001011001100110001100100000111000100110
1011010010011000000101011100110110011011111011001011111111100101
1001010001010111110001110000011010010111001011110101000001001011
1111011100011101000101110100000011001100101000001011111001100111
1010110111000101001011000011101001110100001111011010100010010001
1010100100011010100110001101001011111101100001111100011100011011
1100110010001101001110101011100111111111001100010100010011101101
0100011100100010111000111010010010010001000101000100100101110101
0000010101111010010110010110001110101011011111010011110110110110
1110011110010000010010100110010010100001110000001110101110011001
0001101000001101000000100001111010010000001101110100010110000111
