0111100111111001010110111011011101111100100000001111001001001101
0001101111100001111110111001100001100100100011000111110011010110
0010111000010000110010101000110101001010011011001100000000010101
0000001000111000100000010010010101010000111100111110011010110101
1010001101101101010101001111110010111100001100110001010010110111
0100101101111010111111011001100101101101110000011010001011010000
1110010011111011000010111011110101001010101011101010001010011111
1001001100111111001110100110000011101100101001111101010010110110
0100011000101111100101001100011000011010111110111010100011010111
1100111001000100001100100111100101101010110000111110110110001110
0100001101111110000000001100011100001010000101110011000000101101
0000011110111010111100111100111011110001001111010001100000001000
0011110011001010001100010100001001101001111110010101011001011001
1001101001100110100011110010001101011111101011010110101110011110
0010001111011000011010110111011010100101000011110001100001100100
1010101100101001110110111001001111001011011000100001100111010010
0101011001111100101000001010001010011110011111000010001100111001
0011011101011011110110101100001000101000010100111110001111100101
0111001100100101000111011001011010010110111011010000001101000011
1011110111111011111010001101110001000000111110001000000101011001
0111110100100010001101110110100011110010100001111101101011101000
0001011011000011000011100011100101110011110011001111001000111101
0100001010100001111000111111100000100000000110101001010000000000
0010110101111001110011010011011011101000101111001100100110000110
0111100001000110001011111010010011110000011011100111011110011110
1011010010110000101010000001001111111001001011010000001111111001
1001100000011110101100000001110111010100010111001111101100000011
1011100110111111000000010000010100101000111101001001111001000001
1000101001011111100101100010101111000010111101001011100010000101
1000100111010000000011011011100010010100001010001111111000001110
0110011101010100100001101011100110011000001111110001111001000000
0000111010111011110000111110001110001001001001100001001100010010
1000101000111101011010101100010110111010100110000011111000010001
1011010001000001001111101001000001001101001110110111000100001101
0110010011110011010010011010110101001101110111111001100110001010
1101111001001011100000111000101011010010100110010101110101110110
1101100010110010000001000100001001100000001000011001000111101011
0101011111011010001000111111001101101011110100000000110110110011
1010001011100110000000010101110111001100000101111111101010111000
0111101111001001110100111110000101101011010100000111101110000000
1011000001110001100100011000010100010101000101100011001010011000
1110101000100101010111100100110101011011101110101001000000000101
1110011011101110101101011011000011010001001001110011011001111010
0111001101110101000111010110111111001011110111101111101101101111
1000100000110110110101010011110101011000110011100111001101110110
0010111100110011011000100010111110000010001101100000000110001100
0010110101001100001101000010110001100101011011111110011000010000
1111111100111001111010001110110110110001101011100011011010111000
1110011110101000110010010001101110010011100000101010000101000100
1001001100010001001001110010001001101111010100000010010000110101
1111100111010111011110100100111101000010111111110001100101111100
1011001000100000001011000000010110110111001010001000111111011101
0110011001011101010010101101011001110100001100110100111011100010
0001111111010000110100010110011101111100010111011010111110110101
0001110010010001010101000010001000001111011101111100000110110010
0000001110011100000000001111000101101001110010000011110011111101
0110111010000110101101000011010100001001010000011110100110001011
1110111101011011011110111100001010011101100000001001111000000110
0011100011110010101101111000011111000110101100110001110100000010
1111001000010010100011100101010100111111011000010001111011001111
1010011111010010100111111111000011100111001010101010110100110001
0111110010111111011110001001001110111001000110010010000111000101
1101010011001110101000011101001000110110011110001001111110111110
0001011010011010000001010001101100100000101000110100111011011000
1101110011010101111100101110101001011100110001011110010111101011
1000110010010000001100110100110010001011110001010100001011110010
0010101000110101010000011011000110111111000100011111110101110010
0001001011011101100011011010111000101111110100100101111111111111
0010111010001011001001001001100100001001010001001100011000100001
0001101001011010101100000000110011011000011000110000111011000010
1010111110100000010111010111011001101101111011110110101101000110
1001111100010101011010111010000111101101000001001011010110100110
0110101101101001010101011000100101111110001000101010110001001110
1001101110111010010111001010110101101100011101101011010100010101
1001011101010110000000100101000000100111101101101000100001100100
0101000001110011101011100100000010011000111010100101110000001111
1101010001100110110011110011001101110001010110111000110101110100
1000110111001001111101000000000100101010010011000100001001110010
1110101101001000000001100011000010000000011100001100101100011001
0010100001011010111101010001101001101010111110011011110111110011
1100011100110001011101101101010100101110111101010000111111100000
1110110000111000101011001101000110011111000110001100011111110011
0100100110010011111001100000110011100010001000110101111010100011
0111011111100001110000001010101101011101001010011100001110000111
1011000000011011110110111100101111111101011101110100011001101000
1010011000110110001101010111010011000000101001000110101111010011
1011101000010100100000000010000011000110001010010001010101010010
1100110001000010001001010010001011100100001010010111010110010010
1011011110101110011000110101111000101000001011010100010100001010
1101101111110010011111100110111010001001010100001011011010010101
0001011110111110101000000101110111000101101100001100111111011001
1001010011111110000010000110111101011110000110001101111011101000
0100011110001111010111000010101011101000101011110111111110110011
1010001110110011000011101110000110100111011101000101110011011010
0111100101101010111101101010000101110011100001010010101111011010
0011011001011111010101101011111110010111110110001000001110010111
0110001001011000100001001011110110011100010001100110111110101010
0110000110000111000100010011000001000010011111010000001111010111
0110000011100110010100101111001011001011001010110011011110000000
1100000010010101111101000101111010101010011101010010010010110010
1000111110101011000111110001110010100000100001100101000111100101
1000111100100000111011101110010100101110000010010110010110111111
1011100010111011011100010101111000101000001011100101110001101010
0000010000000000011101010010010001100010110001110010011000101111
1001101001000011110001111000000010000100001001101100111000110101
1100101011011110001100100011100001010000000100001101100010101000
0001100011000011011010111110110000001100101011000010101110011111
0100101011011100010010011010111101000101000110000011001011010110
1100100000101010011001011101001000000000111001110110110010110001
1000111010111011111000100011000010001000011100101011010101011011
0011001000001000100100001110101111001110000001000000111110111111
1010010111101010100111111000010001110000101010010000100110001010
0000110111110011100011110100010100110111111011011101100101000111
1010011101110011101110100111010110110110001101111101110101000011
1001101100110011111100111111111101110010000000100010000000100100
1000110001000100111111101111000111010100000011101011010010100011
1000100011000100010011001000101010101011111010010110001110111111
1011100100101111011001001110101110000011111101001110111011110001
1110110100101111010001000000010000111101010111100101100111010110
1000011011000101011100101100011110001101100010110010000111111011
0101101001110011001011000100010010101011001000011110101101010100
1000011101110101100111000001010010011111101000000011101001111010
1000101101110100110111101011011010111000101000010000111011110001
1110001110011101000001011101110110101000101000010111000010100110
0001010111110101111111101001111011100000011000101100100010011010
1010111110011010000010000000111010001111010100101011001111111010
0010011110110110011011110100011010010110000111111110111000001101
0101100011101001001101010011100101001000010011001011111010001100
