0000000110011100001101001110100001000101010111100000011110111100
1000110000011010011101011110000111100101111101101001110110000100
0111110111001010110110000001111001010101110101011011001001010110
1000101100000101101100111011110011101111000101111111000000000000
0011011111101111001110011110001000100001101100101101110101111010
0101011011101110110000010111011100101111000100001001011001100001
0110010010101001101001010010101100110010011001011001100000000011
1111101010100001000001100111110110100101100010011001101101101010
1110101011111001011000101011110010000101111010000010111011111101
1101110100111011101110000100010000100000000010111110001001100111
0011101010010010001010100110001010001101100000110010101000001101
0110000111000011011010110110000101110011101010101101001101100101
1110111011011010111010101100110011111111101011111000110101111011
0001011111110010110001110110100001000101000001101010101000011010
1011000110110110000000010110111001001010010001000010111100000101
0010000011101111111110010000011100111010101001111110010110001000
1110011000001011010011101010100011001011000001111111011010011110
0001001100100010101110111011100101001111001001001111100110010001
1000000000110001001110111110110000010111000001100100000001100011
0110110000010001011111101000101010001101101100010011011101010100
1010110011110000000000000000001010101000101100101111110001000101
1000011101000001001111010011001001111111100010001010010100101001
1011100000111010100100100010100100100001100001101100111011111110
0001101111000110000011000110110010011111000110000010001000001101
0110010011101110101110111111000100000100111110001110011111100110
0111001011101110100110110011001100011101010000011011110011100101
1100100100100101000011101100101000011010001001110011010010000110
1101101101111010010110111000010101011001000101000111001100100110
1110000011000101000100010010110110000111001110001010110000111000
0010111000001100110011011010101010010110100011000100110100000000
1000000011011100011001100011011011110011100010001010111001010000
1101001110101001000001011010101010100110100011010011000110101100
1101000011001001000000000111010001000011100000001110001110111110
1100100011000010101000100001000001010010010001001001110011000010
0000101001101011001100001100011011000110010001111011001011000011
0011111010000010011001111001100111110100010011101110011110000111
1010101111101000000101001010100101011110100011110110001101000011
0011101000010111001001100001001010011011011010101001110110100111
1100111011011100010010110110011101101000101100111101101100110000
1000011100000001111001101011000010111011000001010100000011100011
1010011011010110110111011000000001011011010001010110001011101011
1101101000110011001110010101100110010111010001101001010001011100
0101101110000001011101110001000110110111000000110100011100000000
0010000001000010110000101111001011100110101011100101000100101100
0101100111000001110110001000011110001101100010101001001111101100
1010111000100100001110010101001111110000010101111111110011110110
0100011001101011100100101010110001001011001100111100100011111000
1101110011101101100110111100101101101010110011011110100010011011
0010011000011100110100001110001000011011101100010111110101000000
1011101011000011110000001001100100100111000100100001111110010101
0111000101101111101010001101100011001101110011000011000011100001
0000111100000101101101000011101110000101110000101100001111110000
1110101101111001100100100000110011101000011111101100010101111010
0010010100010101011001100101001110110010100110001000111110110010
1001011001101011100111011101000110011101001000101111000110111010
0101001011011100000011000010011110001100101111010111001000001100
1110110111100110001010111111001100101111110001110001011100101001
1011110010100000000111001001101111001101000110010101100010010100
1001011111001010101100110000001111100010011010110110100110011011
0000110101101011010110010100001011110001001101011111010100000101
1000000110111011011111101111011101111111011110100110110111001111
0101111001100011011011100111101101101100110110110101100111101000
1100110001010010000101011101111110000111110110101111000011111110
0010111110001011000101000100001110010010001110111110000111100010
0000011101010100001011011010001000111100111110101011101101011100
1101111101101011100000001100100001000111000100001111100010001000
0010000010011110100001011110110100110000010111011000100101000111
1000011100001000001111001101011011100011000110110110111011010001
0111011010011101001110001001100111111010011011011000001111100100
0110011110000000001000111001111110000001100011011101101110100100
0011110011110110110110110001101010101111100010101001111100011110
1101101110100111001101010100010010110011111110000111100110110011
0000001001011100010101000010100010000010011011100100101101111100
0111010100011111001000010111111111001101100110100111111000000000
1000001001100101001010100100111000110111000001000101010011101010
1100100100100011001100000110001001101111010100011101100111011001
0010001101010010110110001010011101111111000001111000101100101011
0110000111011011101101011000000111011001001111110001110010001101
1011010001100111111000100110101110011100011001011111110111100001
1000100101111101000000001011110111101010101100100000011100110011
1000110111000001110010001010101101001111001100100010110101101111
1111010001001000010011001000011010110001011100000101111000000011
0101101000010001110010111000010011110011010010001101001011001111
1001011011111100100000001101010110000011111111101100110110010111
1001010000011100101110101001101101010110101010100101100101110111
1110100001000000111101101011000100101101101110010001100110110011
0100111100101110000011101000000011000011001110011110111010011110
1011111010000011001101001010001000011010100100001100100001111011
1101110111101001011100101110111001111011101010101010011111100111
1100001100010101100011011101010000011100011101101110001000000000
0001111010110100010100011111110001000000100000001100000101111111
0001100001011010000001011011101011101001010110111001001110000010
0011000100001100111111100101110101111110100110101110001110100111
0001000101101000000001000110011001100110110101010101111110000000
1010100111001011010001101110111100010110011110111001011101101000
1101100111000000001100000110010000111100001011010010111100000001
0010100011011010010110000010011011101110000101000110000000110000
0101101110001000110100011001101111000100110010001100000000011001
1001111001110100000100000100011100001011011111100011110101010000
1111111001001111111000000101010111110111010101101010110111100101
1101000111100000000000001010110001001100101010110110101101001100
0011100011001001110000100010111001001001101001101010011001111101
1110001000101110101100010011010100001011100100011110101001100000
0111000101100000111101100011110010101011110110110111010010111110
1110011010010001000100110010100000101001010011011101000011100110
1100101011111011100001111101110010101110111011100010010101000100
0100110110101110110001000000110011011101100011010111010001011000
0001001101110010010100111011000101101111101100100001010100111100
0010001100011010001111011110100101000001111100010101010000010101
1001111010001001010001111010101101010101010101001111010110000100
1000011111100001110111001010010101001010010011000100110110110100
