0100111110011001111100011001110111111001110100001100001001011110
1010010110110110101010000011101000001110010010110101100011011111
0101111101000000111101101111110110011101000100100000011001110101
1000100001010011010000100101111010001110001101111011010011101101
0000000110101010000100011010011111000100000011001010111000111100
1000000111010111011010101110011011110010111001001000000100101100
1111100001001110011000001111000000010001111001011001111000111001
0011111100010111111100001110101011111101101101001101010000011110
0011110101010101010100100001000110101110010111010000000010100100
0011100110011001001011110001101101001110000100011100101000100000
0001001011010001011001010001001111101110001010100101010011110001
0100101001101011011010010110000110110111100111110110011100011001
0001101010000111110111011010011011010100110001100001010000000011
1011011010100010001101101000100011100101110110010101011101001111
0000100111101101100101111000001001010110100110000101111111000001
1100110000110010000110101000111011100010110000100111010110100110
0101000100011110110011111010101000101100110111101110010011100010
0101110100000111000010100000111010000011001010001110101100111000
1011110010111010011000110011011111100111100110001110110001100111
0110000000110111111011100101100010110011100001000110000000110110
0101110010010011111011001100110011101010011001011000101110111110
1100111010111110000011000010000010001001111000010111111001101000
1110010101110101101100001010001001011100111100110010111001000011
0011000000100010011110010000111111011110111010100011010100111010
0001001011110100010000100100001111000000001011101111001110000000
0111100111010011100011100000110010011110111000001010011010010000
0011110110010011011011011110110110010111001111000111100011000011
1011111000110001011000000010101111011011100000011000000101100110
1000110011101001010010000101001000100111101101111000100100111111
0111100011100010101001100001001000111011110011011010011110000110
1011100010100000111000101101001000011011000000110011011110000101
1000001111000111110100001000001001101010001101001100011000011011
0110101110111001000000010100001011010100010110001011110000101110
0000011010110101001101110011010100001101100110101000010110010100
1001000011111100100000010111101010001111010011000100110000111001
1010011011101011010101110100100111010110011001101100111000101110
1101100011011100010000010110000110100111111101110110011110010010
1000110100110010000001011100001100011100111110011111101101101111
1110010111100101101010101000010001101010110010111001110010011011
0001001111000001110010000110101100001011001011101011100000011001
0100000110010011101001010100100001000111100110111000010110001100
0011001001000010000001011101111100111001010101111001101000000010
1110110001001000101100011001101011010000010100110001010001011001
0101010001010110101000111011010100010001011010001010110001001100
0010011101001111010110010101011101001010000100100110011110001010
0100110000110111011110110100111100111101111000010011100010000100
0001110010111010100010100001101011010010011000011100000000110101
1001101111101101100101010001011011001001011001100010111101101111
0000010100110100010110001111000000010010011001001001100000011000
1001001010001111110010011010000100101011101110011100010010101010
1011010111100000100100111010011111010011000110111111010110111101
0010001001010101000101010110100011001000111100100101001010000010
1111101001011100000000100001111011000110011101010001110001011011
1010000001010011110111001111010110110011101000011011111101011001
0110001010011101111000100110000001101010010110010011100010011010
1001110001010010100111011001100110011100000001011111101001111001
0001100110001100000010000111100010010101101000111010011100101110
0010100001010101010110001111100110001001100001011001101110011100
1010000101000110011111000011100101010101100011101001111101001001
0100011110100101111110001000101111001000111000001001011110010101
1100101110100101101111101011100000110101000111001101110101110110
0000001011100010111101111111000010011011110111101010000000100001
1100101111101001100111011001010110100011101111010011101101010101
1111001101110111010011001011011011010011100000000110101111000111
1010010101110010100000011111010111100000001011010101100101000010
0000100000000011101001100000011010110110011101110101010010000110
0110001101110001110110100110011010111011100001000010111101000101
0101001000110110100011110111101011010000000111011101101010100010
1000110110001110010111010001010001011101100110000100100101001100
0000100100001111110100011011111111001110011101000100000001011011
0101110101111001010100010000101010010100011011010110111001001000
0000111110011110100111001100110111011101101001100101111010001011
0011011001101100101110001010000010111001101101100010101100011001
0110101010010011111101010111010110010111100110010000101110011011
0010010001111001111000110111110011110101000001101101111001110000
0110001001011111011010101110001010101110000110011011011101100010
0000010110000110000100111100111110000010010111100111111100001000
0000001000101101101111001111111011000001010000100110000010001110
1101011111010110100101000110110001110110101111111110110111110110
0100101001010011000010111011001010010100111010010011110101100111
