0000100111001111001010000011001000010110011100100111001110001101
1111110111011011101111111110110100011000000011010101001101101001
0101011001111001000011101000100011100100010111000010011000111111
1001100101010100000011011101011100010000111001111100001101111111
1010000100110010101001000001011000010111111000001011101001011001
1100100101110101000001011011001000100110000011100001100001001100
1011101110001101000110110100001011101110100011100011011101000100
1000101001001000110000111011000101111011010110100001010011011111
0011101000001100011100110001111110000001011000101000010000101001
1101001001101100110100101001001111101010111000101011011010001100
1011100010111100011001011111000010101010000110011101000011000101
0000000001111101000010000100111100110001101100010011110011010011
1000001110001111010111100010101001000010101111101110000011001100
1100010000110100000101010001100110100110001010100111111001111110
0011101010011001000110011111100010100110110001101000100111001110
0100110111111001101010110001011000111000010001001011001100111101
1100010100011010001111010111011000111111101110001100111010010000
1001011011000010000110110100001110010100111000111010001001100000
0101001101111110000000001111101111101110101101101001100110101011
1011001011001110110111100110000011111101110111011001100111011101
1000100001101001101000011110011101100010010010010000000110000011
1000111110110001110001110001011110010111111110010111111001111000
1001101011010100001110000011111000111110000100100000101111000001
1011110011010100010000000100001111010001000001101010101111010110
0101011111110011111101001000110001010100110001101011111011100001
1011001110110001110100000111010101010001111000100101110110011000
1011010011011111011111100001110011011000110000111001001111010000
1011011110101001100111001111111000001011001011110010000000010000
0001100011110001111110111111000100100111101111110000111000111111
0101101111110001001001110111001010111000111000011010100010000111
0100001111101110111000100001111100100111011111000001100110111101
0110000010111000110011001111011111001000010110010001111101101101
0001100001111100100001111100000000111100001100000101000110100000
0010100011110000100111111001010110110010001010110010000001000110
1000001100001000110001110010110100101001010110101000010010001010
1011001111010101000111101101101101111000111101111100011111011011
1011011100110010000001111011110001101011011100001001001110111101
1100011011101100011111011000011111001010011011100001110110011000
0000011100111001000111111111001011100111010110000010011001100000
1100011100110110101100011111010111101011100011101100000111100001
1111001110011110000110001111100001001011101111110100010011100100
0110001110010001001101101110011111011111101101011100010011001011
1010001001110100011110000001111000100110101100010111101110010101
0100111100101001101111010010101000100011110101100011011110001011
0101000010101010101010111010110100111010101101100010001110111110
0011100110100010101110101110100100100011111011111011100101111110
1010110101000100010111111001100001111011010000010110111001011001
0110110101001000110001110111110100001111000011110100000111010111
0101101011100101110001000011001110100001101000110111011111010010
