1001001010011010001100111101010110011110111000010100001110010111
0000111001110010000100101001001100110111011110101001010011100100
0111010111110101001101011001110011101101001000100100000010001010
1100101101000110111100110100011111001111001101001001001001100011
0101010111010111001111001111010010011110000010000101110100000011
0000000110100010110100100110110010000001000111100011110100001011
0101000100111110001101000100000100010111001110010000101110100110
1101111111000011101011111000010000101001101101011110000100001000
0110110110000011000110011000101111111110011100000111000011001000
0111010110010101000001101111111010100110110100010111000101010011
1111110000011001000101100001001100111111111110101111011000110011
0000010100100001111010000110010011010100100110110001010101011110
0011001111010111100011100001100010101000110011000100011010111110
1100111101011000011110010100111010100001101011100101001110001011
0001110111111011011001010100101101111000011011001101100011010000
0101110000101101001010111101000110011010101101101000101010111100
1111100101111000100111000001101011110000111111111110001111010010
0000110011110100010101010000101010101000001001110000011010001111
1101010010111001001010111011000111101001111101100010000010111001
0001110010101101011111001110110111011110100111111010100001011001
0010001110110100100000011011000101110011011100100111110100010101
1010100110001100100001000001000100000001110101010101011111101111
0001101000111110000000110000101010110111001110101001010100100110
1000000001111110001110100101000000001100011000010111000001010011
1100100010000101110111101011111101110111110110010110010001110001
1011100100000100010000011011001000001010100010011110111100100010
1111100111000011011110011110000000100110101000001110101100110011
0101101000110010010010010110010111011110010110110110001110100100
0011101100110110100010101111100010100011110010111101110001100011
1010001110011101011101010110111100100100001110001011010111110100
0011100010110101111100010110000101101111110001101011111110100100
1011111010110001011001000001000101101101001001000111011001010011
1001011111100101111011000111000101111011100101010010001010010110
0000011000100111001111000000010110111000010111000011001010111001
0110110010111100111011010111000111110100101011001010100101001111
0110011011110011010110001000010001111110111010010111011011101001
1011111100100110100101110110100000110010101010111000111110110111
1001111011101111000000011000000111100011110101101101011011001010
1001000100011111101111010001010110001100011000011000110001011010
1101110011001111001011000111011010001100111010010011010001011010
1101110001110011011110111110110101011100100111110111001111101001
1100000001110111100001000010010110100111011111010010111011000100
0000000110010000111111100100011001011110101111001100001000111111
0001011000110100100100111010111000110011001010001000010011010011
1010001100010101011101110001110100101111000000100001000100110001
1111100111101101010011110000111111011000101010010110110001010110
0111000101101000110001100101110111011001010000111101010110011100
1010011100110110011101010100111001011000001011010100000011100100
1101101001111011000111000100101000100010101100101000000011101010
0110011011000100000001011001100000000101000001000010101000100010
1111010100101011110010110010011101010101000000100001010101011110
1011001010000001111011111001101001010011101001101011000111110000
1110111000101100000110101000100010110001011100100110010011101000
1010011001111110010100000111110110110000010010101111011100101011
0011001101011010001010101101001110010001011011111011110110100001
1011100011111101100010101011101010001001100000110010000001100000
1110100111000100111010100100010010000101000001010001011011110001
1111010011111101110001101011100101001111000111110011001101111010
1110101100000110000001100110001011001111001111010101110111011010
0111101000001010101010010110001010011110010010001101000000111001
0001101010101001100101101100001000000011110001110100010100111101
1000111100000110010011110110111100100000100010000100011000100111
1011000100100000100001001000110000000101011011100011110100001100
0100101100011011111100111110011010000110101100010111100001011111
0000110110001001001000000100010100010111001011010010111001101011
1111000001001100111100001101010110001000011100010100100101010100
1100010011010011010000100111010011000101100110101111101111100010
0010111000110101100110000011001101000001011010001110111000000010
1001110110011110011010110101010111011110110100101000011101101111
1110110101010111111000100010111111101001111011011111111100100010
0011000000000100001101011011111011101100100101001011001000111000
0100100100110010010011111011000001100000110001111111110000111010
0001001001010111001011100101110010101101001110111011011100010001
1000001101111100011001101110100000011101100101110000010110110111
1110001111100000101000000011100100000100110110000110011000100011
0100000000010110000101101000001100000011010001001000110111110100
0111000010111100001000111001101111101100110100010011111001011110
1010011110100110101001110010110010001011110111110100001110001110
0100101001101000000010101100001111011100001100110110011101001100
0101100010110110111000110100000100101011111011001001100110111010
1101000111000101000100000111001001000011001101000111110110001111
1011110001001110001010010101001101001110001011111011101100101111
1100001001111001010000011011010001111000000011000110111111001001
1101000001101011001001111100011011111001010011110010000000101111
0101111111001011100000101110111001000100000111011000010110000110
0111000100110111100101000011111101111010000010011010011010110010
0100001011110011010110011011100001110101010101001101000010100101
0100100011010101001000010000011110000010101101001010000000110101
0001010010101100010101001100101001101010000100000111111110100000
1001100111100000101101100100101010110100101001010100000011111011
1011011010101011111001011011010100010000110110000010000100100000
1010101000001111000101001010101111011111110111101001110100111000
0100001010011110001001000011101111110000000011110000111111110101
1010000010000111101001011011101111111101000001011010010100100110
0101101110100010111110010001010010101100000111001001010110101001
0110010110110111110011100100110111110001000010010000011011001101
0101110110110100100110110100110110000110010001010100101111101101
1111011111100100001100001010111110001000111111010001011101011001
0000001110111111111111110010101100100111111100110000011001111111
1100100011000101101010111101101110111110001010111010100001010010
1111001101001101000011100000011000001110110111010011001111001110
0011101100001000110000101110111100001000010111111001000100111100
0000110010010110011010110010000101010010101001101111001110001100
