0101101010001111000001111011011000001011000111101010111000011011
1111011110000010000001101101110101010101011100100100001101110001
0011011000100001011001101110001100010000010010110111110101011101
0011100001000111010001010101111100111011011010011001011011111011
1010000110111100111000011000001101100000011000010001101001111101
1001001110010011110001101010100100101000100001101110100101000001
0000010111011000111010001000010000011000011101100000011110001010
0000100100000101100001110100101110000110011110111110100110001011
1011011101000110010100100110000101101111000000101011011010110111
1100010100110111101000000010011010011101110101000010011000101110
0001011100110000101111010000010100011000000100011001101000111111
1000010010111110111011000010100010000001010111111000110101100000
1100011101001101011000110000111100001010111011001010011000010110
1100101111010010010011001011110110000010001010110011001011011111
1000001000010000010111010011000010001100001000100110110110011111
1011111101101001000101001000000011101001010000001011011010011000
0011100101010001001001010110111001010111111100011101000100011110
1000101111000101110100000111011100111001001001110011100101001111
1011101000011011011110011100001001010011000100111011100111100011
0111100010001001101110111111101101000110001001010111101110111101
1110100101001010100100001100010101100111101010010101100011011101
0111010010101110100010001110001001000110111101011011011011101101
0011001011001110110111111111110011111010011011101010011111110001
0010100001001111001010100100101100010010011100100111101010011101
1100101001100000100101011110100000001101011000110110101100111110
0000111110011010011100011010100010111101011110100100100101111101
0101111101001000100101111010001101000011000000110001011011000111
0111101011111100100111110010101011001111011000001010110010011000
1001000000110001011001010110011000001000001101101110000101110011
0010100010100111100100000011000101110100101111111110100000001011
1001010011011001010101101011100000001000000001001000011100011111
0011110000100011111001000000110101111101001111011001101111010111
1011111100000110101101111011010000101001111111101011000101000011
0110100101000101011101110110010001011110011000010001011001100011
1000010000111011001101010110110000010110011001001101000111111100
1100010110000011011110010101000001100001110010001000111111111000
1111111010010101000001011001000101011101011111100111100011110101
1110111111010010111110011010100000001101001001100011110011011101
1100001111101001010111100101111101101010110011001110011101011001
0001101110111000000011110000001100110000111000110011000111011100
0110001000101011011111010010011001011001001001110101011010111110
1010101011101101000011100110000111110111000010110111011100111110
0110110011000000111000010100000000100001111001010011101111011110
0001110111100011101100010001101100011010110000111100000010100100
0001101101001011101100010100000000001000110100110100011010011001
0010101010111011101110100100101110101011100011110011001010000100
0110001110110011110000100001010110010011001100100100110011001011
1001001000001111010101000100000110000100101110010110011101010101
1100111001001111010010001010101110100101110110110010011010001000
1000111001111011010110100000110000000111100100100011100011111010
1001001110010101001110010101111111011011000111111100001101010001
0000101000100001101010011011101100111100111101110011110010000011
0100010111100111011001111110010000111111010011001000011011101011
1000000010101010000001000001110111000111000010010001010011000111
0011110001100011010011011010100001000011011010000010010101111110
0111011100101011100010100111101111110110010110001110100110011001
0011000111111111110000100110001010110011101000011101000101010111
0110001110011100101110101101111011001010111011110011011000111011
1011000101000100010011000000101111100111000011011000001111110110
1010100001101101000101000111000001111100000110000101111001011000
0000000110111000100101100100101010001100010000000101000010011011
1000110010101111111010001100100001101000001011000000110011010001
0001100111011111010100100101100000111000100111011011101000110100
1011101011011001111101111111111011100010101010011011110011010011
1110001100101000011110100000101010100110101110011111101101010111
0110011011111000111111100010001001010010101110111010101000001110
0110000110001011000110101101011000000100111011000100101100001011
1101100100100001101100001100100000101110010101001011101001011100
1100110011101100110010011000111100001010010101100011110011000010
0001100010110011010000101111101011100010100010111100001100101000
1011100100001100011000101111100100001000011010000111111100000101
0010011010111111011000100110110101101101000000000100011101001100
0111101111000110010010110110111011101111011001110000100001110000
1010000101000000101100001000011011010000110011010100001111000101
0111001001010000000001110000010101001000101010011100110111001010
0101000111111101111111110010010010101000110101011011001100110000
1000101100010001000110011011010100000110110100110101101110101111
1001011000000001101000011010010110110100000010000110001011010011
0110010110000111011100101000100001100000011001101011001101110011
0011000011000100010000110000101111101000101111011011101001000000
0100010011101010010000101001010001000011010101011000011101101111
0110001111000100000100100100100100010001110101110111110111000000
0000000010000000101010110000001110011011111110000101111110100111
0011000001000000101111000111011010101000010100111010001111101011
1101100011101101011111111000111000011100011111111010111110011000
0100100001001010010011010101101111010110100110000111100111101110
1111100101011010011110010110111100111111000010011110001101010001
1001110101101001000110011111011001000000000010001011111011000100
1011100110000101010101110110100100100110000110000010010111011111
1011010110011110011101111100010011110001111111111010000011110011
1101101101100001011011001111000000101101000111011100101100010010
1011110100111000011101010000111100011001110000000010101110001010
0100111110110000111011100111001011100010010000011010001110011100
1010011000100101010011101110100000101101101000100011101010110011
0000010100011100100000100100001111100001001000010010110011000010
0100100000101001111000111111001010111000010101100011000111111100
1011101101111100001000111010100101100000011100011110111100110101
0011001100100011000011001001001001100001010000110111001011010001
1001101101000011001100100010110001011011010010110100100010111001
0010001001001101000001110011100100001110011001000111111001101110
1000011000110010100101100001101000101000011100001110000001110100
1010100100010010100110100100100101011011001011101000011110011011
1110111011010101101010011000000100111101100011001111111100110011
1101101011001000111011110000101010111011001010101111001010100001
0101000111011010011001101100100011001010111111111101001111100000
0111111111100110100000101000011111000110101100010101101110110110
0100110110010011010101100110111011111010100110110000010010001111
1010110000010011111001011011000010000000001100010100010111000101
1000000110111110000010011111001010000011001011101101000011110111
0111000010111011010100101001111101100001000101100000011110000010
1000111010011001000010101111011000000110001101110111000110111000
1111000110011001100101110110101110000000111011001001000101001011
1001101010001010001101101010110010111001011100110110001000101001
0111110101110001110010001110000010111110010100011111001110011011
1011111000000000011111010100011001100110100101111101010001110000
0010011110101010000001010101001000001100110011100010111010111100
1101011000101101110010111000000101101110110100111000001101110101
0101110001110101011000001110001001101111110100010010101111101011
0011010001000101111100111101010111111001011110101011101111001001
0101010000011001111001011111100011110111101110100001001001001101
1000110100101100001111001111110110001101011110111100110010010110
1101000101001100010011101100010000100011011101110110000010010000
0011100001011110101101110100000100101000111111000100001000101001
1101100000100100100100100001011110101101100101011000000100011000
1101011100001100111001001011000011000010110001010111001100111011
0000001101011101111100101000010000110010101000001111000001011010
