1001010101000000011101110000101000011010101110001001111000101100
0101001010010000110111110000111010100111111101001100011111101010
1001101111111100110011010011010100000010011000010010110100101001
1001110001000010101100000100111001101011111000100100101100001001
1100010011111111100001011101000010011110101100110001110111111011
1101111001001100101000101011101101110100001011000001011011000101
1000000101001110100011001011111000101010000111010011110111100000
0101100110101101101001110101111111000100000000100010111000010110
0110011001110111110110110101001101000000001110101101101100101110
0111111001011110001110001011010011011110111101010000001111101101
0111001011101100110010001101000111001010011101110000100001110110
1001011000101010110110110010001010100011001010010001110001110000
1000011011011001011001101110100010001000111000010001101111111011
1110000010111000100001101101000101110000101010000000110101111100
1111001110110100111010011010101110000101011100110000100011111111
0000111100011010101101100100001100110111011111010100100011001011
0001110101011111110110100101000000101111101000100100111101100111
1101101011000110001110100100010101010011010011110000001010011001
1110101111001111000101110001101001100011011101000101000001111000
1000101101111011011011111110100001111111100100011011110001010001
0111010001110010101001111001111101110111010001101001100001010001
1100010001001100000110111101010101100001000010111010101010011011
1010110010110010110100001100100011010110110000100110110110100001
1101001001010111010000011010110111000110100110101110011101011011
0100110000111110111100110011001000111010101110001010000111010110
0110100111101010010111110011010001001110010011000001011111001101
1100000010100101001111011111000101010111101000101001010111011110
1100101110010101110100101001110011000110101101111010011010111100
0001001101001101101101101011000010111100010111011100010101010110
0001011111010110111100011101110100101010010000010110110101001010
0011111000100111001110111011110010000110001000000000101100110000
1101110011100000111110100101000100011110110100011011000001110010
0100000101111000101010101010001000010111101101101011101100001100
1010101000101001010111110111100101010000111010010010001010110101
1010001001101000010111010010010101010110000010010110111100011100
0100011000010111110010010000110111011111011010110010011000100100
1101001110001011011010110110010001010110011000000101011000001111
1010101000110010011110110111001110101110111101000011001110001001
1010110111100101001111101111100001010011010001011111100110001010
0010000011011100100100001001100110101110001000001011110101001000
1011010101110111101001000010000110000001010000011101011110011010
1010101001110101111111111100101101001000010010110101001110001001
0101111010010000011110100111101001111110111000000001110100001000
0011111010110100001011000010011011010000010000111100010001000100
1111011111000111110001001100000010011100000110010011001001010011
1100011011010100000111100100101001110000011010010101100000100011
0111001100111100001100111110110101000000101101110111001010111110
1110110101101100100000011111110100000000011100011111100010110101
1101011100111001111111001100110100001011001110111000000111110000
1101011011100111111110001111111111111000011010111001000101000110
0111100000110100110100110110010110010111010111001011010100010111
1100010001101001001001111001000101111111000000010101110110111110
0111111100111011000001001000001001101001110100000100000101100001
1111000110111101111001011001110000010011011010000000110011110100
