0100010100001100011101100111111101110010110000100011000100111010
0111110111101010100010001101100001000101000101111101111011100110
0111010111101100011000101011101000111001110010010101010100001100
0100101000001111011001001001010010001001001010001100000000110101
0000110100101001111010000110010111001001111000111010011011000111
0111011010101100111001111110000000000000100011000010001001110101
0100010001000011101011001010010001010011000100100100010010101111
1111110001111010110100101111000111100100001010111111001100101110
0100101101100001010001100100001110010101100110000100001101101000
1101001100001000101101100001010101000101011100110100110101001101
0101011001000001110011101111100111101011000011001110000111110110
0101001110001011001100010111100111100001011111111000111101110001
0111100110111101010100011100011001101100110101001100010011111110
1100000101011001010000101011011100101001000011010101010000010100
0111001011001110000001100110011000110010000111010110101101100000
1010111100101000100101110010010001101000110110101000000001100101
1101110011101100001010001111100110000101010000011001111001000100
0110110100111011111010011110000100000110110111001111110100101101
0100100010111101100011000110011011000101011110100101100101010010
0011011101101100000111101101110100101001100101010001110011100010
1010110100001010111101111000011011111010111101100011101111011100
1011110000011011010001001111001110110000101001010011110111111011
1010010001011001010001110111011110111100100111110100000110101001
0000011110001110010100001110110101101000000100101111011100101101
1100110101111100100100101100011011111111100010010111110010101101
1111101011100111010100101011000111111111001111100010101011000100
1010011011000111001100001010011000000011110110101010100111011000
0001100010001000011000111011111110000010100001111111001011010010
0110101010100111000001010101011100111111000111010110010000011000
0010111100110000001001110011000110011111101100001010000010001110
0110101000111100100101001110111100000010001001110110001111010100
1110110000110000101100010011110110000101011011100010000010111011
0001011100101000111010010100001111000010111011111011001100101000
0100011100000000011011011001110000001110111011111110110000000110
0000111110110101010000101010001000101111001110011110001110000000
0001101001111101010100000110001011000100100101000111011011000000
1101101110110011011011011101010111000001001110011010100101001000
0110010101100001101000111011010101000101110000101111011000001111
1001001111010011000100011101100010101100010011000100011101111010
1010110001100100001000110110110010000111101010010010001101010010
0000010011110010010011110001000111111111000110101111010100011100
0010011111011100110110110111101100001000011100100010111010110010
1101011100000101100100111111011101110010010111001100000010001111
1101111001110000111100111000110111010001000110000011100010100001
0001011010000000110000111111110110110010001101010000111011110111
0001001111111011111100100001110000011000000011111110011101011111
1101101111011101010010011001101101100101011100101001100101100100
1111001111010111101111001011000011111100010011110111111110010001
0000000011010101111101010000011101100001110000110000011001110101
1110100110010000111001011110100010010001011010000000001011011010
0110111011111110100111001111101100010111011001011101111001000000
0100100010000010011100011000100010000000110001010100101001101101
0101100101000011000001100110101001010101011011011011100110011010
1101110110111010000110101111111110110100101110001101110111100111
0011001010000011111101100011010010001111110010110011100010001111
1101110101010011010111000001000111001001101001101111101000001011
1010001110110100100111110000011111100100100111010101111011001110
0111100001110001101100100010101001100010000001100011001101011111
1110000001011111010001110001000111000111110110000100001100100100
1010110000000111111001100000010101111000000111010001000110001100
0001000011101001101100110100111101000010111011010110001101001010
0111000110111111000100100110100010001010100101000111011101000101
0111011011111011111111010111011110010011110011101010100000011010
1010100111110111110000011110010101111100000110011011110110111011
1110011000010001100100001011111000100100111100000011110000100101
1100001110111100010010110101001011101011100011101101110101111101
1110000110001001010001011000001100010000100001111010000011111010
0000000100110111011001100001111010111111111000011010011011100110
1011011010001101110110000000011000110111000100110110011110011100
0110111100101110000100111100000110010010101000001101110111010001
1100101000111101101011001100010110001011100100001100110001010000
1000101000000111111110000100010000001001011111101011000011000001
1001101010100010100111101001011000000100011111111100100001111011
1101110010000110010110010010111011110001101011101001100100111101
1110111010011110110011100100110101101111001100101011000011010111
0001001011111010110001010111101100001110110111101110100011100101
0010011010100001100110111101101100111100110001010010000011111000
1110111011100011100001100000110011111111010010111100100001000010
0000010000100000010011000100001111101100101001001100101111101010
0101101111011011100010100010000110111110010001010010110100101010
0000001101000010101110001010101110111110000000011110010100101011
1111101110100000100100111000011000111100000101111100010011110110
1011001111010110101110000001101111100101110100101111111011111101
1111111100100110001111000011001000111010000101100010011100101100
1111111011001110001001000010101001010110110100100100100101001101
0001100010010100100000011000111110011110011101001010010000101100
0000010100101110001101001011010001001000111010010100100001101110
1111110001000100100110000110001101110000100011101110000000011001
0011111100010010010000101111111001000010110111110010000100111001
1000000001001010111111110110010001100111011111100001101100001010
0001110010011101000010100000010010010010110010011100011100010110
0000110100100000000100101010010100100101100100011110011111101101
0110001010010000111010001000010011010101100011001110111010110111
1110000001111011011101010000010010111100100110011000101111110000
0101110010000001101000100110010000010110000011011011010111111101
1011010001100000110111000110101001100010101100000101001010111010
1000001110111000111001100100001000011110101000011000010001101001
0111011000101011111111011101001101110100110111000001100101001001
0110010010001001011010101110110111010011011100111000100001101000
1111011001111010101110110000011111000111000101000010011001000110
1111001111110101000111000000000100000110010010100000111001010101
0101011111101110100010010010111101101111000111100101000110101011
0111011011100010101110011001110000010010111010000001110011000000
1100111000111111000011111000111011100001101000101111100110110011
1101011111100000101000011010110011101011011011101010000001010010
0111000000000010001010011011001011101101011101100111110101110100
1111110101010011110101011100010011001000000001101100000000000001
0000101010111011111010010000001001100010100011000100000011100111
1100111001000010001110001010110111111011011101110010111101000011
1101111111110000010111000110001111110011101001001011000111110100
0011010100110000100111111100110111001010000100100110100010110111
0000101011000000001001001000011000001001100110110110101011100101
0100111111111100110111011010100101000000101100001001011100110000
0101111000000101100010011100011001111110101101001111010001100111
0010110001000110110010000100100110011110011000110010010001001110
0010111110000000100111101011011010011100000110110010000110001011
0000010000011100000111111110010101111011111000001001111011110001
0001100110111110010011011000111110010011011101100110001101111011
1110100100000110000001010100011100001101110000110000001011011011
0000000111100100011100101101111101101100110001010011011010010001
0110101010110100011100011101110011100110011110110011100100101100
0100111100111001101011100010001001111100100010111111010001001100
0001001011000000000001010100110101100110001011001110001111101101
