1001011000011110111011101110101010011111101001000000100100001110
0101110111111000111110010100111000001100010001111011110010101001
1100000001100110110101110010010001100101000010111001111011101110
0000001001101111111000001101010011001111000011111111001001101100
1010100101111100111101010010101110000110101011100000111001001101
0110001110000110000101111011111010001111101110000001001000111011
0101111001001111100001000111001011101100110100111111100110100011
0000011101001011100111100011100110110010001110000000010000001011
0011001111010101011000000110011001110000010001010000110000110111
1001100111111010110001011110011000100110011001010110110110000110
1110100000001011000011110010101111010110100111101100011011011011
1111100100100011111010000100001110101110000111111000110011101000
0100111110100011000011010000100001101100100101100011110011110110
1111110010100010101110111111100011110010011010100110010110100010
0101001101011110110010011001101000010101001110110100111011000001
0010000011110011100111111110100000000101000110010100101110011001
0100011001011001000001100001000000111110100001100101011110101101
0001000100011011010110001110000000100010001010101001110100111010
0111101000000101111100100011100001010111000010111011101000000101
0001000001101101111111000100000110001011000110001000010000000110
1110001110001000101000010101111101001101001000110000001011111100
0010011010101100010000100000011011110001011101010100010011010001
0001101111111010100000101011111000101111001100110001101010011010
0001100100111111011010000011001011101111111011000100100111111101
1011011011111011101110000110001110001101001011001001011000101110
1000011101000000001011011110110001110010011101101001011010001101
1101100100110101011001100100110000111110110111011001001111000010
1100011110111000011010000111011001111100011000011101011010111111
1100011111001110011010110110101010011010101011100010111010001010
0000110011000000011011001011100111100000101100110010000110110101
0011010110000011111000100101000100100001110110010100001011010010
0111001100010011110011010111011100111000101011101110110001000010
1001010001100100111010010001000000001111011001111010000100100110
1110011101001111011010111110111011010010111010011001101011001011
0100011100111100110000001011000000100100111001011110011000000011
0111100011110101110101101001101001110100011111001100110111111011
1010100111100100101110100010010011110101010011111100100000100100
0000101010000100011100110000010001010100011001101000101000001101
1000110111101100111111010001011111001001000111100011110000111100
1100010101010111110000110001101000101110000110100011010101010001
0001101000111100001101111101101110010100101000111101010011011100
1110001001111001110100001010110011111100010010010010001111101101
0010111011100000101011101111010011100100110000001011010111110100
1000111100000101000000101100100001011001000110111000110010011100
0000101010000010101100101110111111110000011000100011100111101101
0001110110110100101001000101110000110010001000110000101011011101
1000101101111000011110110101000001111010010001000011111101010110
0001011100100011100110111010100011010001001010011010001000100101
1111110110110001100111011101110001101001110101001001001000111000
1010001001111101001000011101010100010111111001110110000111101101
1110101111011001010110110101011100111000101110000110101100001110
0011010011111010001101000100100001100011001111111110001101100101
0010110011101001000101100011000010000010110110010111111010010111
0011011111110110110100100001101000001001111011111100101010011101
1110110010011100111101100000001100010110000001001100011110111111
0010101101000001100010000010010101001110100100100111010001011111
0011001000110100110011110110000101010000100101111000010111010011
1100100000011110000110001100110000111010110001100111111101010010
1010101110100110001010100001010010000000111010000000000111010001
0101001100100011010111111010001110001001010111010001011101100111
1000000100110001110100110111011001001001100111100110111011000000
1001011001011001110100010010101111011010111110011101100100001111
0010010111001010001101101000001100110011100010001001111001001111
0110010100010011010010111011100000010101101011110010001110001100
1110100000001101001001000010011011010101010001111100000000111110
1110011011011000110111110011000000011110011001011110001001011000
1000100101101100101100011001100010011100110100110110100110010100
1101001100011001011000000011100010010000111001000100110111101111
0101001001011100000001101111111001011100011010010101110110010100
0000011100011100101001011000010100111101011010111010111100001110
0111100000000000101000001011110110010110110011000101000010100100
0110110011011100110100101011000001011111110011110101001010001100
0100100101100111010001100011001000010001011000001010101111000110
0110010101001111001110001001100010010000111001011000001010011000
0000011010101101010011010001010001100111010100001001000111001010
0011110011110010101011101100010111110100010010010101010101000110
0001100001101000110100100010110010010010111100110000000100100011
0111111000101110101010111110010001000100111101110011101100101110
1111101001111011001011110011011100110110101000011100100011110111
1101111011000010001100010000101000111000001000111110001011000011
0001111001100001110100110100000100100000101101101111100010100000
0001111101101000001101101011110010001001001101101110100111010111
0000111101011000011000101100000110000000011001001100110011011111
0110111010001001110001001111110101111010001101001101000010111001
1011000110111100101101010011100011001011010010101111001111011111
1100110111011101100110010001110010011001010001100000001111111001
0001010111010011110110110100000001110111000100101011101011000101
0000110110011110010010000110111101010110011011011001111011111010
1101111101011001010100000000010110100001000001101100101011000000
1011000100000101010101010101010011111100110010000110110100100100
0010111110011101111010100011000011000100110011000110101101111000
0111011011011011001000010111100110101110011110111101110011110001
1101011101010010000111001011101001110101100001110111100110010100
0110111100010001010111000010011000110010000001110100100000010111
0110110001001111110010101001011010100101001100000110011110001101
1100100110100110110101110011000010100111011110100001000100010001
1111010011010000100101011100101100010111100111101011010011110101
1000100101000010000000101110101100010111100101010100000001111101
1011010110111011010011110100100011100000111001010000001011111111
0000011111101010101101001110101101111111001110010110000010111101
0100000011010111000010111101001110101101011001000001010011100101
0010101111100110110110011101101011101100100110010110110010110101
1001010001001000010110101101001101000110101000101011011000101101
0100010101011111110010110100000100110000111001100010110001000101
0100110101101110001101000100001111110010010110110101000111110011
1001001001001011110010001010000010000110011010001110100101000001
1101010010111110011100010100000110110100010100000010110100011011
0111100100001011101100101001101000101110100011011110110010001000
0110001110010011110011101101101110101100000011110011100001000100
1111010100011111001001111001010111100111011111000111100001001101
1110110100010111101111011100100011101100110010010101111110010110
1110000011110000011011110100000000010110101000001110001110010010
1110111100011101011111000000001111001101011111101110001111000001
0100011011001000000011011111100100101001101000101100100001011111
1111011010110100101010110001111010100001000111010011110011011000
1010100111101001111011000011100100000011011000100100100000011001
0001010110110111100101101001100001010011111110100000111011001101
0110110000110101001111100111110001001111000110010101110100110100
0110100110111001000100010011100011111010010010001110111000011011
1011101001101000000000011101010000111110001100001101001001011111
1000101101011111110011111110110001101001001010001100100010010011
0010111001010010011111101110101110100110111100111101101000010110
0001111011011011000100010001100011000100101001001001100000101100
0011011101000101001011001101010111000111111001000100011010000101
0000010100000110000100100000111001100000110111000001110110010010
0001011100110010110110001111001011001100000100110001010000111010
1111110010110011101111010001000110010000111001010010110000100010
1010110110101110110011011110110000011000100101110101100111000010
0010111101010001101110111100100101101111010010011001001000000100
0110000001001101110001100010111011111111000101011001001000011000
0111111000111100101001010000101110011010111000111110001001101111
