1110011000100000110010111111011101111001100111110010100101001101
1100000100110010110000101010100101001111101000010000101101100111
0000110010000101010001101100010101110011010001111010100110100011
0100001010110011010001000000111010001001011111101011010101111010
1010101100001100000001010000011110101001101011100100001110001010
1000101111010100000111111111100111001101101110110000100010000111
1111000001011100001101101000100010101011111101011011010100100101
0000110111110001010111110100100101111001001011111011111010001011
1101101011101110110111110001101110011100100101101010001110011101
1111000000010100110001111010011100100110101000001001110001110110
0111000001000011000000100010000110101110000001001001110101110111
1101111110101100000000101100111111100101000101110000000110111110
0001110010001010000111011001011011111100110010000011001110010010
0110101011000011011010000000010110001000101001001000001101100101
1110010110010010011110100001100111101011011000110000010010110010
0101110001111010110110001011110001111010110001000011111010000100
1001000000111000010011000000110100010101110000011001010010000001
1000010000111100000100100000011101010111100111110101000101001101
0111010101001011000011000000111010001001001101100110110011101010
0011011111001000111100111100110000000110000101111110000100100001
0011011111011000010100110101100100001010101011011001110010001101
0000101111011011111001010100000110101100110100100100010111100101
0100101000001000011111000100110011011000101001100011010110100110
1001101011101001111010110110100001111101100100010101111000100000
0000101011011011100010010101010001000111011011011101110001101101
0010111100111110101101000011010110111111110101101011101011011010
0010011011101100011100101000101010100110110100000010101110010111
0001000000100010001100010100110110101011000011000101101110101000
0101111101010011111011011000100111110111000101011010001100110111
0111111100110001000000010101000100001000000100000010000100101100
1101111111000010011010000000100110000110010001000000110101000010
1110001000101011010010001110011101110101011011101110011010001101
1010001100011101000010001001000000101000011111010110111100011101
0011011111010110001101011101111010001001101100011111010111100010
0101100010100011000000100000011000110101100110100001011101010000
1100010110101101100010110101010011000110100110000101101100101101
1000100111100011010100110010111010000110011111110011000011000100
0000100101010000110010100011011000110111111101010011111011101101
0000000101100001101000110101010101001010110000011100000101010100
0101010100100110010100001110110101001010101000101001000111000100
1101001010101100110001010001101111001011111110010000111111000010
1100100100001111101001110010101010000110101000000110001010011011
1001100100011111111111111101011101110010010001001000111101110011
1101101111000000110001101011101011110101011000011100011101101110
0110010001111001111010111101010110000000110000001110011101001101
0110111110100010110110101000111011111010100010011001001110111000
1101011101110000011100100111110001100001001110101111010011010100
1100110111011110011001101111001111001111100111001111111100000000
1110001111000101000110100110000101111111011100000010011000010110
0000101001000100001000010000100001100110010001100010011010011001
1000111011111110100011100010010101110111011011011000100101111100
1011011010110100101001100011011000111010111111111001010111001110
0011100000101001100110111110110010100111100110111010001110100000
1010101100011111010101000001011110111100110100001011110000100111
1010001101101100110000011011110000111101011001110111101101101011
0111110011010010011101101000011101110110000001100100110001011010
0100001001101011111111000110100000100000000011001001000111000101
1111011100001000100010100111110011111011100101011111100100011111
0110001100111100001101101111010111011101101000010111011111010100
