0110001001011011111010001010110010010110001101101110101011111000
0111110001111110001100100001110000010111000011111101000011000001
0001001101001101011110001011111111011111001010101101011011000101
1011101011111111010011011111100000001000010111001001011001001111
0010101010011101000011110101000100000000110111111011101001000100
1110111000011011011010000010100110111001001011000010000000100011
1100110001100011100111100101001100100111011111110001010100010111
1000010100100110000000010110110010100000000001001011001011001001
0011010101101011010101011111000100001000000001110001010101010000
1010101000011101101011000011101100000101100011101011111111100001
0010001011111010110111101100011100111011011100100111100010111000
0111001110000000010110000011100100011011000011011011011110101110
0011110110101101110000000000000010100101010110101110001000110001
1011011110010001000000011100010111010010111110010110111101110110
1110011000101100101011010000001101001000100011010011011111000101
0011000101111100111010101010001011010001110110101001101011011100
0100110011001001010000001001110001011100000001011111110101010000
0101010011101100010101011001011000000001001000010011011101101111
0110100110100111111100010100001011001011001101101101111011100010
1010010101111000001101010000010010000010111101000011101101000010
1010001110011010110010000000110101101010011011100000011011111101
1000101010100110111010110101111001111110011010100001000100000000
0001000111100000001111111111010100100111101001000001011011001101
0011110100011000110110101011001000101100100110101101001010000100
0001011001100100010011101101010111000011101110101100000111101010
1001111011101101011110010010101010010010001001101100001101000110
0000100100011100010000001011011001111101111000101111011101001111
1000010100010010110100001101110100111110010110101100110110110011
1100110100000101001110011110101110100010000011100100001111000111
0110111101100100110010110101001100000111010011111111001110100011
1101011101010110011100100101110000000001111000010001110100111111
0000010101001101010100100111010101000100001110011101110000100100
1010111000001100001111100001111000101110110000010101000111001001
0110111001111000100111100001101010100111111100011001101000000001
1101010110000010101100111111111101011001001100101001110100011011
1001011110011111100101001111000110101110110100011010001001111101
0001001100101111010011110101011000111100010001010011110111000001
0001111001111100101100010011011111010011010110000111011010000001
0010010000101011011000011000001000100110010001000101110000111110
0000010111011000111101100001101110110111000101010100110000111101
1001110000001001010001001011011010100100111011101101100111110000
1001100101011010100001111011000011011101101000110011111100011010
0111001011001001100101000100010000100101110111101000100000111101
0001101001111100000000101110010100001001011010001010001100110111
0001010100100100000001101010011101000111010010100110101011101011
1111010101101111100101111001011000110101000001001100001100011000
0000001011001010101111110011110011000110101101000000101100110101
0101010011010100100110000110110000011011101011110110101101010000
1010110100100001101000011100101001010110111111000001100100110001
1001110101111110001111000101111100011011010010100000110100101100
1101001110001000101001100001010011001110001010001000000011000100
1100101000111010011100110110100010011111010011110011111101000110
1011000100111100001011110101111101011001001101001010010100001001
1111101110001111101100010010100010111110010011011111000000011011
1110000100010100111110110011101010000011000100100111011111001000
0101001111001101000100101101011010001001000110010110010100011000
1011110101010110001111110011110001111111011011010101000010010110
1011001101000000110111010010101100001111010000101110101101111100
1101011100011100101110100101001111000100001001000111100001101100
1101111110111001011100001101101010001000001100000000000001101011
0011001101101000101000001010101111011100010110101010101110100100
0000110110101011010011001011100010000000001011110110110010000111
1011011000100011011000100100110111101101001010001010001000110000
1010111110000000111000000110001011110000111011100011011001010110
0011010000101010000011100100000100001111110010010010110010100111
0000001010100001111101100100111101101110111011100101111100111010
1011110000101011011000010110010000011110001011100000001111100010
1000001101011110111111111110011011110000001111100110001110100110
1100100111110001001010110110000101111100011010001110111100100000
0100110100101100101001010111101101000001011010001101010111110010
1001010101111011100101001100110000101100000111001001010100111111
0100000001011100001010100010111001110111011111011111011001101101
0110001010011000100000111101110000111101101010001010111000000101
0001011010111100110011000101000010110011110111111110101111111001
1010010101101011010111100011011010011001101110010000001010110010
1010000101000100110100101001000011110001010101001111100001011110
1010010101000010001011110011111011010110011100101100000100101111
1011011111110011000000000001010100011000111110000010110111101001
0110111011111010011000111001110001000011000001011011010111111101
0010000001000100001111001111111000011000110010110001010010000101
1111000101000110010011011111001010110011010010000011110100011100
1111101010101101000101111110000101010110010011100111001110101000
1001110010010100000011111011011101100101110101011110110100010000
1000101000011001001011111111100010010011011010111011110100110010
0111101000111011100110000001101101101000111110101000000000010000
1101010110110010101110011111110011000000111100011101011011010101
1001100111011011011010101010111100100000010001110111000001111000
1001101111011111010110100011100000101111110100001011011100001001
1110011010011011011001001101001100010010110101011001100111100010
0010001100110011011110001001010011011111000001111000100100101101
1000010001001111110011011010000101001100011011101101101000000010
1111000011111000101100100001010110000100111111001000110100000101
1111110111011111000000011101011110010011011111001111011000000100
0010011000000000101111101111001011001001011001110001010000100010
0110111110101110001010111010000101100001100010101010110101000101
0110001010010110101111011100000101101100011101000101101000111111
1010111001010101110101111011111000000011011001010000000001111110
1100011000001111000011110111110000011010100100110000101011101000
1111101000101110011011111111000110001100101100000000101010001100
0001100001111110001000110000100111000000010000111100000101011111
0100101100101001010001000110011011111010100010101100101100101110
0101111010000010111110001101111011111111100011101100100000011100
1011001111100001011000110001000101010011011111011010100010001100
0001110010100101010111111111001000001011011101111010010011110101
