1011110011000000111010011110001001100100010110101101000111110011
0010110010000100011111011001011101101001101111100011110011111100
1001001110111111101100001011111100111001010001101010001111100011
0110001010011001110100110010010101101101000100110010101101010110
1101111000111100010100000100110010110100011000111011011110011000
1001000100110110111010011011001110101100001010000000000010100111
1101101101011011000110011010011001010011011010011010110001001110
1110000100110100000101100001000011011000011001111001101100110010
0111001001101101101100100011001011101100010100100011000011101010
0111011011111010110011000000110000110111000011111111110000100100
1111100110000000011001001101010000101010101001000001010101010000
0100010001110010100000000110111111001110110011001110010110011011
1100010110111100011010000100011111101011100000110111001001111001
0000011100100000001101111010001001111111001011001110111101000110
0010101000110001110001101001110010010000010100111100011111101010
1110101110001100101011001011001011110011101111111111000011011101
1000110011000000000111000111111111001011001001001010110011001111
1000100111010000011011111111101001110110011111111110011101100011
0010110100010001010111011010011010011010000101001011001010011001
0010110100100101110101011100001110101110101000100110011010010101
0000100000110110011001000010101111110110101010011001010111100011
0110101010010110110110101101010110111110010100111100000010101001
1010110110011001010011000101001001001100001010010001111110011100
1101010110001111010010110101100001001101001110100111101111100010
1111111001100001100110010110000010001011011100000011101011101111
0100110000000101010011011100000011000000010010110110110111011111
1000000111001101110101011000101110011101010111100110111010100011
1000110010101111100011100000100000011101101011101001101111101110
1100010000110001101111100100010110010101110101101111001011011110
1001101111111001000111101011101100111110000110001110110000100101
0001001110101111101000011101011110010011011101010001000101010101
0111011101001010101100111000101010001011111010101000111000110111
1000000010010100111100011000111110110110010001001011110101111110
0101111010010101100100110111111110010101100100000001101000110001
0110010010101000111111010010000100000101011000110011000110100111
0111010110001110001010001010110111000001101011101101011110101110
1000101101111010010100100101010111110111111100110100010001110110
1100110100111001110111000000010110000011011000001011011100111010
1000101110001001110011110101001110000110110001101111001110010111
0010101000010010011100000001101010011011111101000111101100000101
0011000001001011010001001101101001000000110111100001001100001000
0101011111010010011110111111100111011011001001011111010110111000
0100110111010111101011111011001101111101001100110001000000000100
0011010110000100010101001110001010111000101011101101010100101011
1101011111001110110000010001010010110011110111010100111011000001
1111110010111001111110001001111000000110100101101011100000100001
1101001111100010010001100011111110000000000110101110111010001010
0100110111111000010001011110101011011010101100110100011010000100
0011010101100001001111100001000000110011010010001101000001100000
0010001011010010010001000001101100101110000111110101111000000010
1100010111000100001110010010001010000001011100101100110010111111
1101010000000000110011011001001111101011000001001100111001100110
0111011010111111000111001101010100001001100110110011010000100100
0011111100100111100111110111001000001101101100000000111110101010
0110111011011001000101110011000110000101110110101001111110100010
0101110111101111011110111000011110001100110011000000001110100001
0001011010111010010011010110010100101001111000011100001000011010
1010100110101000011010110001110110101110100100010000000110011110
1000011000001001101000001110001100010100011011110000100100011101
1011100010000110010100100111010100100101010111000010100101010010
0110100001101110100001110010010001100101100111000001001101000110
0000000101100001111000010110100100000011000111011100000011001101
1011011111111001111111101000000001101100001110100110010001101101
0011111111001111000011111110100110111000011111111000000101100110
0101100100010110110011010000111111000011111111000010001011110101
1011101101111111011101100111000100000001001101001110010100101000
0110011001001010010100011111000100111011011010001001011000100010
0001010111110001100011111110010100101110010010110011111010111000
0011111110101010000011001110101010101001010000101100000100100010
0110100110000001000010001001001001011001111001000111101111011011
1000010101111000101100001111100000011010010011000100010010001100
1001011101100100110010011101110111000001001111111001001101111000
1111100111010010111001001100010011101111011111111101001101110011
0010000111101000011011000110101101111110000100010010000011011011
0001000110101000010010010111100101010011001000101100110101011101
0111011111110101110001101010101001001111110110001001011010101101
1011011000001111010101011100111000100101011000011111010010111010
0101000011101111111111010100010101100001111100100100011011110001
0010111110010001110010000001000011000111110010111100111110001001
1111011010000001101110111111101010010011000110010111010111001011
1001100001001010111110110111100100010001011011010101000110001101
1000010010111010010001001010111101001101011010010111001000010110
1011111111001101001110001101010001111000111001001100010100101100
0011111001011001111111111100010111001000111011101001100000101100
0111111111010010000111001100110011000111101000000100111001111001
1100010100001010000001001110101000100000110011000101110011010100
1001100011101111110011110111001110010001001001111101000010011000
0011100110101010001101011110001010110001000000100111010011011101
0110010100010010000111011111110111110010100101011011110101101111
0001011110101010011000110001100111101101110001101100001101000100
0110111010111111001011010011100101010100111001011111111010111110
1000010000111100101011111101011010010001001001100101000001111110
0000000101011111110000110000001100011100111011100011001000010000
0100010101100000110111111000110111000110011110101010010010110010
0000101001110011010011011110100010000000110111010101101001011001
1010001011000010000111000001001010100111001110110110110010101110
1111010011111100111111010000101110000101000110011110001110111101
1100000000101011100010001000100110001110110111011011010101001101
0110100110101100100000010000110111110110101111101001001011000011
0111101110010110100011100000100001100000110110010011111010001111
0101001000010110011100110110111111010100111101000100001011101000
0010110110101010110001011110100111100110010111100110001011100100
1010100011110100000100000000010111100001001010110000111011100101
1010010101001000001001100101101110101101101001110101010110101110
0011111011101010001111011101111001101100101010101001110101001010
0011000000101011001000001000101110001110011011101001001010010100
1110100010000000101010100000000101100010110100101000001101111100
1111010110001000010011101001010000101101101100001101110111100000
1100010101010011110011000010001110010011011101101100100101110111
1000000101011101110111000110000001001100111011111010011010111111
0110010000010010010100110001010000110111100100111010101001011000
0110011110111010001000011101010000000101100010000101110110011110
1001010110000111101011000010010111000100000000101011101000100010
1010000111111000100000111011011110001101000111111001101010100111
0011010000100000101011100000010110110011110000100010011101110001
1101010100001001000110101011010000110100000100010001110001100010
1110110011110011001001100100000110111011010001101000000000100111
0010101100100001111001111111111000011000110000011011101111101001
1110100100010110100001111110101010011101010001001010111001110110
0000000101011010110010001010100101001110001100101010100100000101
1001001101101110010110011011111011111101010111010100011001100001
1011111100000010111001011000100010001100100100100101000111100100
1100101111010111000011000010011111100011010101110011001111000000
1011110001110000101010101101011010111101000101110100101111001000
1111110001011100001000000011000010000011111101000010010010011001
1101101001001001111000101110110110110111111101110111101001100110
0001111111011011001101110101101001110010110110101110010100100111
1111011001100001010001111000011011101101100101111010101100111010
0001011101101010011011011001110010111010111110011000010100011001
1001111011001101011010101111001100110111110010100010100011111001
1110000111001111101000100110101000011001010100001011111110011011
1100100100011000100001101011111010000101100010110110101000111001
0010100110111010110100011001101111110111001100101010010000011100
1001100110110100001000000110110000000111101111101001000101111100
0101001001101011111011101011000011100000011011010111101000101111
1000100100110110001010001100110100101100101011101100000001010110
0001111100110000001011001011011001011111100101000110111000100010
1111000011101111111010001100011011101001000100100000100101100001
0101110111100001010100111100010110110011100101111111001100100000
