1100111011111101111100001011101010011111111101010100000010100000
1100101110111111011111101001110000110000101001100010110100011101
1010000001100111111110110110010101011111110010000100001010000011
0010011010001000010111010011100010000101110110101011111001110110
0111000001110111000010110101110011111011101101100110110011001100
1000000001101010001110011100011100001111110110000110010000100101
1011110101011000100000101100100101100010000101111001111010000001
0010101001011111100111011000010111001110010100101111000011001010
1111001001010011001010001011101101111100111111011111010111010111
0111110101101110000101010101010111111110011011100100110101001101
1100101110000111101111011010000101000111110010000010001100101111
1110111101000011010000000000000100010010010010110000010100101000
0000110111111111010101101101000010101110100101111101011000101100
1000100111011011100010110011000011001101010111010010011110101011
1011001010111100100111100110010011111000000010010011110110001111
1001010010100011001001010010000110011110010010100110101110010101
0000111110001010101101011011100010111100101111010110110000011010
0101101010101000110011100010010000001000010010110010101101010111
0100111101100011101111101000101100001101100001111001001111111101
1000111100101011010001010011011011010000000000001011101111111010
0100001000000100010011000100000010110011011001100110111110010110
0010110100100100101011100010100101010000000111011011101110110001
1111101001100011010101101010111011011011100010010010001111100100
0000001101001101110001100100011101000010111111010001011100101010
0001110000100111100001100010110000010011111010111111000011100101
0111101100011000010010011110000100100011100011110100111001001001
0110000110001110011101101100101010101110111111001100111011010100
1000100110001100011110010101101101110110111011000000100010101100
0100010010011001110110100100000000001111011100101111010010000111
0001010111011011100101010110110000000100000000011110101001011110
0001100100000001110101000110111110001000101011010110000110101011
0010101100111001000000001000001001010000100010001000001111100101
1101110100010111011110100100011110011100111011010010110111110111
0111100111100100010111000011010110100011000101110000000111100110
0010001001100010000010111111111000001101100101101100011001010110
0110100110000000010100010011011111011100111001100010110101010101
1110100100000110100011000011001011010001110001011111110101111000
0111011000101111001011010111111000111110111111001101000001011111
1010101101101000011110101101111001110111110101100100100110101100
1010000100111001010101000011000101101010010110000010011110011010
1001001101101000010110001101111010110111101000011000111111110000
1000001001010100010100011000101011000011000000001010100001110111
0110101001010010010001101001111000100001110011101111000001001100
1101011101101001010101101111110101011011010000011110001011011001
1011011100100010111111010001101000110000110001101000000000010111
1000000010000010000101011100011011010010101011000001000001001010
1101100101100010110110011000101001100101011000100000110001101010
0111111001101000010100011100000000010100011111101000101110011101
0100000001011110010001010011010101000011011110001110010101101010
1101010000010001011001100111010000000111101000000010100001111100
0100111011111110101100110111011101001100100001011000001111000010
1101000110001000100010010000110101110001010001111000111000110001
1001110111100011100000010001010111010011001100100000011000101001
1001011010011001100001101110000110110101010010000111011110011001
1001100100000100111101100001110100111101100100110001100000001000
1000101010111100110111011100110010000001111110001100101111110110
1101001011111011101010110011110100100100001010010111011010100011
0100111011101011001101001111001110000101010111001010011001100101
1010100010100110000110101100110101100011100111111011110101101110
1010000111110001100110100011110001011010000100111101000100000000
1000101100100111101001111001100001011101110000111000111110111010
1000101100101001011011000111101011110101001111000011111001010011
0011000100011011011110010110101001101000000110011100011011111110
1000111100001001011001100110101000001000100101101110111001110101
0100010000011110010111001111001001010100100011110111100111010101
1101011000000101111100011000011001011100001011100101000110011110
0101010110101111110101110110000101001011101110011011001110011011
0100101110010100010111000001110100011001111010111000100110100000
0110011101010111100111110001010101100111111111100010111101000100
0010011011010000110000010011111010111110011101011100011000101101
1011111001110000110100110101100011100000110100111100001111100011
0110000100101101010000100111101110000101100101001110000101110100
0011011101101101000110011111011001010000001111011000001100001100
0000001110011110100110011110001011001101000110101110000011000000
0000001110101011011010011011111001100000100101001111100111111011
0001101010000110101111011110101011101010011011100001110100001111
1011111100110110101111111001111100000000110110011100010100111011
1110000010101010001000010110010100011101001101011011000000111111
0010100010110011001110011101011111101000100001011101100100100010
0001001001000011010110011001010000000000110101001101011101011101
0011110101010011010010101110000011100110010001011001110100011011
1110111010101001111101110100101100110010101000011001010010010010
0000110111011100001000110000000111011110110000100001000110111001
1111001111001101000010011110110011001110111001011111111101111001
0110100101111000011110110111111011110000101110001111100010010011
1011010010110011000011101111100000000010101100110000111011010100
0111010010011000101100101111001100011100111100011111000001100001
1111000111001010000011011001010110011101100100111010101100000100
1011110110110010000110010001010100101111001111110110011101100100
0001010001000000110000100000011011001001100101001011100001101000
0110000100100110100011110000101001000010100111011011110101101000
1001101001010000111011101111011011101100111110110101000101001001
1000001111101111110010010010101011011111100111011100001110001110
