1001111111100100100111100001110111000110000001101111001000100001
1001000111001111111000011101001101010010011010011111101010101001
1110000111000011101000010101100101101101001010111100000101000011
1000111000010101011001110101001001111010000000000101100011100101
1010100000001001111000001001011100011001010011111011001001000010
1001000000010000011010111111110110110111010000000001110100011101
0101110110000101011000001000011000100001011111000111011100010100
1100100111110010101111011011011001101001101011100001001000110101
0110110000111011000111000000111001000111100111000100111100000111
1111011001110101010101100110101111110011100100000011101100101001
0101001011010000010001011011110011111001000001001101110111101010
0010110111000010011010000110000011110001101000101110111100011010
0011100011110000001110011111011010110001110100100101000000000111
1001010011101101101010101010111101111110000111101100100000000011
1010110100100100011000010111101111101001011001010111011110011100
0100001001000100010111010001100111011101011001101000011110000001
1101000010100011000100101110001110101110110111100101111011000010
1101111101010110000000001110000110101100000110000110100111010000
0011001101010100111010001000011101010100011110001110000110101110
1110111100101101010000110001010011110111001111111000100110100110
1000010101011000000010011000101111110111100001101010010111000101
0010011110111001110001110110101111001101011101011010110010111100
1111000110001101101101010100011010100001011110010000101110001101
1111001100000111010111011010011110011111111011101100110100000010
0011000011100001100011100011001101011100101000000110011000110001
0000100010011101110110110011000111011111100001100110010110100110
1000010000001001100011111000101111100100000110010011011001000110
0001000101011000110110110111101000010101110111111011111011111101
1111101001100100100011100100101100000111001111000110010110100110
1010101100011101011000111110101101000111100100000101100001000011
0001100110100000010111110110100111001101011111111110000010101000
1100101001010110000101001110010110111001011000101011001110100100
1010011110100010100110110000000111010101000110010010000001011100
0100001111111110010101100001111110011000101001100011001010011000
0100001000111001110010011110101011001001001110001110110110101101
0010011010110110100110000111000001111100101111111010101001101011
0010101111110110111010011000111001011000000101110010011011100001
1000001001101010100010001000011110100000100010010111010111100101
0100101111001011010001101100001101110111000010000100011000001010
0101100111110011100100010100110000101111000010101010000111011110
0110001000010000101000110011010100101110011011111101011001101011
1101111100101000101010110011010011110010101001010101100011001011
1101010110111000010110001001100011001011000010100101110000100000
0100010111110001110010000000110111001110010111100110110111000001
0111110101001101001100010110001110001111100100101001010110110101
0000011100101111011101101001010001000110100101000100111100100111
0001000110110101101001100100001110010111000111101101101100110100
1111101101111010010110000111111001110101000111100011111100101100
0100110101011010100000000111000110110011110100100111011111011101
1111010100111100010111110111111010011011101011001111000101011001
0101101010011010100110111000100011110101000100110011001110111100
0000000101100110101001000011011000010101000111001010001011101010
1111111010001000011001010000000000101001001100011010011001000110
0000000000111001011111011110011101110000100000010011100001100111
1001111100000110100011101001101111111010100111111000001011101010
0001001111111011101101000101100111101101010100111100011101110110
1010011011010010011100111011111110100111011011100100010010111101
0111100010100100011010100011100100000011101100111101110100110100
0010110100100011000101100011011001101010101100010100011001000010
0001100000110111101110000000000101100001000100111101000011000100
0101110001111001011001101101110110110000000011011011011010100100
1000101000001100110101110100111011011101010011001101011010111110
0011111010101111010001001001101011100110001101001100101011100010
1000111000100010101000010010000100011110000001101111011001111010
