1101011011001010101101011101010111111011000101110100001101001101
0010010111011000110101100010010110001010101000001011111111100110
1011001110101111001010100011010011001000000110001110110111110001
1111100011011010110000110110011001111010101000100001011100111011
0101000111001100010111010011100011000001101100011111110101111100
0111000101000011100111010010111001011111010011110010010000111000
0010100110010111111101010100110111100011001001100100111000010101
1100111010100101101011010001001000000000100011111101111111100111
0100001001110010011011111111111010000101010101001000110010010100
1111111000100110111011010101101011000111100101101110001100100101
0110011000110011111101101101101111001001110101000000111000011001
0100010111001110110011101111001011111011001110100111111011100110
0100111010101010011100110011011000110000010100011011011110001001
1101101011110111111101011011111000001110111100100000100100101000
0001011000101001011011111110110100010111001111100110011001001101
1110000011010110011111100111001111110011001001100100100010100001
0111111111101010110110000000110101100000100000101010111000011010
1011001101110111001000101000000111000101001001100010100001100100
0110000111001111111011111010100100001001000010001111010111101100
0000001101011111111110100110111101110010010001110000010000010111
0011000110010010000000100100011000110100100010101110000001100010
1111101101110010001110101100010010011010100010001111110101001101
0110001101101000111101100000000001110000001001111111101010010011
1111000110011101111010001101110011110000011101110111011101110101
1100100100101010001011011101001110000010110011101001000001010110
0110101100110100010111110101111111111100000100000011010010010000
0100111000111110011101011010010000000010111101010011010010000010
0010010100000111001000010001110110011111010110101100100000000101
0010011000110010100000111110010101100001011011100101100010010001
1101110010101101010110110001001110110011101100011000100111111000
1000100110101111001101000110100001001110110001110110000010011101
0111100000100011010010001101010000100100010110010000011011000101
1111100010001000011011010100000111000101111001001101000111011111
0010110101100010001101011010110011100011101010101111110111011010
0011101001011011111100011111000010000011111111100101010001011110
1011001000111110110101010110111110001110010011111011101100010001
1101110011100110010000001000010000010110110101111000011001101111
1000111010110001111011100010110000001001010111000111101111011011
1010000110110010111111100110100000110110010011000000110100000010
1111100100111110110011111001001111001100101000001100110101101111
1000000101101000110110101100010010001101000000010010101001100001
1011111001100101110000110010100111001110010101101101101000010011
1110111001111010100101100011010011000110110100000100011001011011
1011101011010011110000001000000100011011011011000111110100011001
0011100000100111000110100010000000000001110110000001101101111100
0100101001100111100100000100001101001011000100100110010001011011
0010101111011100010111101100110001110010010110001011110110100100
1001100001111101011000011000101011011101100110011001010001111101
0000001011100100100001100100010010110001110100011111100011001100
1010010010010111101000001001011100101001000011010100110001011100
0001101100111001010000111010011001000100011001110100001110011001
0011100011010000101011110011001010100111100111000100001101001010
1010111010001111110000001110110011000101111000111000001100000010
1010100011111000000001101001111110011110110001100000110111010010
0011001001010010111111111110000101010100110011111100001101101101
1001110110111101100001010011010100010111001111010101111100001001
1100011000100010100011000111100000001010101001011101110111011000
0010110100101000000000110110101101001001100100000010001110010101
1001010001010001100001110100100000100000010100011110100001110101
0101110101100000010001000100110011110011010101000110000011011010
0100000001011000001010100100010011110000011101011000000101010010
1001111100001000111001100001010000010011111100011101101010110100
1111011100111010010101110010001101110011100010111001100101100001
1011100000010110100010101011111010001110100110001110010001000111
0010000111111110001111111110111000101101010100110100010010110111
0001110111001001110001110010000101001000101101010001010011110001
0001011001101110111100110110111011011001111000001000111101101000
1110100101111111100011100111110100011100010010011001000110110101
0001000111010111001100101010110010100011010011010110110010011110
1011101101111111110111010100100010101000100110100110011111111000
1001111011100001011111010000000010010011110110111101010100000100
0010101000111101101101011110110100110111111001011100010101101000
0101000111001110100111110101100010010010000000100010100101101010
1100101010111001000110010100000001111100000011100011101101001111
0011111000010100011100000100010101010011101111100100010010100100
1001101110010111000100011101111011111111000011100001100011001011
0100111010011111001111001011111010000111010111000011110001000000
1011101100011100011100011101101110110110010000100100000001000001
1101000100010101000011110010100101111000110011011000010001110110
1111011111010011001110000111000111100111100011011101100011101101
1000100111101100100110111100001110010000001110011111100111101010
