1010110010110110111110101111110101010000001011011011101010110100
1101000000010101100001001111011001001101010001000000110001001110
1000011100110010111111101110111101111001101010000101101001011001
1001010100000100111010001101110000011111010010100010010111110101
0111101000000000101000100000000010111110010100000111010011011110
0010101001001011001110001101101000000010010001101000100010011011
0000111001000101101111101010001010110000111001000110000111001010
1001100000010111100111010100110110110011101010000001110101010100
0011011100111111101101011101110011000101110000101110001101111010
1100100000111000100010011000111011000001100010011110111110001010
1101111100100110011000011001001011001010100011101100011000000001
1110100101100000100011110000100000111011100011010110101110111011
0000101111110111011001001001011111110001100101110110011011101000
1100010100010111000111101011000000110010010001110110001111110111
1000011000010011101001000111100100111000000001110111110000000101
0100111001101110001111001101110010001001001100110001110111011110
0000110001000001111000110011111000011001010111111101010100110111
1001110110011010010010000110001000010110110100001111010011100100
1101111111001111111111100000000101010111100111100001101000101110
0010101110010011001001110011010001000001110010100011111101101011
0111101110000001100111000000101111011011000000000111110001111011
1101011011111000110100010101100101110001100101010000111100110001
1010001001001001011111110100001011011111111110100101000011101110
1110000011000011011110001110101110001010010110010100110100101101
0000011111011000110100101101110000000000111110011010010011101011
1100111101011111010011101100111010011100110001001000011100100001
1100011110000101100001110000010011010100100011100000010100010111
0001011000000101101010110011100101000100000101011010010010011101
1001001100101001100011101000010010101111111001000001001001100001
1110010111000000100111100110110111100010001110101001010001010110
0001010101000001001010111110111010100010111011110110100100011101
1001110000100111001010111001010100001010100110000000011001101110
1111110000111010000011001100001111001001101010101111101101001100
0001001111000010111111001101101001000110100100001010000000010110
0111110001000010001000110100001000111000111010111111101101011011
0010100110001000011000011101001001011010110111111010101100010010
1101111100011101011010001000001110000000111101110000000001011110
1001001111010111111010010100101000011110000110110000011010110011
1100011000101010101101111001010010011110101000000001001101010101
1110110110100100001101001100100110111110000011001011100100100111
0000110100001111001001101011001001001001000000111000101111010101
1111111110010010110100100110110111111111100010101110100000100110
0111011100111101011010100010000101010111111001110001100101001111
1001100101011011110000100111101001100001011111110110110011100010
1000110111101110101011100011010000111111111111100010000111011011
0011000000110010010101001010111110101101011101010110001011000110
0100110010011011101100000111110111111011111010101010110100001110
1001110011110010110100111101011001111010001111110001001011001010
0010001110101001100110001010001001101001110101100100001010111110
1100110011001110010000110010000010010111000100100111100000000000
1101010101010110100000100010001011000001100110111110100001111110
1110011100101100100101000100011011100101110110010010101101010100
0010101011001010100111100101001010001011001110101110110011110011
0100000101100110011110100011010101001001100010111101000111011100
1101010000111110110010110011011101100011001011001111011000101111
0110010010111010110110001010100101110111111100011001100100110011
1101100111010011100111000111100101010011100111110100110001101010
1110101110011011001101001101001001000011011101001011000100100111
1011100010001101100110000001100111110011101111111001000011001110
1000100011101010010100110101001110010010011100101000110001100110
0110111111100001111100100111011110001100101001100000101111100110
0011101010110100000110111011110101110001010000001101100000100001
0010001001100110110001100100110100101000001000101011010010000111
1001100110111011111001110010100111101010010000110011100110100101
0001000111010101011000101110011100100001000101110011011111001101
1100100100100001110001100111011011011010010101110011101100111001
0010100100110000001101001111001101001111100111100001111111011010
1100100110000111111111110001110001011111011011001101111101011010
1111110001100010111001011110100001000011101010101001111011011001
0001001001110110000011001111110010110000011001110001111100000010
0010110001001101111001100101100010000000000001001111011000011010
0110111000011000001010111011011001001110101000100001010010010110
0010100100011110010001100101100000000101001111101011001111010011
1101001000011110110001100110101101111111110011111001110000011111
1101000001111111101000011110001111101011010111010101010001111010
1100010000000111001010001110000001111100001001101100111111000000
0111101001110010011000001111100110001010000010011011000100000001
0011111011100000010101010101001110100001001001001000101101001001
1011111111111110011000010001010111101100010010110101111011110101
1110111110000110100000011001000000110110110101111011001000011111
0011001011011111001010101111001001100110001100101001110000110010
1000111010010010010000001000100011101110100111011110101100001111
0010110000100111011101101100010100011100001010001000111011011110
0101011010111101011111010011010111110010011000000001000011000000
1100011101001111011011111010110000000110101101000001101101001110
1110100101110000011011110000010100111000010010011100101000110111
0100101110010110101111011000010010111000010011111110101010111010
0100111111000001011111011010101011110110010011101110101000010001
1110010000011110110110011001101110111100101011001101001001000111
0110001000011001111001001010010001100111101110110111000011001010
0000010000011011011000110010100000100010010110000110110100011010
0111111100001001110010101010111011010010111110000001100100110010
1011100101010011010111101011101000101000010100100011000111000001
0110000001000000011000110100001101110001011110011001101100000000
0010001110000101010010111110110001010110010100011011100101001100
1010100110001001111000110010010101111111000100000100001111101000
1001100100011010100100110011110011101000101100010110110000000001
