1110111001111110101101000111001100110000111010110011110100011000
0101111110000001101100100000101000011010010110010101000011000100
0101010101111010011010110000011110010100100101001010101101000000
1101000010001110110101010000000111111110100010011000111001001100
0111100100101110001011111010101001110110001100101011100110111100
1011000110011001110110011100001110100001110110000011001100000111
0110011010010111011001100000000001111110000000001000000011110001
0011110010111100000000001011100010011000010000110100100110010010
1101101110100101011010110110101011111001100110101010111101010011
1101110001100000110000010111011111000000101001101000110100010111
1000001000111110110110110101100110001000001011011111000100101111
0101010000000100001100110101010010000010100001010000010110101011
1101010110010101011011101011111100100001011011101101010111111110
0000000100000000110010110111111010100100100011000010111101110111
0111011110101000111000100000000100111110100101100000011100111000
1101100001001011110110001000000100110100101011000011100001110010
0100000000110110001000111111010111101101101010001110010101010010
0010101001010100000111001100100011000010110010111011010110101000
0011000011011001101011001010001010100111100000010001011000110111
1001011011011100000101110111010101101000011101000100111011110010
0101000000010111001010101011001100000001111000011111010001100011
0011111111110101010001001010101110111001001101011101111000100000
1011101100000001101000100011010100001010010111111011000100011010
0011111100101110100100111100000111110100101011001111001010110100
1011101000111001010000010000110100101001100000010000010101111010
0101100011101110001101111100011000110111110001100000011111001100
0010111011010000100100100000111101010011010110010111000001100111
0011110111000010111111000001011100010011000011001001011101001111
1010011000110101011010111010110110000100011110110011010001110010
1100100011011100111111110110100000110111100100111001111011010101
0101010110111001011010100000001110001100110010000101001010000100
1101110101110000010100111001000110011101010001001000101001011010
1010100100010111010100011100100001101110011011101000101100000101
1100100100100100011010000001110000001111011111100111100000001101
0101011101000011011111011111101010001001010010111000101110010000
1100000110111010010000010101001000000110001010101110001010101101
0010010100010010100000110011101010010011101011101011000101101101
0101101111011000110101011110010110010001011010101110011010110011
1001001101000000001011110100101010111001011111101100111110101011
1001111111010100011010010101110100111010101110001110110101000001
0100110110010101011111001100111100010011111101110001100010011110
1010100101100111110000011101111001000010001001010111100110001100
0100011101010001111000011101110101001011010100111111101110101011
0100100100111010001000000110000001000110101111000100100100011110
0010100011010101001110100111111110001101100011110101110011101101
1100011000100111110111010111101100011000011100010100100111101101
0011100001100000101110110101101101111011101101100001101010000111
0101100111010111000000111000010110110000011110111101010111101011
0111111000110111100010111100010100111110101100111101111000100111
0000010000000011111110011101110000000100000010101001100010000011
1110110001100110101111010110001100100001010000010001110011100010
1111100011011000010111111101000011000010000001110111100100000000
1010011010111000101011010100100001011000100110011010101000110100
0110001011101010011100011011111001101010111011100100100010110010
0011011101011111111000100010010100111101101001110100101101100100
1011011010001110101111111000110100110110000110010101111101110111
0110000001101111101101110001110101110000010110100111010110110000
1001111111111110000101011101011111111011100100110100011100011110
0010001110011011000100011101101110111001011000100010000000001011
0111001111100100101001000101110111101100001111011000110100111101
1011100010000011111100000111000010000110101101010100110111000110
0000110000101111000100001110011000100000011101100010100011110110
1111100101011100010111001111110011100000110111000101111000100000
1100111001111000010001010000001111010000001110011111100001110011
1001011100010110110001000110001010101001110001110110010010011000
1000100001111110001011010110001101111010001010111011010011101111
0110110000011011101001110111110010001100001001011000101111110011
0011011101110111011110110111000100011101111001100101111011110001
1000110110010010000001011000010110100111010110001101111001110111
1111011000001101111010000100111010000111110100100100110110010100
1010000000110011100111110000100100101100001101010101000101101100
1010110100000101100101101010001001110100010000101011100011001111
0101110001011001110110111100011000000000110011101101101011111010
0111100010100100110010111001110001101010110100111101111001111001
0100100111111010000001000100010110100111110000111010111001111111
0000011000011100011101101100111011011110110110001111000011010001
0111010101000110000001011000101111011001110010101000010010000010
1001000110011010100011000100111111100010000001101110001101111110
1110100111011110110110100110000111001000010011010001001001110001
0100101101000000001111011100111001010010011110100000000101100100
1011110010000100111110000110011000100011111000101011001010111011
1010110101100010111010000010111101011011110100000101111100100111
1111110100001100000101100011110000011111011111100110011010110011
0010110000100101110011011001110001100100011100001111100111010101
0100011101000001001000100100110101111000011010001100110110011110
0001100100110001010100011111000110110000001101011110100100011010
1100011000001101110101010001011101111110100011011101101011001001
1010110101000111011001111010011000001111101001101010010001110101
0111010010101111100010010111011101111110010110110110000010001001
0100000110010111010111000100111000101000111000110101010110100001
1000101101001010101110001000010000011101000101110001111010010011
1011010111111010001000001011000001101011100101001000011001111000
0111111000111110001101000001100001111110000100101110111011110100
1001101101101101111101010110110011001100011010111010011110110001
0110101110000000001011011000101111100101110011100110110101011011
1110000101010011100001100011111010011001111110001001101110010111
0001111100001111111010011011000100100111100010011011010011010011
1101111111000101010010111111110000000110010101011101100011010110
0101100011010011111000011011000101111100011001011111111011001001
0111110010100111000011100011110101111111010110111110000100101010
1000000111110011110011010110011011000000100000111100101110111001
1010000101101010111111010000011000101011000101001011100010110000
0111101110011000010000011010101100011011100000111110111100101001
0100001110100100100101101011101001110110000010001001001011011111
0100101111110001011110111111100110111000001001101001110001000000
1111000110101000001110110111000110111100000110010110101101011010
1011001011101101000101111100000000010010001100111000010011000110
1010011001010000111000001100011000000000001000001011001010010000
1010100011110001010000010100001010001100111111000101010100111011
0010111100000111111000111011111000010000111000111100000101010111
1100100100010000000101010000010011011110110111100011001000101100
1001111001001010111101001110001001000010110101100100110110000010
0000100110111001101101100011001100110101111000000000110011011111
1111001110100011101101001011011001110000001110001111000001111110
1111011000011010111001110010011110110001111000100101111101100001
1011010101101101111010011101000101110110111011010000110100111101
1111100100100111111110000101111001011010001101001100000000110010
0111111000110010110111101111101001111101100010000110011111001101
1011010110111001000010011001000101100010101111010111111000011011
0101100110010110110111111010110010010111011100000110111111110001
1110010111001110001011001001111110011010110001001111101111101100
0111011110110101101011010011001100010010111011110000001111101111
1100101001110000010000001010010101111111100000001001000000010111
0010100010011010110110001101111111111111011110100111010110110000
0001001010111100011101110001110000001100101011100000010110101110
1100101011101111110111011110101010111101011101011001000001101010
1101011101010101001101100001010010011100011100011100100010110011
1100000100111100100100111000000000000010011001001001111010000111
0111001000001001001100100000000010101110111101111100101011011101
0011111011100000000111110011000001100111110101110010011110001011
0001010000101000010110110111010011110000111000110001110000001010
