1101001000101111011110110101011011010001001011001101010000100001
1001111000111001110110111100110011101011011110010001100010111001
1010101010011101111011001010001010001101110111110111101010010011
0001110011000001100101111011010101000110110010100100011010101001
0101001010000010101011000001111011000100010001000000101100000111
1001101101001011001101101001111111001010010010101101111100111111
0000001001011010001101010011000110111100111011111000001110011001
1001011111111010000111010001000101100101110001111011011110110101
0100111111111010111011010011101001111111110010001000000100101011
0101010100010110001111101110001001001001111101000001011100011000
0100110110111111000100110001111100011000000101101110101011101110
0100001010110000110011111010100111101000100111110010001001110100
1001111110011000111111100110111001001011101100001011111010101111
0111010110111000100000101000010011001100000110100001101100010111
1011111110000101010000010111111110111011111001101000010100100111
1001111100000011011101111110110100101100100001101010111101011100
1010111000110101111011110011001110100101101000100110110111000001
0111010100100101011111111111110110001011001101010100110110101110
0100100011100000010111000011111111110011110000010110100010110100
1001111100111110101010011111000101010111001101011011001000110110
1111110100010101101010001001000011010011011110100111001100011111
0101100111011100011110100011101000011110000111010100100111100000
1100011011100011010100100100100111111000000010111100000101110001
0001011011110001001100111011101000111010010100001001101100110011
0100100100110100010100001011100001010101000011011101000101011001
0110000011111011000101101100000001000011110101111110010101101010
1010100111100100011110110111110011100000010000110100011011101100
1101000011100110110110000100010011101011011010000000101101001001
1111000100101000100000111110001101001111001101111100001001001000
1101110111111010100100001110001111111001011000100100010010001011
1111011100001001010100001010101101100111010011111011011001110110
0111100010101000100110010100110101011101001101111011001001111001
0011111100111111100010101000001000110000101111100000100001111110
1010101001010101111001001101110001111111011101111010100101110000
0110000001010011000011010111111001011001000000010100101011110001
0100011011001000100010110010010111001110010011100011000110100110
0100000010100110011111010000001111111011011101111000110000010010
1010101111001011001011000100101010001101001110110101000011011000
0111001010001101010110010101100110010000001010000000010001011110
1110110101110011111010011001000000010001100010111010110001001001
0101011011000110000101110110101011111111101110001100000111010001
1111011000011010100001111001000011000001001011101011011111111110
0011110101110101010000100111000010001001001111000011101010010010
1110011100110000110101110100110100101100100011000111000111110010
1011100001101110110000000010110110110100011001000011001011101000
1010010111110011110100101000011001011001111101011000010000100001
0100111100000011000100001001100110001011101001100111010110010111
0101011000110010110101100011011100000011101101011100111010001000
0101100110001101000001101100011000111001100110000101110100111101
1101001110000110110110000001101101010010101110110101101011010100
1100101011101000100110101100101011110011011010111101011101001011
1001000110000111001101110001101110100100110000011110010010011001
1101000100001111010100001110011111100010101110011010111001001100
0110110011101000110100011100101001001101000001000010100010111110
1000100001100000111111111101000010010100111101110001001011000011
0111010001000001101110111001001010111011111101000100000110001100
0010000000100100011110110101011110101111100011010000100110010011
0001000001100001110001111000010011101100001101101111001100000010
1000100011101010101111000100111000100010100110110100011001010100
1101000001011110111011101100110100010011101101110111110111110101
0001000100001010110110000100001101110010110010000111010101010000
1111000101100000000101001011001100110110010000111110100011111000
1001110001001001010001110000010101010111100111100001010011011110
0000101101111100111010101000100111111000101010010010001000001000
0100111110000010001001101100010100001101100010011000001101111100
1001000010010011010000011000000111111001110001000010101110100011
1110001111011011100101010111011000010111000100111101111110010011
0010010100001100100111101000111101110010100110111011001000110100
1111000010100000000010010000111100100100100111010001000011110010
0010001111010001111111011100110011101110111010000100101111011001
0011100100001110010101101101110111111011000011010101100101000101
1011010000101100111101100111110010011001011011110100101110110100
1101111010101000110110100100110001001001001011011000010001001100
1011001101000010000010011111010000000100000000110100000001101111
0011100011001110001101010101100001011100110011101010010101010001
1011111001010111101111010101001100110111110000110010011011110000
1000001100001111100101111101001110000100111001010010000001100111
1110110000000010100001110010101100111110000101001010010100101011
1011000100000101111011001001001110110011110101001011000101010011
1100011111110111110001010111110000000001010000110010100101111101
0100000111000010101011001111110100011001101110101001110001001011
1000011111011011010111001010001111101010000101000001000110111111
1101110110110000111111111011110010100000110000001101001101010100
1100001111000010001110010110100000000111001010100010111101101000
1000110100100110100000100001110010100110010101001101111010100011
1100110101000110001000010101011111011010111101111110110001000001
0110010111001001100001111111001110000111100010111110010011111100
1011101001111010111110001111010111001110100001010000110010101011
1111011011010101101010111111111100111111100100011111110111100010
1101110111011101011111101000101101010001010010001001011000111100
1100000000000011001110010111001001000111000101001111000001011101
0000000010111111000011011011001000111010100110011100011001100001
1101101000100111100010000011101010011101010000111001001101000110
0000011101111110111110111000110110100110010101111000000000111010
0001010000111110000111100000100101111011101111110001110011100100
1111100111000101000101000110111000101011110010101011010100001000
0111000100111111001000111000010000110011111111001001001010000101
0010001001000101100010011001101110100011010111111000101000001111
0011110100010101111100100010100110101111000011100100000111010011
1011101011110001011000100111010001111011101010000000011010101101
0100100010101110100001001101001011001010010010110000011111000011
0101110001111010000110011100000000010110111110110001101110011100
1100101101000001011000101010001001000101100010111010011001101111
1011011111011101000101101000110100100111110010110110001000000001
0100100110010111011010010011001010001110010101010100011110001110
0110010101011110001110101100101100110000110100000010001100100000
1011101110000100110001111000000001110010101111011100110000010010
1100000011011011100111100111000100101100001101011100111001101011
1110000110100000011100110001110000000110000010011001100100100100
0100010101010110101000111001111010100011000101000001110110001011
0010001111101111100000010011010111000011001111001011011100010101
0111011110010100111111110100001010001010100110000100101000001001
0100110000010010110011000110100100101100101011011011011101011000
0001000011101001101001000100100101110111101101100101110000000100
1011100111101000111000010001011101110111001100111011111000110010
1110111111110100100010111110000111100101001101101100101100110100
1101010101000110100100011111010111001101001100011011101100100101
0011110000110010010111011111001010011111010101000010010000100110
1110010001000110011011111101110100110011001000010111101101101000
0100101110111111000101000111011000101001101011101011110010101101
0110001100001111010011000010111100111010100111011000101111011001
0010101001110100111100101000001100001111111001100010111101101101
1000000011111110000011010110011001110101001000111010000000000010
