1100011100111111101101101101111010001101110101011011000000100010
0010010101010111100000101111011111100100010111011101001000000101
1010011001100111001101001011101011100110001101010001000010000100
1110010111011101010011100000111001110110010111000000001100111111
1010010011011000111101010110100000111001110110010010011010101010
0110011001101011011000001110110111001100111011001001011001010101
0010000010011010101000001001100010110001110111101011011101011111
1001001000010100000001000010010111010110111000110010010111010001
1101010111110100000011111111100110011101011101001011010001100010
0001010110011000111001011101100011000011100111000000010011010011
1110101000001101101101100111111011100101001101111010110111011110
0010101000000000000110001011110001010111111011101010100010011000
0001000101010010010110111101100001001100101111001111001000011110
0111000101010111011010111000000101110111111111110001001010011111
0010010000011111101000010111111100001001101100101011100000001011
1000010110011100111100101001100000111011000010100101011011100110
0101111100101001101100110001000111011000000110011011010000011100
1100100000101111101110111000010010010011111001000010000000111101
1100101011100100010010101110100011100111010101101100111110011001
1100001100101111010111011010010100101010010100100110000101000001
1010110001011111110110111100101100010101111010011000110011101101
0110010100110001101101001001110111011010010001011101011010100110
1111000101101101111100011110110010000010001000010001100001111011
0100011101000111110110011001000011101000110101111000101010001100
0001011101111111110100101000101111010000011110010100010101110000
0100111011111000001101000101111110010010100111111010000111010001
0001101000010010000000110100111100000110111000010011101101000110
1000110000001010010101010100110010010100001110111100010111100010
0000000000110110110100001000011010000111101010111100110001110110
1011100010111100110101011001011010111001001111100010011110001110
1000010100011001111001001111100111110110110101010111101111100010
1100111100110111110001010010001111100000010010101010011011010011
1100011010111010100110111111010110110101000110110101010101001111
1100001111000101101111101101101010010000000001001110001010010011
1101110001011111110010001101111000100110101111001011101011011001
1101010000010100011000011111011111110101000100000111100101001000
1100111101010001010100110011001010001100100011111100011011011010
0000111000010101101011000000101011000111100000000110110001110001
1010000100010111011001000000001110000001110001101100000101001111
1101011110011101100010111011001011111010110010010000010111101000
1011001001011000000110110000001011101000100100000100000001110000
1110000111100101111011111100000011111010110100110000110110110010
0101100110001110110110110110111010000110100001001001001100101110
1000010010101000001110010010000101111010011010100001100111001011
1011010000000101111010101100010011010111011100000000000011010011
0111111111000000101010010010101001011110110001000011110110010010
0000011001000111111010111010101011010111111010101000101111000111
0001001100010010010111101111001010000011000000010001010000110101
