0010001101111110011100101000010100110110000010001110101001100001
0101101010011101111001111111000100110001110111010011010100100010
1001001010010001000000011100101100001111010011100100001000010010
1010100110010010111010011000101101110100001011000101011111100001
0100010011000011110101100111001000110001001010111111000100000110
0101010110011000001100111010000010000001001011100000011111100110
1111001010100000001011000110001111011101101101111000101100110010
0111101101010001011011101101110001100000011101010111001110111100
0110001001110111110100010011000100100011100100100010011101111101
1100100110111000100101001001000100011111011111000101000101010011
0101010101011111011111110000000001101001110110001111111010001111
0001111110011111010010100011001111011010001111100001010000000111
0111111111111101011111010110111010101100011010100000011100111001
1000001111001101111100011001110110000100101011010111010000011010
0100100111100101100000110100010001101101001011001100000111011000
0111011101011101001101000000111000001100000101000110001010010010
1110001101101011011000001100101001000010001101011101001111111110
1011110000001100001110111100001110100000001000000000100111000001
0001001111000011011101000100001100110010001010001000001110111111
1010110001111000101010101011010110011110011111100011000011000111
0110101000111101001000100010011101100111110011101010100100101111
0011100001001101001110010010111111110100101101100010001011110001
0101111011010111000110000101101101110010001010000100110000100001
1110010001101001111100110110110010110110010110110011101101010100
0001101001010110011100001101101111110100110011100100010010110000
1101010000010100010111111100111110011100001111110001100011101011
0100000101101010110000101110011000100111001011101110000010101100
0101001000010001100010011001110001100101111010011010011110001000
1111110011100100100011101010110101000100011001011100000001000011
0101000010010010001000100101110110010010101101010011000101000011
0110100101110010011011110000000101100111001100001110100011001001
0001111101001100101011001000010101001101000000001011111011001100
1110011110110100100101111001101011101110100111110110101100000111
1111010010011000111110101001101101010000010100010010101000110010
1110100011011110101010110111011100001001111001000100010110001111
1010100001110000101111001011011111010011011001110110010011111100
0100111001111001100000011111001010101000001111010111010001111101
0001010000101011110111000010110100001011000110000000000010001100
0010011000010101011100100111011110110001111000110001011001000101
1000000001001011001000101000101001001001111011111111011111010101
0101011110000101111001110110101111110100000101101000010001110000
0111100111100010110001110101101010111010010000011111010101111100
0111110010010011001001100110001110111100011011000111000111101000
1011110001100000011001110110101001101111010100110001001010001011
1100101000001111010000111001000001010000010000110001010111101000
1111001011110010001001010111110000010101111100001110001110010000
1011111011010111111010100111100010111011000110101011110001010010
0000110010001000001011100110011010010100000000001001101111010010
1001101110000010110100100010000110100010110111100001110000000110
0000100100000011111100011110111100110001101011111000101010110011
0101100110111110001100100011111110100100110100100011110110101010
1010000000111110110100001000011010011001100011100001111101010101
1111101101101111011010111100001111101011100111101001101100001100
1111001111000111101101000010001011001101011000000101101011001111
0001111111001011011101110111010111000000110001001011111010101111
0010001000110010100011101111100010101110010100011010001110100000
0010100101110111010000010000100111001001011001001101001001010010
1011011110100110011011000100010011000111111010010110011100111100
1010001101001111011110001101010011110101111001010111110011110000
1011010110000000100011011111101100010000000111000110101110110000
0010101111000101001010011110111100011010110111110000111001101010
1001011010001101001001011101011000011101000001010101110000001010
1111110010011011001011101110111011111111000000101000111110010101
0011110110100110101001110110011001000010100100111100000010001101
0011100110010111000100100111101000110010000011110010101011100011
0001111001011111010111000110011111010010001001101110000101100010
0000101111010110000100110011010011101110110010111000011000011101
1011100011111100001100011001001001001001100110000011000111111010
1010011010100011010110101110011110100110101011001101011000000101
0010001011011000001111010011011101111000010010111010011001111110
1011011101011000110110011101101101101111010011110100011111010011
0011100001001100111011010010011001010010011101001100000101111101
1000001010100111101111010110110000101011011110101111101011000101
0010010000000010010001101011101001111000101110101101100101110000
0101000010000010001010110011000000111001110110100001101110110111
1111010010011000001011001110110111101111001000000000000001111010
1111100101110011111001101010111101011011110110001000101010100111
0001011001010001111101111100100000111001010010101110010011010111
1100001100001001101101111011111111101111000111001010010001011111
1101111100011100001101110010000111100101001011010110111101100011
1000111011111000111111110100001010110011100100110110111111110000
0100010011101101001111000000010010010100001111100100111101010011
0011010110000000110000001001001000100010110110101000000011000000
0110000001100011111011101100011101000111111010011010001010110001
0010100110001100011000100101010000111110111011010110001010011110
1110000100101001011111111101100001011001110101110100101100010110
0111111110011001100001101110001100110111001000101011110010001010
0011100010111111001100001100010110101101001011110100001111111101
1010010000000101111011001000000000011001110001110000100110001100
1011110001011111010111001000111011111011011010101010101110000010
1100111111110000101111100100100100110010010010000100001100101000
1010010100011000101000110110111010001010000110001100000110010101
1110001010110000110100101111001111011010100010100111101001110101
0011011100111001101110110110011000011000001111111000100110011110
1010100011000010010000001010000111011011100011001000011111111100
1001111000011001010001100001000101011011110001011011100011001110
1001000100100110010111000101100100001100010001101010000110011000
1101110111001010111010101110110000010101111011100101101100001100
1000101100001110000000011110010010100001011011111011111101010010
0001010101001101001101110011110001000110110001100000010000000000
1101100110001000001111100110100101101100100010110001111101010101
1010101110101000000111000010111111010011110101011110001111000011
1010100010101101010110001100000000110001110111111011100100100001
1101111111110000100011110111001011100100111110010011010101010110
1110101000010000010101010011000011101101000001010110100010101101
0111001111100101010100000110111100000011110100100010000101010100
1111101010111000100111010001101101011010100011110000001111100001
1110001011101100110100001000101011011110100011110011101111101111
1110101110100100011110111101111110011101111010111000100011001010
0111010011111001001101100001110101010111101110111011101100111001
1000000010010001011010000001111001110111010001010000011111000100
1011111101011001001101001111110111000101011111100111011000000110
0001111011101001101101000010001010010111110110001100100000100101
1001101000101101000001001000010010111110001001010000000011100001
0100100110110000010110011011110111101011101010001110110001000001
0011000110110101111010010010001011011101010000100000011101110001
0000101101110000011010100011101101001111000000101101111000110100
1110101001010001001101111010111100001010110011100101111001011011
0001110100111100100001000010110100000101100011011011010010000000
1111011110001010011111101010100001100110010000001000110001001011
1111111001100101101010010011101011001111111000000011100010000110
1001001101101011100001000001001111110000001111110011111000110011
0001100000110111000001011101101101001111001000110110110111101000
0011101101001111000100110000100100011000000111101100110000111100
1100111011100111100110001011001010011101101101110011010110100111
1111011011100110011111010110010111000001010100110110111001110011
0100010101000100110000010010111110001111111110100111000010101000
0001001100111101111011101100110110100001110110001001101001000110
1011111000110100011011111011101100101001011010000000000110011000
1010000110011111100011010110011111110110100111110000010000001100
1100000101101000001100010000011101100010101100011000010010101100
1111110001110100100101101000110101011001010111010111111001010101
1111000000101111010110001010000101000011111011111111001000000110
1100000001001010000000001011010001001100110000010011110100011011
1111100111110110110111001101001010011101111001010100001100001101
