0111100001100111101011111000110110100100100011011100000010110001
0001010110001010100001100000010011111010100001100111110100110100
1101111010010101001010111101001100011110011000101010001101011110
0011110011001100000000101110110110101010001101100101111100111101
1001110100000101011000010000010101110000000011111001111100011001
0010011101100111110111110001000110010111010101011010110100000010
0100110010001000000000011111001100111000001010101100100011011010
0110111110101111111100111100100001111000001110110110111001110001
0110000001010010001001100110101110000101001010101101000110011110
1111101011010011101110111100101010001111111000101011101100101000
0010101100110001000111111011001110100110110100100110001101111010
1010010100111000100111111111101001000111011111001101010011111001
0000010111001010000000010011111000111001001100011101111101101011
1010101000011111111100111101110000000000110011101110110000111111
1000001100101101100110101001101010001110111110010010011001101101
1011110101100010100000101110111001000000111000000001001101010111
0110110000101001111111000010110010111111111100011000111111110111
0100001001001100010010100011111111000100111111001010001101111111
1110001011110100001101010000111000011010000100101100101100000101
0100010000010111110010000010010100110110011001110110001011001101
1100000000010100111001101101011011101100010001110111101111010111
1101000011110111101011101110010101010001010010011111101010000000
0101011111100110100101011001011101111111101010111000011001100001
1111100111010011000100110010100000110011000000011111111010111100
0110101000110100111110010111100011001111001100001100101010111110
1011011100110010010001010011000110100000010001110010110001111111
0111100111110001100000100000011101000011011011110101001110110110
1010010010101010001101010110010101011000001101111100111111100000
1010101010101001000011010111101001111100110011110101000000010111
1100010010100011100010011111101000001000010010111011011111111101
1000011011101110001110101101000111110001101110000000111111110000
0111001111011001011101011100100011010010011001101011101011011101
0010000000010000010010000000001110111011011101111100111010100111
0111010100001011100001010110011100101110111000111011000001100110
1110010010011110110100011101000000001001001101111010100111110010
0110001001101000010100011000000011001100111010110010100100001000
1010101001110101110010011100111100011101111010011101011001101110
0001100100101111001100111111101001011000000111100101001001101111
0111101001000111100001010001101001100000110101110010000101111100
1010110010100011110001011110001000010010100011011010111010010010
0010101001011010110010110010011011101000011100110000101011010110
0110110001100011100101110010001010110010010000011100111000111000
1011000100110100101011110101000011101001110000010111000100100001
0101010111100101110101100111100001010110100001100111110110010101
0110111110101100111101111010001011100100000001101000001010110010
1010100001111001011111110111101101111110111110001011001111010010
0110011100010101000000010110001000011010100101001101000000011101
0100110110100000111100000110001010100101000111011110101111101111
0111001101000010010111000000001100001110110101001101111001100000
1000101000101110010001010111010100011100010000011001000101010111
1100110000101000010011111101111010001100011001010100011001000111
0110000100000101101100010101110100000110010111100111011000001111
0100101110100110000000111000110011001111111110110111000111000110
0000000010101110011111010010101011011110111010101001110011010101
0011100000110000110010011001000101101001111010100111011101001100
1101101110101100001010000101110100100001001111101111110000011000
0101100110001011010100110101010101001000111011100001100110000111
0000010000100110000010001110101111000010010111101110100000011011
0011111010110110010010000010000101001100100111011000100110111000
0001100110101001011011111111110101111001011111100001110001111000
0110101100011000111100000101101010000110000100101001001110101011
0010000011000001101111101001111011110110101011011000101111010001
0010101110101001101110000111011101100010001000100011000110001010
0101110000101100001100010010011010010100110001100001001011101010
1110010110011101100101001001000100110001111000111001011011010000
0011110110110001111100010100000111111000101000101100101001000001
0101011001001111100110111111011011001110001010010100111000111000
0101110011011111000100010110110101011001111000110011000111011110
0000001011110100001101011101100011110110110101111000110111101110
0111011101101010001110011011100101010110010110100011000110110101
1110010000010111101010101101100011001101010000111011101000000010
0101000110000100100011110000010000011100000110011101110100001000
0100000010010101111010000001011111001111010011100010000010000111
1111110010011110110111000100011011110001001110110001100000011000
1010010010000111110101001100110100101100100010010101101110100011
0111100010011110111110011101011100101100111110010111100110010010
1001001010100001111000010000010100000000110010011100001110110011
0110101100111100100011000111110001000100110101000011110000011011
1001101000000110000011011001001100011111101111101100100000110000
0110110010011010001111001111110000001011011000111101111001111010
0110011101000010101001001001011001110111000101011111011101111000
1100110000110011001000000001001001110111111001110100001000101111
1110110011010100010001101101111101000111101011111111000001111010
1110000110000001000111110100110100011101110110001011101110010001
0001010111000011101011101110000010100011100111111111001011110110
0111101100011010010011101110110101101101000001001100111011111010
0101000001011000010110001001010100010111100010000100101111010001
0100000011010001101000011111100111101110010001011100111110101101
0000110001101010011101101101001000110110110011111011011111011010
1111100001110101100010110100111111110011100011011110010101100101
1101100101000001111001011001011011110101010011010111111010011101
0000001101000010010101000101100000111111001111001111110100011110
1111011111111111001100100000100001101111000010011000111000111110
1100111110101101011001100011010001110110011011111011010111010001
1010110000001011011101110010111000111011010101011111010000001110
0011010111011110111110000011011111011011111110000101100000101001
1110001101011110000111010011010101011100111110001000101111110011
0010110100001000000101100001111100011100111001101100010001000100
1100110100011011101111100010111111111011011001111001000010001010
0100110110010001100101110110010011111101011100100111101110011000
1010000011011011111100000111001010010111111011000000101100111101
1010111011110000101101100100101011110100010011000000010101111111
0100011011100011011101001110011010011111110011100000101010100111
1111001010101000110000110111010110011000110101000101001001000010
1010100000011010100100111110011110000110001000100001100101001000
0001001101101001110111001101000100000000001100110000110101111000
0011111001100111111110010010011010000010010011001100010011100011
0101001100000100010001110101000001110111010000101110001001110111
