0011000101110010010001011011001111001000110110111000011011100101
0000011011000111111011001010000010000011011011101011110011011011
0111100101010010000110011111010101011000101110100111111101111010
0100101010000001011001111001101010101100110101000110011101101100
1001110111101111001110011100101110000000000010010110101110001001
1101010011010110111000111011011011001010011110001011000011101000
0110100111001010101101101000010101000110110101010000001110011010
1110101101001011010010010010101110101111111000110000110101101101
0111001101111010101101000011010010001101110100110000001010100110
1100011101001110111010000110010000110000100010010100000101110101
0111110111011010000010000011111110111010100101110111101111010001
0111101010011111010101111011111100011011111001011100011000010101
0011111101100010101110110000010011001101111011111100000101000110
1000010010000100001101011100110001111010101010111111110100110001
1100000110011100110111001111101001000011111101101101101110001011
0010011011010100100011010000011000101011101011110111100010110010
0010111011110111110001001001110010101111011000011101100100110000
1101010000100101111011000010110001110101001000100110100010010011
1000101000000010100111000101111010000010110010001111010001010001
1111000110010001110001010000000101111100100001001110001001111100
1111101111010110001111111010011110110001111110001100110010101101
1000111101110011100111010101011110100001001001111000100101111101
0001100000111110100011100100001110111111001100110011011110100001
0011010001011010110000010010101010110110110001111111011001000111
0011001001010000001001111111111110101011001101110101010101101110
0111001011111010110101101110001011111101101101110100011100011110
0101001001111100000101000111011011011010101000111101110010011011
0011111101111100110100001110100011110110001101101011000000010101
0000100101011011010010011001111000101010101000101111100101010111
1101111100010101010100110111000110110100010100101111100101111010
1001010011111100101010111100000110110010010000100101001000010111
1111000100011111110100110100010111110110110010011011011110000110
1111100101011001001010100101011001110100010111100011110000011001
1011100101000011111001100010011011110000111001111110101010010101
1010110000011011111110100111110011110110100010000001011110000110
0010110001110100010100100100101000111011000010100011101101000101
1110000011111001001001111111110101110010101111001001011110011000
0101110100100010111101001010010000100010000010101000100010111111
1100011110111011111000100001101001001111001100101101001010100100
1111100001000111000010101010010101001010111011001100100100011010
0110000101111110001001010110010010111101110110101111111110100010
0011101011001001101101101100011101011001010101110101100001110100
1100110011000110101010010000001010100110001101111011010111001011
0011000111110111000001110000011001010111010001100100000010010101
1001001110101000000111101101110100110011110110010000010100010100
0000110011001010011001001110111001000100110111010011000001000001
0101110000110000101111111110010000011000101011110100010001000000
1010110010011000010110100000111010101010001011111100001001011011
0000110100000000111100100101110010100010011110001111101011000011
1010101010010101110011000100110011110111000000111111010101000110
1000101010011010100101111110111110100110100000010011011011100101
0010111001101101000100001001101111101110111111010101011010010101
0001101010000110011001010101010110010001010010011011010010010010
1111001010001010111110010011000101100000100001010110011101101110
0000111101110110010011001100011001010100011110100100101110010101
1101000000000011000000111110011011001100100101111101110011101100
1001010011111101110110101100100010011100000100101101010011100001
1111111011100011101001101110010100110010111110011001101011110001
0110011111010111001101001110110111110011110011110010101110011100
0010011100000010011011001101100001110101011000111001111000110111
1100100101011101111110100001110011001101110011010101011101010011
1111110100100010100111100100110011001011101001101011100101101101
0100010110110000000011001000011001100111100000101001111000010001
1111001101000010101100010010110000010100100000110110100001011100
1000111010111000100010100000101110110001100110101101111101011010
1111110011101100100000110110011100001010101111110000110000101101
1111010001110111001000001010110110100111001001111100111000101110
0010110011110010000101001000100000001101001000110111001100100101
1000011100000100110000001001011001000110000110001100100000100110
0110010100111010110111101011000110101110011110100101001100010100
1110010111001010001100110111010011111011111000011101110110001111
1000101110010110111100110010100111001111110111000000110100110011
1110010010110111100000010110010000001111110111100001101010111100
1001000000111010001101001011001000111010011100111011000101000001
0100000100000001100101110011010000001000110100110111010000110111
