1011100100011001100010110110010100001000100001010110100100111101
0101111000110011010101001111010010101111111100110100001010110110
1011110011110110110000000110111111000001010110101101011111111100
1010111011100010110100101100000110101010000010110010101111001001
0101111011000100110110100000011100000010010100110111010110010110
1111011110001000010110010011100011111111100010011001000011110100
0111110110110011011011110010000100101010101101100000000101110011
0110100101010000001000100110100100100011010010110100100011110011
1001110011110000011110101011110001110110110000101100101101011110
1100110100100110000000010110010001110000000001010100001011100100
0111011110011111010100010011101010000010101100100010101101000000
0101110000010111100101111010011110110111010110011100000111000110
0001000000110001110011111101100000011010011100101110111011100101
1010010100101000111111011011000101000111101010001111001101011110
0010010111111110100010011000110011011100000001010101010101111111
1110111110101100111111110100100101110001100010101010001010011010
1101110101101001100101000011000110010011100001100100010101011010
0110010111001001000111010011000001111101110101101111001001010110
1101010011010111001100011101100011001111000100100110101110010111
1101101100100101000101100000010001011001111000110000011010110000
0110101110000110011100000101011111111110111010101010000010111011
0101110010001011110011111101111010011000001100101010101010111010
1101010110100101001111010000001010110100110010000100010100010010
1011001110001011110100000001011001011110001011110100001111100111
0110011101010000011011010111101111010010000010011111100001100001
1101100111000100110010011100110001101110000101011011101000100000
1011111010100111010001111110110101100000100000100010110100111110
0110010110101010110100101110110101110101110100010111000111111100
1101101011100110011101010000001001100100110000011111001001011101
0011110110010110001010000001000001101100001100001110110000010010
1101011000010110011011011100100111111010011100111101010101101010
1101110001010010101110100110101011100000111101011001000011001100
1000111110110101100010010100100001110100000100001101000100110010
0010010001111000001000010010100111001010100010010101100011101111
0000010010111100000100011011101110010000101000101000011011110110
1011000100110101001010100011100010111001001000011110011100100010
0010011101011011011001110000110010001100011011011100010011110110
1100011001100111000010010101100111001101000110001011010100000101
0100000011101011000111110010111101110011100011100110101110011000
0111001110111001000000001011101000000010101001000011101011000011
1011111011100010110010111000010111111111010010011001100010001011
1001010110000001101110000111011111110011011001000011111101111001
1100010110101010000101011010101111011110111110100101100011101011
0011010101001111010110010010011010100101000101110111100000010110
0110010110101100100110011000111000011010011010101000010000110011
1110101001000001110001101100110011101110110010110010100101001101
0111101100110010010001001110010001101101001010011011100001011011
0011011101100001001100111111000010010111010001010101110101000111
0111011100110010011000000010001000001010110111111101111100100001
1010010011100111110010100101100100111110101001000001100110110010
1010101010010001110100110111001010001101111101101110001101000111
1111011001110010100110001000001011000001111101011100110010101111
1011011010101101100100000010000111010111000111010000100010001010
1111100100011001101101011100100000001101010001011101111100110011
0001010110010001100000011011000100110111000100110111010100010010
1000000111011001011110011000111001001101011000100011100100110101
0111010100001110011110000001110111000111100010111100110001000001
0111011110101001010110001010010010101011001111101101110111111000
1000110011010010101100100111000010110001010000011100111001010000
0100100110101011100011001000011101100110101011011011110111001010
1110111010100011000111101100000000010101001010010001110110101110
1000111101111001111011011000000001010010111110010011101111101001
0001011101101101000110110101001001000010111010111001101110100111
1000110111000001100111001111100101111101101110101011010110101101
0000111111000110110111000100100001110101000011011001001101010000
1111000111110010000100000010000101001001100001101100100110111001
1001111111000110001000110101101011111111010001011010100110100100
1111100101010000011110000011000001111110110110001010010010010010
1100111111101011111000001010001100101000011101101101100011011000
0011101000111010001011001001010000010001001100100011000111011010
1001100110101100110100101011100110010010000100100011100111101001
0101100111111011100001111000010111110100111111101010110000101001
0010011010111000000110111011111100011001111110111011110000111011
0001000100111001011011101101101000101011100111010011000111001101
1001100010100011100111001001101101100011011111110110000100111101
0101110001000101000110111110010011110110000010111011111101111001
0011101111001010011010001101101000011101001110000100110000101001
1110110110010110110000000110100000110111110110000001101001010101
0100110110111110100110000000011001110110001010000100011001000100
1101110101101101001000000100100110001010011100101110101111011000
0110101110101111110001111110100001110101011000000001100110001101
1111110111000101110101011000110011111010100101010100110100110111
1110111100000011110010001110000101100011111111111000001000111111
1000100001000000011001110110101011000011111111000100000101011000
0101101001111000100010110100101100101110111101111010110100100001
0000110010110001101111011110111101100101111011001000001000101101
1100011101010101110110001111101100101000110011110000010100110110
1100101111011111100100000000011111110101010000001100110111100110
0001001110101001100000111111000111110111001001011001100010101110
0011011110001110101101111010000101000111111010101010000111011011
1000010100100100100000010001000000110010011000100011001100111001
1101110111010011000000011101110010110110000011111011011001011010
1110110010010100000100110001100101000010100010001111101010000010
1000101011110011010111111010010100100110011101010011010001101000
1111110100111111110111111110010011111010000111010010010011000000
0101011010000110111010111110010100110111100010001011111000101101
0110100101111010001100001111000100101001011001100111111010001110
0100000101111001110111101110100011110111001111010010101001001111
0101110101101100100011000010011001100101101111100001001100111000
1001000000010011100101011101110011010010101001011100110000011110
0101110000100010010011010001100011101111001101111010011010110011
1100101011101000001110101000011101100111111010101010111101110000
0111011001111101110000111001010010101010111110100011000110000110
1000000001000111100000110010001000111001101001001111000100011110
0011001111101110101101000010111011001011010001100111010100100100
1011010011010001001000101110000110010000111100001000000111111010
0001110100000101110110000100001011000101110111101110001011110101
1111001000110010010010010111001111111111011001010101001110010100
1110100100001011101001000010110010101011001110111011110011000000
1000100101101001000011011001110000011100111010111011001111010100
0110001011110010000001101100010110011001111101000111011110101101
0101111001000110111001101010000001010100111010001100011000011011
0010000001000100100001010011000000001001101100001111110011100100
1000111111100000011010100110010101011000111001010100100001111101
1000011000000001010011110010011110000111101010111101011100111101
1000001100001100110111111011110111011001101110110011011011100011
0101101110011001010011110000101110111010110111110110010000000001
0111101010001111111010010011111101010110100110111000001100010001
0011100101001001010000011000001100110001000010001101000111010111
0111000101100000010010011000110101100100100100111111111001100011
1110000101101001001001001001000110001111011011000011011101001001
1110001111010110000011110110110000101001100011010101001001001111
1011010110110110011000000111001100100101101011101110111011000000
1010100101011110100100001001011001110110001111010001001101011111
1000110011010011100100001001011010001010100100010100011011001001
0101111010000010011110011000010100001110111001100011000000100010
