1001110010110000000100110011110010101011000110100100000110000110
1011001001110001111101001101101000100000111000011000011100101110
1111001011101111101110001110101101110000111100001011001100011111
1110100100111000111010101001011001111011010100111100101101111011
0001100011000101111011100010001110000100111001001001101101100111
0011100101101001111011011111100110011001100011110011011000000110
0100010111100000001111100101011000011011000100110000110111001110
1100011101000001110110000101011110101000001010100100010001100000
0001111010100100000100011100101010111010101011011010001111100111
0101101101010110101001100000101101011001111001100100001001011101
0101110010111111100101111010110011111011110001110110011101011010
0010000011011010110101011111010000000101111101010100010000010110
0100111101100110011000011110110110000111011010110010100011001110
1010111110000111111100010001110011101011100110000010111010011010
0010100111111001011011111001100001011010001110100111000000100010
0110110000010000000010010011010101001011111100111100001000100111
1101100000100011100001011010011110001110110001010101001100001010
0100100010010101111111101111001001100111001011001000111011111011
1001110111010010101011000010010001010011001111010110010110010011
1001100001110111010110010101110100001010100100001100101000010101
1011011111101000110000010110011111110101000000010011001001101000
1101110111110101100001001000010001100110100000010000010101111001
1110011000101111010101111010000100001100000000001001001000011100
0011101111111010001010010110011101001110000000011011101101011111
0100011010001111100000010101001001101111111000000001011111001110
1111011001100000011100110000011111101100100110011011001110110011
1101101110011111010101100101010011110110011001100000110011001111
1000010101110100000001101000001010100001110101110001111111001111
0111010101111000110101010110000100000001100011001010110001010101
1000000101011000010011110011000010010110011100001100011101100011
0001000001001111110101001000111100011011001011011101111010111101
1100001101000101111000111010001011110000011110001011010000000110
1001001001111011111111100100101101000100010010100001101001111011
0001100011001000010110101001110011111001010111100101000110111010
0010101111100100110111010011000000111100111101011010101010011010
0100100011111010111001111100101001000110011100011111001110010000
1100011001111101000001001100100010101001111111100110010100111110
1110101110001101100011011101010011011000101100110100001111010000
0100101110110111011011111111101110101010111100111011111011011100
1111101100000111100111110000000100110100010110110010000001001010
0010110100011001000101101100110111000011000100101000001110010001
1001110010100100011110010110110111000010110001101111111100001100
1001001001010100011001010010000000011101000010101010101110010101
1110010001111001010100010010110111010011011010100111110111000111
0010110010100101001000001000110011011010100001100011001101101011
0010000101100100001100101010000000001111101001000010001010000001
1010111011100110110111100000110110000001000010000101011001111000
1111010010110100000111000000101011100000000111101100101110101111
1100101000000000110101001011001001000101010110101010110001101001
1100010000000001000000100010111111011100011101010110000100100111
0100111101111100100100110110010100011101001000010010011111001011
0101011001011011110011100101111010101010000010101000000010101110
1111100110010111011001001111010111010101000101101000011000101100
1100001000111011011011101100110101101011001110001000001110011111
1110011010010011100110111010000011110100010110011110110100010111
1010111111000000010110101111001101110001110100111111110111110111
1010101101000100100010000001010111000111010111011110010011001010
0101100010000011011000111101110111111000011011100101111011001000
1110101111011010100001011101010010000010010010110100011111110011
0000100011101101000001110101111111100100000010010011111001110101
0110001110011111100100101100000011010111100001000100011010001110
1111110010010001010010010001101010001011100101100001001101001000
1110010101000011110010001100110000110001010001011000100000001101
1000110011101001110101001111000110000110101011010010010100100000
1011110000010010001010110110111101010001011101111101000110010010
0110100001100111110010111010110010010010010111111110001011101011
0100100100001111110000001011011010001010111011111110010110010110
0010110111000001000011101011111001000010010101011011011001001001
0001110010010001110110111100010110010101110111100010001001110001
0100110010101110101101100101110000011001111001011101100011101011
1010011101101010110100101111100110011010110011100011000001010011
0110111111111011001111101111000100000010101110010100010101110000
0111011100111001011011101111001001101000101000110100010001011110
1010101000010111111100110100001010100000000011001111110010011111
0010000011111100110100000100110011000100001101010000010110110111
1001010001010101001111101100110011001100001011001011000110000010
1000100111001010010000011110010000011100001010001100101110100010
0011001101000000111110100110111011010011101111101011100010000101
0011000101011010101111010001000101100110011001000010001111111101
0011111001010010101110010100110000111010101010001010101110101100
1101110110100011010011101011000110010011010100101111100110110111
0011111010010100001101110011100000100000101100000101111011010010
1010000011001111110100010001011101001000010110010000101111100010
1110100001001111100000010010101110101100001100010000100001111010
0100111111011101110101100011001010010011010011100010001011100110
1100000010011101100110100110011111011111000111000010111100100010
0101000000011011001100000001101101010000001101000000000000011101
1101111111010100010111100111010111110111001010000000010100110000
0110000101001111110011110001100100011111011100100101001011000111
1011100010001100100011100101001110101101110110001100010111000000
1000110101110001001101100100011001110101010110001111100011010100
0000110100100011000100111100001011010001010111000111100111101001
0111101011101111100110000011101000100011011110010100000111000001
0001111011110111011010011001011011010010110001011101101011000111
1011011100110110010001101001111110000100111001101011010011111010
1100100010100101001111011110000001011110001101000001000100100100
1011001011000110110011000000100000010100010101000101000000000110
0011011111100011110010100011101001100001110010100010110100111000
1000000101011110111001101101101001111101011110010011101110000000
1011000101000011000001001100000110110011100010000101001011100100
1000100110001111100011110100111110011000000111101011000001000111
0101100111101100110010100101011000110101001101100111110010011100
0001010110001110000000010100101001011011010010010111011110110001
0110010011010100110011110011100010110010111100001000101001000101
1101101000101011011101110011001010011111100110001101010011000101
0001011010101001001100100011101011010011011110101000011001001100
0111110001110001000001111010010010001000001010100001111110110001
1001111001110001011100010110001100110110100001110110000111111000
1100011110000011100111110101111110100000011110010011000000000110
0001011010010110111110101111010001001111111011001111100111001110
1000011110100100000001101110001110110101001011010001010011100100
1010110100010100101101110110000110001111011110111111000110100100
1011110100010100111101110110001100110110101100100010100101001001
0001000110010100011001111010000100011110111011111110110010011000
0100001101000011100010100101111001110111101100111010001110111100
1010000110010010100000000001001000000011000010110001001011001011
0110111011110011101000000100111100011100100011111010100111100101
0100101111100110100000111010100010101011111100110001110111110101
1110100010001110110010100100000001100001111010011111100101101111
0011111111110010000010011011001101100001101001100110000111011100
0100101000001110101010111011111111010101001011000111000010000111
1111001000010001111010110111011111010100100100000100011010100000
0111000110101011111111001110011011000111011000010000011010101011
1100101011110011110001001001110110111011010110111100111101011101
