1011001010101110011101101010100111000111001101101000110000000100
0101101101101101010000111001010101100100011110000000011001110010
1000101101001101000011000111101010110011100111010011101001011111
0000011110000011000000010000010100111101100010100010010100110111
1011010111101111100101101011111101000000011000110101011101010111
1100111111101010110011000001011000110110001010100010001100001101
1011000010101000101111101101011101100100100001010111100101011000
0001001101010010100001011100010001111110011110111011110100001100
1000110101000001110111101000111010010011110010011011011111111011
0101101011011000100110001010100111110111110100010101000100001001
0011001011010111000010100001000001111011011010100010010001101111
0011000101000011100100011110110010001110010101110111100110101100
0000001110101001001011111011010100011010100000010010100111110000
0110000000101100101110101110110010111011010010010010000010111000
1000010100100101110101110011000111101110000001000111011010001101
1010110001011101011001111100010110011000100100010110110001101010
1100011010100110110111000110011110101001100001011101011000010000
0000010001111100001101100110111101100100110001010011111110011111
1110101100100101010001001101010001011110001000100111101111110000
0100110100110001000001000111000000000101111111010111110010010010
1111000110011111011100011010111101111101111110010110000001111100
0111011001101010111001011011011000001001100100010100110101011001
1000100100101011111011011100000111101101100010000001010100100100
0010111111010011110101110011001000010100110110001011101010010010
1100000010001101001011111111101001010101010001001000100111111100
1100110111000001010001000100100111101010101010011100011110111110
1111101010010100110010010011011111001111110001100010101000101100
1101001101100111010111010010011000010001100010111011000111101000
0011101000010101000010100010110001111001011110101101010101101111
0110001111000101110001100011000101101101101101000011101111001010
0100010110110011001011011110101010010011001011001100001111111001
0011011001000011000010001101100101010001011111101001100000110110
0100101000010111011010101010000000000001011111100101111001111100
1111000010001011000010000111001110011110101111111100110001010100
1101111111101010100111000001011111011011101100101110011001101001
0101100000001001010011011110011110001111100111010011000101111101
0101110001010101001111001011111100000111111000001001000110001100
1111011100011001010101001101101010010111101101001100100111001100
0001110110011101100010011010110001100110100011100111011111000010
1001101011111110100011100110010111011100001100010111100111100111
1000110100001100000111110100011010000000110101000001011100111011
0111011011001000111001110000011101011001011000010010011101001101
0000010011010010110011000010000011000101001010010101000011111001
0000100010101000111000100110000011100111001001010000001111100000
0010111011011000010011101011000000001011000011001101011011110100
1110111110100010101010110011000101000100010110010001100111000100
0100001101100001100111010111000001011100001000100000001010011101
0010011100001011110011101111111000001111001111010010000010111011
0010011100001101010110111010001010110000101010010111101100110110
1000010001000000010101110110010010110011000100000000010111000010
0110101001100111111000101111111001000111110011101101111010011100
1010101101110111110010011101101111010011001111111000101111001001
0100011011110110011110110010110101011100110010111010001001111111
1101010110100111000001101110000010010010111110110010000001111010
1010000110100110100000101110100000011000011011110000101000110100
1110010000010110100111110000001100000111001011011001001001010010
0111100100111001101111010011000001001100011001110101011001100010
1010010000100011111110100010111100101010000111111100110000111100
1001111100110010100001010011100111001110100110011100110101110110
0000111101011100001011110101000100000101111011100010011000111111
1010111001000000111101011010010001001111010011100111111110010110
0110000010110111101100100010001010101111101111100111110110001100
1110100110011001011111101010101011011011101101000011000101010101
1100111010111000001010000010000100011000110001111101111110111011
0100110000001100101110000001101001001010111101001110110001001010
1101100011001100100111000100101111010011001011010010111011001001
0011100101100010001011101011001001010000101110011100101100010110
0011111101111000000010100000000001001010101111110100011001010100
0100110001100101101101111111011110111111001010101101101001010010
0101111110101111001001000110110111001111101100001010000001000101
0000000011111101001100000001101000011110101111010111010011000010
0110010100001100000110010110001000101010011111000011111011111000
0001010000001110000101001000011101011110010011100101101110110111
1100101110011010100111100001101000100011010001000010100101111100
1000100101110110000010011110010001101101111101011010111011011101
1010100011010011011001110100001010101010111010000111110010010000
1000110001010011010001111010111100101110111010011011111000011001
1110100111010101111010101101011101000011100110011101111010101001
0101110001101010111000111001011100101101010101110100100100000000
1001011101110111000101100001111010110110100100101011001010101111
1110010111111101111100011110010001110001011111100010011111101111
1100111011010110001000100111101011011111000101001010000000000111
0111000011100000000100100101101000111010000101110111010110101001
0111101110011001001000000000111100101100011011000010001010000000
0011011000101011100010111111011001111101101011100001011110100010
0001001110101001100000011101011000101011010100110011000010110010
0000111010110000111100001101101000000111001110010111011000110110
0011101000110001001110100110001110110010110100110001111100100010
0000110010010000001100010011010011001111000111101101100011011010
1100011001111010010010101000011100110011100111000100110111001001
0010000100011100001110011111000000001110011101001100110111110010
1110000000110001010011010101010101111001111110001101111010001101
1010111100000100101111010110101010101101001101110101100010110101
1100011010110010101110110101111100110110101010111011100011110100
1010010001110000010001100001101111010011100000011100101111100010
1000010100101001011001010000010101011101100010110000011101110111
1110110001010100000101101000110001111010001011111000101010100000
0011010011101110111001001101011010100101111001110111111111101111
1001110011101000010001010011110100100011011010100011110111011101
1100110111001001010010111000010101000000100101111000000010000010
0100101100000110111010010100110100001011100010111001001011100010
1010011001010110111100100010010100000101110011111011101011010111
1001101010101100000101000100110111000010101100000001100111111100
1000000110111010011000101110011110100100001111100011000110001001
0000000100011011101011101100110011010000100000011010100011101000
0100000011000010101111010011001011101000000101011110110001110101
0001100011000111111100011000011101001100111001111000111000110110
1011100110010101001100100101111010111001101110001000010010001111
0010010111001010111110010111111100001010010100011001111000010111
1111111100010001100101111001010001011000011111001110011101111001
0011111110100100100100000100011011010011110101101111011100010001
0011011011101111111011001000010000100101111000110101000010000010
0010111010110100011011000001011110001110111011011111000010010100
1000001011010001001011011100101010101010010011011110110000010011
1100000010111011001101100010110011101011011000011000010001111100
1110010101000100010101001011010110010100011000010100011011101101
0100001010000110101111110000001011001011000101110101010000001011
1110111011100001110101001010101100011010111100100110000001011101
1010011001011011111101011100101001010010000111111011011000001000
0111101111000101001000000010110011001101111110001111101001001101
0101101100011001101110111100010110101001000111010000010010001010
1010110101100001000101010010000010111100111101010011110110101010
1010011100101000110110011111001111000001100010110001011100101000
0011001101010000100111100011111100100000011110101110001000101001
1100000110110101011001100011010110110000100111011111000000100101
1110101100100101001010010101100011101110001110110111000110000111
0111001101011001101101010111011010000011000010011111010101100110
0101101000011001000111011010100001000010001010000010110010001101
0110101000000111011001111111111000001010011011011011001111110000
1001101010111001101100000101111010111011001011000010011011000001
0101101011101000000001100010101110100011100000111111010110010101
0010110000001110001000111010001000111011101110000000010001110010
0011001010001011011100001111110110000100000010111000000101010111
0001001111111010100000100011101010110100011010011010101000001100
1100110001011110101010011110110101110110111001101101000001101110
1010011001111110011010111001001110011111110001000100110101001011
0001010100111011000110010111101010011010100101011001011101101010
0111000001110111101101000010110100100100111101000001000010000100
1111010100000110110000111111110111000011000101010100011011001101
0101011111001100010101011000010011100111111110100101001110001101
1011010101001101001010100111011000111111011101010011101011111010
0110110011111111010010001110001110110010001110110011011110010010
1111111111000110000001100010001010000111100110000100110111101011
1110111111111101000000010111011110011111111100000011001110100000
0011011011110110111001001100101000101111101001101011001000101111
1011010001101111010110001110000101010110010110110100111000101111
1000011001010010110011100111001000110001111001101000001110001011
