1001111001101001010010100101111000111000100001000011010011111101
1000101010001100001011111011111101000000111100001111101011101110
1101111000101010010011001111000001111010010111011000000010100010
1010011011111010011111001111110110011000000001101101000100001011
1100101010011000010011111011001010011001000111000111010010010111
1011011111010010110100101011000001110110111010100101000001101001
0010011001111110010110011111011110011011000100010010111000010010
0110010011110101100111101111010101000011001100000111001001111000
0100001101100100001110011101100010111001110100100100000100110100
1110000111000111011010010001100010010111111010110000011011011111
1110101001100000100001010000001010111011100001001010001110011100
1100100011111111011101111110111001100011010011011000011010001100
0110001100000011010100001111110010011100000000100001011110000110
0000110101110000111010101110001010011100101010110000101001010111
0110100100011011011111010000010010111011110110100001000111011011
0100010100111001000111000000001111010010101000000101001010101111
1010001001101110011010011100001011010100000111000000100001110000
1101101110100100101101111010000011111011000010110110100000100000
1001001100011000010001110100111101101100000000111111100000110101
1111010100111011100001101101001010001000011010101011001111010101
1111101110100010011101011100011001100110111110001011101001100100
1011010111011100001111100110001000011110101000101000101101000100
0100111111101001000110100001101011001100001010100001110001101001
1111001110001000111110011101111010100101101010111111010000110111
0000110010000111011111100111011111111010100010011010110100001010
1010111111000000100110010100001011111100111100101111110100101001
0101001001110111101001000001101001001101001101110010000000111111
0100110111010000101001101101101101111000001101011000110111110100
0010110001011011100111001110101101011001110111111100000111110000
1000110110100011101111101000010001110100001101000001011011011110
1101011000101010100111001000000001001110010100000101111001100011
0110101101010010111010110100011010111110000011000110000000001011
1101101111011111101000010110111011100101100101110101110100000011
0010000001100111100010000010000101100011101011010110010001101100
1101011000000000101111111111010010001000010110010000101001110111
1001001001010011010011000010010000100110111011111011011100110001
1100110100000010010111101011100111000010110000000110100011010101
0001010100000111101100101011110110101001010101111010101010111101
0101000000001000001111101000111001001000110101011011011100001011
1000010010011010011011111100011100001111110010110000111110101001
1001000001100000111010101111111110001000110100110001011000110001
0000101010011101010100110011011001010101011000001111101000011011
1001001010101011000011110011101010101001010111101010001111111001
0111010111011001010110101100000110000100001111010111100100011100
1110100001011010000101100001011001100100001010101100000000110111
1111010110100101011110001101000000110101101111000100001100011110
1000101010100111100101111011110100111110111110000110001001111111
0111110111101001101010100100001001001111100001001001110100101001
1111111010111101101111111101101010110101111100100000000110001110
1110111101101100001110000101110100000100011010110110110111111111
0110101101000101001101110101000101011011011110111010001010101110
0100000100111010111001000001101110011011100100101001000000110100
0100100010000101000101011011100100101001001001101100100011011111
1100110101010111110010101101001100100110110111100111101011100101
1011000110000101011000001111001000101010110111000111010110010111
0001101100111010110100001100101011110000000111001010110110011110
1101100100110100000010000001010110100101111000110110001010101010
0110000011111000001100011001011010001000010111011010011010010101
0011100101010011100000001010100110010111000000010110100100000011
1010001001010011010100000001111100100110010000110101010110110000
0101010110011010101000001010001011010001100110001100001100101010
1000101110111000010010110110100100101110110010111001000011100000
0000110011000111001101000101111010000110000101110010010111100000
1001101100101001101001000000101010001010010011000010111100010110
1011100101000100101111111111100100101111101001101110110001001110
0010011111011110110101101001010001100111110010111111100001110111
1011100111010001100000001110010111011010111101010110010111111101
0000011101000000101100111101000000011010011110101111101110000010
1011110101011011011111101001101010101110100110000001100100001111
1000010101100001101100111110110111110110100100110011001111101111
1100111101010100110110001000000111001001000000010100010011101110
0011010011101011011100110111010101111111101001110001001010011100
0110111110110100111101101101000100000100011001110100101000010100
1110000111011000111011110011111011000111101000110000011000010000
0101001101011011110010001100100101101101101011011101001001000010
0110011111001011010111101010010000111000100101001011000100001011
0011110000010110110101001110100011101000010000001101111010000100
0110100010001111001001001110011110011001110100010100011100001000
0010001010010001111010010100011000100000001000101110011001010110
1111110000010110001111001001110100110011011100111010001100110011
0011011011100001101110011010101010111101100010111001100111011101
1100010111000011000110111011001001111111001001111101010000010101
0010101111010100111111010000001111101111101111110000111101111111
1110011001110010010101101111001110011111111100110100001001111100
1001111100100001110011100110001000110011000000110010100000101011
1101111100110110010000011010011110110110010001011011101100010001
0011100110111000100111001100000100011110001111110001010000111110
0100100010100000011010110110100010100001010100001111000011101101
0110000110000100110010110101101110000010111111101000100001011100
0101011111011001011101001101010111101001010010001011101110011001
1010011000111101010111110001110011001101000000110001100010101101
0001010001100100001000111111011100000101010000001011110011001101
0011101011100010111111111000110101111100010100000111011100011111
1001010100010001000010011010111011111110101111110110000010111110
1011001110010101010001010010001010000110110010101001001100000001
0100000101011000111110111010001011111011001000100110001011101011
1101011100100110011110111011010110100011011000101010110011010100
0010111000101010110110101000100110000000000100011000010001011101
1111011000011111111110000100111111110000110101111100001010100010
0011101111110100100011011001011111100101010001110011010100011111
0110101011100010110100000010000010011011001011001001001011110110
0100000000111001101111101110001000011000111000110010101000011110
0011010011110101011110001101010010100001111100111000110111101000
1001001111100110100110111101111101001010100111101001100011010001
0110011101111111010010111001001000001001100001011000001101111101
1000100010111001101110001111011111000001001011000100011110011100
1001101110111010010010100110011101110110101100011110111100010100
1001001100001000001011000101101000001010110010100110101101110101
1011001110100111110111110100110011110001001101001101000000100100
0010111111110111100110100010100010010111001001000101010010100011
1110001110011110111101100000001000100101111010100010100110111101
1101101000100000110111111101001100111100001011101001100001000001
1101100011010010011110100000011110101110011000000000100011001100
1111110101110011010111111000100100011111100011001010100011001100
1001111011001001101100010011101001001011111111010010101100001110
0111001001000100011110010000110010100111110001000011111111011100
1101111110001011110011010110111100001001011010010001111110011010
1001000110000010011110100010110010100011111101111010011010111011
1011100110000111110110101110010111100111110001101110000000000001
1001010010000001001111001101010001100110010101101100001110100011
1011101010010111000110101111011010000101101100001100101000011010
1100100010101001100111001000001110010100101010100101011011101101
0111110100011010000101110111000111001100110001100011000001000101
1001000111100101100010100011100001101101010000110011110000101000
0000111111000111010100100000110010010110001100111010110100111111
0001110011111101000001011010101011011001001000010110110010100000
1011011111100100101010001110000011001100000011001100101111110110
1111010111101000101110110110101100001101100001000011100101101101
1101011010110011011000100010011111001010000110010111111011111000
0011110111001000111111101011111010000001011110010110100010110100
0100010011010110110001110111001100100011110101010011001110111111
1100100000010000111100011101001111010110110110110101100101001000
0010110110111100011010001011101010101110110000110100110101010101
0101100011101110000100111110110110011111000010010110111010110111
0010001111111111110010100010010101011111101010001111110110111100
0101010111100000110001010101111101101011100111010001001101001101
1010010001001010001010111011001111010100101011010100111110101000
0111011000101011100111011010010100010100100110101101110011110111
0001100001011011000110111000011001010101100111100101111010101011
0110110011001001001011111001101100011001000011101110101100111000
0101100111000100001001111011110110100101110010011111000000110010
0111010100001010100101100000111101110111101010011001111101101110
0001010100011001111010011010001011101011011000111011101001100011
1011111011100001011001101111000001101000001101010110001100100000
0011110010110010001111110101000111101001001101000101101100000111
1001011001000111001100010001011001100011000011110101100011010011
1101011001010110000011000101110111111101000111000111011010001110
0001110111110100010110101011111111001100000111111100110110110001
