1011000101111110110111110111111011010100011011111101001011101110
1010101011100110001101111100100000110101000110000111011001111001
1111001100110000001110000110111111111000000101010101101100100100
1101111110000011110010001011001110101100101010100011001111101001
1010010110000000001011010100110100011010100000100001110011111011
0000111101011001001010011001001000000001101011111101110101111110
0001110101100100110011011100101101111100111000000101010101001000
0100011011100011001001000000011010110110001001000110110010010000
1110001100111111100111100101111011100010110101010000110111010001
0000110011101001110011100100000010101011110110110101001001001001
0110110111011010001001111110111000011010001001110011010000001100
0001101000010000010010111000111101000000000010010010011111111011
0111010110000110101001101101011000111010000110110110010110101111
1110101011111101010101111010010110001001000000001010101110000000
1101100000100100010101110000010100101110001110110100010011101110
1000011011010000100000100110101011000000000010100100110000111111
0010001111011011110011011011110101111110100110011010001001110000
1000100100010000110000110110101110001110001101011010111011001110
0000011111101100100011011010111110001001110100000100001110010010
0001111001000001101100111001010010101010100110000100010011101011
0100111100001000100110111111011001110110001000111000111010010100
1001000001011101101001011100001011111011001010011001100101011101
1010111001010001011010010010010111110100100110101110101011010100
1101000110100010100101111001011011011111101111000011011110001000
0111110111101110011110110011110111000000010100111001011011101000
1100011001111000010001011010111011011101010011110100000101111011
1110011111111001101010011100101101000011001111001000101110110011
1001101110011010011011110001011110111111011000000111100010010011
0010111110110010100011001111011100000011110111010000010110010010
1110011000000100010001110011101100111111001010110001101101011010
0001000010100011001010110000011110100001011001010100000110010110
0001001010100100010100010100101010011000100001000100000001010111
0100000011000001000101100000011101110111100101101011100001101101
0011100000100110100000110010101011001011100001110010111110001000
1111110010110001110000001111000101011111100101000110101010110101
0111010100010101110001001111010110011110101101111000101001011100
1101100011011101110010011111000011010110110101111000010111000111
1101111011001100000100011000001000110000001011101111101111110001
1010001011000111110000100010001001100110011110101010000011001101
0110010110011110111101010010110001010110101101010111100011110010
1100010010001110010001011010010001100111110111101011110010011100
0000101110101000010101000000110101010100010010011011101000000111
0110101111001011001111101000110101101011101001101111101010111010
1110100011000010010110101011010110001011011001000100011100101011
1001011111010101000110010000110111011101010100000110001111101101
0100010101011000100110110000011011001010001100110111100101010010
1011001000111100001010101000010011001111110001101011100001011110
0011101000111110010001110100111110000000010101001111100111110111
1011011011110010001001001000001001011011101111101001001100011110
0011111110001001001101001101001111011100100100010011001001101111
0111000010100001000001010110101000010000001001000001110111111001
0001011101111010001011001001011111010001100010110000000110110011
0101000011010010101000110011101111101001111000000001101000101101
0011011110010110001100110100100010011001011111111010101101110111
0110000100100100100000010011101100110110011011100000110000101000
1011001001100111011100011101110101100110100001111100010010111101
0101010010001100101000000110100110010000111110101010110001110010
