0110111001101010111111111110110110100100010100100011000100110101
0101100011010110000010101111000100111000001100001110010000101111
0010101001010010011001111001001000000110001011001010011000000100
1010101111110111100111001001001000100101100100111011000100110110
1010111101011010011100000111101001110111011110110011100110001000
0110011000100000110111111011110101010100101001011100110101011110
1010001001011111001000001010110010101010101001100000011011011001
1001010101001111101001111100011011000110101000011100001001011100
1101111101001010100010100101001110010101000101111011100010111001
0001011101001101110001100100011111011011000011111011011000010110
1001001010101001000001000101000011001001110101010110111000011011
1000011001010110110111100101101001110110001110101111111111010101
1010011110101001110010001101010110110000101001110100110100000000
1011010100000010010000011011011100011011001010110001011011000011
1101001101000010000110111000110010000000100011010011011000000101
0100101000111010111001010000101001100000110100111011010111101000
1110111010011011011100011111001111101111000111100100010011111100
1000111000100110010000000100001100000101100011101001110110110001
1001101101111000111000001110010101001111111100011010000101011000
0101001000100000111000011011010111010001001011001101101100001100
1110010001000011010001111010011110100110111111101010011010011000
0011011110011001010010111101011011000000101010011110000100111100
0001100000011010001001110101001010100010001110110111010110101011
1011111101001101101010001100011011100001011001110011011000111000
1100001111110010110100001101010101100001010011011100000110001100
0111010010100111011111011101101101000101010000101101011111001110
0101100101001110010001011000110011110100010110100111101110110011
1010001111010101000000001001100110100111001101000001000100110001
0101110001101101010101010101011010000011001000100010001100011100
0100100100011011110101000011001100101001101101100111110011001101
0011110000100101100100100101111001111110001110011001100010010110
0001000100110101011110000110101010111010011100000100111000011110
0111011001111101010001010101100100100011011010011001000110011001
0101001000010001110000000011111010111101101101101000111010000000
1100100100010010110000101000001000001011100111101110010100001011
1010111010101101101001101110000000011110000100110101011000100110
0001001110111011010011101100110101100111110001011010111111100000
1010001001110010001000000111110101100001011110101010011000110010
1100000101011010101010010111011101001001110001111010001101101111
0110001011011000010001101101001011000100101011011010111001110010
0111110100110011111000011100010010010000101110001111010111110000
0010111011110111010010010101101110101010010001111001000000100111
1110010110000011100111010011001100000000101011100110111001111001
1110101000011101001111010001011110011111001001011010000011101111
0011010001110010101101010000010001110011101001100001101110111111
0100000100001001011111101110111001011100110010110011110001010110
0011101100110111110001010010000010010101110100101110010010011010
1001110100010111001000110111010111011101011101010010110100010111
1010111110001100010001011100001000111100111110001101100010110011
1000111010110110010110001111011101100000101010110111011101011101
0101011011001000101111000011001001000011010010001010011001100001
1111110110011100111010111011000110101010101101100110110011111010
1111110011000000100111011110000111011111111011011110011001101100
1110011101101001111011110010011100001101100110110000000111111010
1110101001111101010100011101110101000011011100100010111110111101
0011101110111000111011111011010010011000000100110101001100111111
1110110000011000111101011011101000111001011100010101100001101111
0011011001000011110100111111000101010011010000001010011001111111
0011000000011011010010011110101111010010100110111001001100000100
1110011010011110111111010001000001110110011100000010000001010001
0000110001100010010110110010101010110100110001101000001000111110
1010111100001000001101011000100010100100101001010100011000100101
1110011111001000011111101011100010001000111000101011000111101000
1010001011111001000111101100000010010111000110010000111111011101
1011000000011000001011001000011011000001010001010111001110100101
1001110110100101001010100101100010110011000000011001001011000000
0101001110101001000011101000011000100111101001001010111011001111
