0101110101110100111000100101001010110000010100011000010010001011
1111100110001000100001100111111111101110101000001111111011011000
0111101110100110000110001010011101010011110101000100101011101110
1111011111110001010000010100110110000110110111101000001010001110
1101010000111101010101001101010100111001011011010010110001001010
1111010111101010011010000010000101000010110111101000111000100001
1010001101000110111100010100110101000100011101100000101000111000
0100010000101010110000100001001111011100010110100111001100110100
0100010100111000010010111000001101000000100110100110110011000000
0110101100101101011001100101100101110000100000001010100101001111
0111010001000100010110000010011000010011010000010101000101111111
1101001111100001111101010001110011101000001100001011111111000011
0111011011001110101001011010010001111011111101011101000010110010
1010101000000110010111001011101111110110010111001111110010010001
0010001001111100110101001010111100111101011111010101110101111010
1011100110111100101101101111111111000000001010100010110100101111
0111111001111011001111111111101001010110111000100100010100010110
1010011111010000010101000001101001001110001110110111100010101000
1101011111111111010010100000101011010001001100001001111001100110
0110011000110011011111000011011110011101100100100000011010011100
0111111111010010001101111011010100010111101111010000110111100011
0101101101111011000011110110111000011110100011111011011100010100
0011000110111100110001000001000001100110110001111011010110111000
0110111100111101011101000101111111101000011011010010000001001111
0101000101100010001000101111010011100101010010001101001011010010
1000011111100010110000101011001000110110010011111010110100000000
1000010100001111001010000110111010011111010001010010010010100101
1110000100111001001111101111100100000110111111111011110001110011
1001110000000011111000011100010001100011010100001101100000111010
0111011011011101001101000000001011110110111000011110001111100101
1010101000111001000011010111101111000011111011000000011100100001
0000111010000100110010010100001000110110010100011010001111010101
1110001000001110100100001101000100111001011011010011100110001100
0011110101000110000010101111101000110011110101001000000101011000
1001111011010100011000100000110101011000100011001110111010011011
0010111000111100110010011111111101000000110000110101111100011101
1101001000001011010000110011100000011011111110000100110111001010
0000101011110001101101100001100101111100001010010010111111000100
1111000001011100100111101110011011000100100110110001010111000101
1110011000111010010101010111111010100100010111100101111001011110
1111000000100111001100011110001010000101001110011011000001000110
0110001101100000000111010101111110011010010100011010100001001111
0000001001111111101111110100000101001101011110010101100001100000
0100000001101101000110111110000110001111011000110010111010000010
1001000011111111101001001011011100101110110100100011001000111010
1111011100100101100001111111010011111011010111000101101100101010
1000010011110100100001101111011011101001111111101001100110000100
1110011111110001111111000101001001110001001100001001011101100111
1110101110110000010110010001100011100000001110111001000100000110
0111101010110010000101100010101010101001000011101001010001010111
1101001001111000001100101011001011100010001100110101001110101110
0100100100000000101011101001100110110110101101000000011010010100
1101011101101100010010011111000101110000100000111101010110110101
0101110100001001000101101000011111010000110011110010111000111110
1100010001110100010000101111100100010110101000000011000100101101
0111000011001001010110010000110100100101011011000010110100000101
0001100001110111010001001100000001001010100001101010100001110101
0010001000110100111000010111000110100001110100100001101011111000
0010100111101011011110100010110010100111100101110100010010011010
0001000001001011101001111100001011001110010010111111011100011100
0001011111101100010010111011010100011011111101101111010011100000
0111010111100101011100001010011101001110111000110000000110100111
0011101100111101111001000100101011010111010010101101011010100011
1000011111111000001100010101000110000011000100111001011010011110
1100001100000010110100101000110001000001010001101111100010000011
0011110000010111000101101001010001110011111111000101010100011111
0111010001111000001101110101001010000001101100010010110100100110
1101000000111111110101011100011101010110110000111101011100111001
1000101111111111110100000000101011111001110011010101101000001001
1010010101010101010010010100011101110011001011010100011101101010
1010110011010111001010101010011010101011000100011110101101001000
1011110111111000000000010001011000101111111011110010001000000110
1111100001101010011000101000010111011010011000101001101010101100
1010101100110011111010111101101010110101010100010111110111000001
1110100100010111101101100010111010000011011001000010000001000111
1011110011010101100110000011110101111110110010111011100000101100
1010011001100011011011001100111111100011011110110010111011011010
0110101110110001110010010100101111101011101011111101101001110101
0001010010010000111110100100011101011011100000101000001101100000
1011100011000010100010011000111110010100100011111100000011010010
0111100000111101100001000001001100101111110100001100101100100000
1011000000001001100111010111100011100110100111100011110011101011
1000011111001011110010011001010000101011000001101001000000111010
0101000010101111010101010010000101001100010011000000101100111011
0011100010011000011100001010000010001101110010000000110000001000
0110100000001110001100000100100101001111100010011001010111000010
1110000100000000101011101111101101001010100001011110110000011111
1101011000101100100101011100011111101000010101000110111101010011
1111010101101010000101001011001110111111011010000100100101000111
1100001110010001111011101111010000010110111100110000100010100011
1100110110011110100001010111111100011001111000001000100100011101
1000011110010100000011111100001010111100011101001000001011110100
0110110110110001001100001000011011101100011111101100110111101100
0011000100001101001001010100000000111000111110000001100101101001
1101000101011111101101010111011010110110000100111101010111110000
1111000101111010011011100101101011101001000000000010111110100111
1000000100101111101100101111100011111111111111000100000000011110
0101001001101100011000011011100100110101101011100111101100100000
1110110011100111111011001111010101000000101101110011010100101101
1100111001001000111111000111111001100001000010100111101101000100
0110100110010110111011101011101011001110110100100001101011000010
0011011110010001100101101001011111011011111110111000100100011001
1000101011111010101011011001110011010111011010111111100001100011
1110010011000110111101110111010100111110100000101110010100101001
0010110100000011000010010101010000111100100000011101010100101101
0001100110110100010110000100101101011111111010100001111001101011
0100110101111100010001001100100100111110111100000000110110100111
0011101010100001001110110011010011001111001100111001011010010100
0000110110011000000111011101010110010110100011100001010000100110
0010011010000001000011101111110100110000001110001100011101101101
1000010100101011001110110011100010111001011010100101101101000001
