0100001101010000100001111100010011011101001101001001010101001110
1000110101011101110010111000110100000110111000000110101111011101
1100111110101110001111010111010110011000001000100110000100110001
1010000000110111110111111111010010100011101111011101010101111001
0000011011101110010100001010110010001100111000111010111001100101
0010101011100000110100111101000001000100011101001100100001111110
1111110010100011000110001010100010111101101110100111101111001001
0101110010010010011010101011100110001101001000111111111010111001
0101100001010110101100010100001101011000010101111101001101001110
0010100001110011111101111011110000101010111110010011010000110001
1001100001010010010101011001001011110101101100001010111110010101
0001011101011010010011001010000011100110110001100010010101101011
0011000010010011110011111011110110100010000101000000111100100110
1101101001110010010011101001011100011111001100001001100110010010
1010011010101000101000011101101101101011010111010111001111001101
0011000010010000000001011000011010001111101111011000010010001011
1000010001011100011001100010101011011010101011101010110010001111
1000111101110001101110011101111110001101011110110110000010000011
0111110110100001101011110010101110001100110010100000111110010110
0111111111111111111100111001100001010111111010101110100010100010
1100101001111101001101001111110000000011010111011101010100111010
0001100101111110000000101000101101110101000001010011101010001110
1001001001100000111010100000100111000101101111011001001110110011
0101111110011010111101111001100010101001001011101100001011000011
0011100111111100000001111011100011111010000011110010001111110111
1110110110001001011000010001010111101010010010010001010000100110
1011111111100000101000010011101011111010100100010000101001110010
0110001100110101110111011101110011000111000110001000011000000111
1001101000111001010010110110010100111110110000011101010011000001
1101111111101011101000000000100010011001110101010100110111101111
1111001010111000010101110100000010100110101010110001011010110001
1100011010111011010110000100100000110110000100000111111101110001
1000000110011001110011110001110011010111100001000101101001100111
1001000110111100001100011011101011010011010010100110111010101000
1101001011111100010010011110110000000011100000101100111001001101
0000000011001010011100000101010001000100110110010000010100010000
0100000001100011110001100010101101101011100010101010000101101000
1111011110110110010101000111100110000110001010001101010001011000
0010100110110001110000111100010011001010001010111001010000001101
1001010101111100010011010101100111100010110001111011100110101010
0011100101000101011001011101101110011010011100011110000010111110
0000110111101100000010110111001100110110001101110111001100111101
0111101010011010100000011100110001101011000001101010100011110100
0111001001010101001110111101100111101110010101001010101111101000
0101010001111010101111000010000110110101100100100100011000101110
1101101000111010110000100101101001110000101101011110101111001111
1110111111000010010000001001011100001101000100011100001100110101
1010001011001001100101011010110001101001010010001010100000011000
1100100110001111111111101011001010011111110100111100110111101001
0010100100100011111011111010000111000100000010110111000110100011
0101111100011001000100100110111010101110000100011110011111101011
1011011111000111010111101110110111100100000001000001000001100110
1001101101111001101100011001101111010001110001000010011011111000
0001101011010011101011001010111001110011101100110100111000001011
1010100011001001100010100000101100100011111111111011101101010100
1101000111010011001111110100011110100101111000101011110011011011
0011100110101101010000100011111001100111011111011100100111001110
1011011101000011101011101001011110111000100000010011100101101101
1011111000011101110100111000111110110010110100111110000011001011
0001111100101001001101110011110100100010010110110011001010010001
0010011000110111010100011101111111100011100010111001110001100101
1110101111111011101010011011010111111001000001100101111011011001
0000100101110010101110010011100011110110001010011001010001010010
1011110110011011110011100101101001000010001101101110010111011111
0111010010000111110110010011110110011001111100111100011011110110
0001110010001111000001111111011000101111001110001111110011111001
1001010000001001010100110011011001110111001011001010010010100001
0000110110110010101010101010110001011100100001001001010111101000
0011001001111110111111110110000111000100010111010111001001111111
1010111001110111110011101010001001000101110110100001010011101100
1110001110001011110111101100010000110100010111101000001011101101
0111000101100010001001101001010000001010011111100100111010111100
0100010101011101100101001110110000110000101010100110101000000100
1000010100101111010010101010000101111110001100100110101111010111
1101100010000001000010110011110111010011001010011010100001010111
0111011010001111011100111101000101101101001011110010000011111110
1111000111001100111010111101000001101011110000001101000110000111
1000011010111101011100010110111011110101110010000110101001100011
0001000001001100100011110101101010010010101100001011111011100001
1000010110001010011100101000100011101011110001010000001100101011
1111101001001110111000000101000001111101111000000111100010100110
1011100110000100001011101110010110000011101011111000000110100101
1111111001111001101010101000101111000111111111010001100001001101
0101011000010010100011111101010100010110011001010011011111111011
1010010110110100011001110010101010101110000010001001000101011000
1011001001101000010001110110110000111101000101111001110011001111
1111010010000100011010101110111001001100000011100000000011101010
0000100110011001110011111110000001000010101001100111100111111000
1010110010111010111100010010101111001100101000000110111101000110
