0100001000101010111101110000111001010110010101100110110010000111
0101110111111010101001011100111011010100001101010011000101100111
0000000001100100001111010100010111101001011101011011011100011100
1001100100011111101101100000000010111100101000111111001111001010
0111100100111011110011010111110110100110010010100100100001001011
0101011000100001000010111010101001001110000000011110111101001111
0100000000110010011001001111011000100101111000101110101110111110
1110101001111010011011100100111011010011010110100100100111011011
0111101000010101000010110110100001000010110100110101100010001110
0100111011010011010000100010110011000000001110100011011000110111
0101110001011100111011001110110100101101111100111100010011000101
1110110110101100100010100101010111010110100001111001100001011010
1011011111110110000101110011111000100100010101101010001000011001
1101100101110111011000011111111001100010100100101101111010000100
1110100000001001101010000010100001101010001101011001010110110000
0110100101100001110001001101100010110111000000100111111101111000
0100010110011010101011101101100100011101101101100111011100110101
1110001100011010000101011100010100100111100101010010101100111110
1101001000111010011001001010100000100110101100010100001111001100
0011010100111000010011101101100001101101111111100001001001101101
1101101010100001100100101101010111000101101010101001010000000110
1001100110111101100010111011100100011011110101100101101100011000
1110101011101101110001110101011110000001110011011001000011000111
1000110111100100100101101111101110010101010100011010101100111101
0110101001111011001001000101001000010100010011111110100010111010
0100001101010100010111101110111000010101000111001110010001010110
1001110010001000110001100011011010000010100011000100111001001011
0000101011010011010001111110110101101011101110110001010101110011
0010001100101100100001110001110000000101000011000011110100000000
0001101111001001101001110101010100101110001110110001111111000100
1010001010111011100101000111010101100000111011100001100000111010
1001110101110111011000000001010101011000110100111011111011101101
0101010100001110001011111011101110100010001111100101011000011100
0101101110001111100010000000110100110101101110111010101001010010
0011010000101011110011000001000000101010000100101011100000001011
1010110000000100110011100111101011011010001010100001110010000100
0011000000111010010000111010011101010101011000000111110101111001
0111010011101011110100111000010000000010100101101100100001101101
1000010010100100001101010010001000111011101101001110100111110010
0101010010000011111110000011110101100011000101111011001000011000
0101000011001111100111000011111011010010111010010111100101100000
0011010001101011001010010001001111010001011011011010110101100111
0110001001101000001001100000110101101100110010111110011111011100
1111011100001100010111000000000110000100010111110100111100000000
1000010011000000001001011011011111100001000000101111011101001010
1111000000100110101100000100110011110001011100011001110100001010
1010111010100100001111000000111111110100101101011011101001110010
0110011100110000110011001001100011110010001001110000010100000111
0010000110010100101001010100111111000111010001111100010101011000
0110110010111010110000010100010100110110000010111100110001001110
1000111000100111001001111000010011101101100011010011010010001111
1111111000100011010110010001011000101110000000010110111101001101
1101111010100100011001111110000100100110001000011001100000100100
1110110010111111010100000011011001110001011000100011010010010101
1110001111001100100011101101010011111010001000000010111001110100
0011010011110001111110100011101100101100000000100100110001110110
0010000001001100111001010100001110000111111010000100001111001011
1011100111111001001001110101100100001100110100101100011000100001
1010000000001001011100001100010001110100010111110101110110001001
0000100001010110011011001100001000100001111100000011110000011001
0111001001011011111010110011011111011011100011000111111010111010
0011101011111111000101010101001111000100000011100011110111010000
0110001101110010011001011010000110010001100100000100111010000001
1100110001111010100001010000001110000101110011010100111110111010
1101110101001100111011101011110110000100110111001001001000001010
1101001111100000101011101101000100111001011100101000111100111010
0101101001000001001111000100101100111001001101011001010000001011
1000100001101101111011011110101010000000010011011000001100000110
0010101101111011000111001100111101001010100101100010011010001001
1111010011111001011101011100101101110011111011111000011011101010
1101100101100010000101000010101101100001100001001010010000010001
0010110110110111111100001100011110001111000101001110100111001011
0000000001001011001110100011011111101010011100011010011101010001
1010000001000000010000111000110010011111010110100111001110100111
0101001100100010000100100011111011101010011111110001111011010110
0010011100111001101000111110010111101001101110100111100111010100
1010010010010101111010001000110101110000001111101010110000111101
0111101010001011101100110011010100110010110100001111111100100100
1000000000111010111001100000010111110011110110011011101101111010
1101110101101110100010101100011000010010011111001000011110000011
0001101100001010110101010011001010100010101011111110111110111010
0000000100000101010000101011001111001011101111111100110110111110
1011111011110100000101110011111110010010001110011100110100101110
1001001101101111101111001101011110101100011110101100000001111101
0111000000001001101001111010000010111001100110100101001101101011
1000101110110010001001110010000000110100111001001010101001101100
1100010101001001101111100010010111100111001000100110001110110111
1101011001001011001000111111111111100111101110101001001011111111
0011110011100010101111010110110001011001101011110101010101000010
0110001011010001000111011000100001101000111000001010000010010000
1101110000000100101000111101010010010101100000100000110001001111
0010000100011011111000111010101110110010100110100111010010010111
0000010010101010110010101111101100010100000001100101101011100011
