0000111111101100101111000101100000000011000010111100011011010011
0011111100010011001111100111011011100111100110110101010000100000
0111101101100000101000011110101010001101110001001111101101000100
0101010000110010001110011011000111001010010000100101100001100111
0101110001101010110001001000000101101011000111011110010110101100
0000100000011001111000001011010101001000011111110101111001110011
1100010001111010000110111111011011101111001100100111011111001000
1000101110110010001001101011110010011010111010001010011010111101
0101101110001000000110110001000111101011110101001101010101000000
0101010100011100010101100011000000011010100011011110100010011001
0100011001111010011110111100010001110001110001110110010000011001
1010001111010000011011011000100101000100100011010111001011010011
1110100000101011011011011011110110111011001110000110111100100011
1111000000010101000111000110001011011001000011111100000101111110
0111011101101111110010010100100100100001010111011011101101110010
0110010010010110100001100100111001010001000101000010100101110001
1100011110001101111110110000010011110101001000101111110011011001
0000110001111100010000000011011010010000000100100011011111010110
1000110101011100011110010010101001000101100010000001010010000000
1010101111100011101111011101110110001110111100100010100111010011
0111010110000101001011001001000100000100110001111000100001011111
0001110100111000001011001110011110110111100010100000110110100000
1000111101000000011111100001000010100001100001010101010110011010
0000100000100000111100101011001110001010011011011101111100111010
0001001100100000011010000010100111010100100101000101010001100010
1100111111111000011010110111000101110000010100110110001110011000
0100011110011101000100111001011110100000011100111111101111110010
1100111001000111100101110010011110000000001101111010000100000001
0011000101111101001110101110100010001000011011110111110101000011
0100011100010110001001101110000010010101111011001110010100001000
1101111100100001100010010000101001110111101100101000101000011101
0000110111110010010010101110011010111111110011010101011010110001
1110111110101010110000101101111001000001010000100001000100010110
1111000000101001100000110111101000110000101101000100101100010010
0010101010010100101010110010000110001011101000010110011001100100
0110110110110101011100000000111111111101000111111101010010110001
1101111000111010001000111010000010101110010001111111101001000010
0110101110000100110100100000101000000001101110110110101011100101
0011001111101110111010010101000010011110001011000001011100100000
0110011010100111000111001100000011010111100001000011011101110001
1111111111110010111110010001100011110001101001011111111011100000
1001101010001101010001001101011101100110101111010100001110011111
0011010001101011001010100101001010111000010001101101001010011111
1011110101001101000110001110011111010011011111101011010010011000
0000110010011001101111111101000001101100111001011100011000011000
1100010110111111101100011110101010010101100000000001001010111101
0110010101111011100101010110101101010101010110000110101011111101
1101011111010100001100101101100000110111101101000100010001011010
0100110100100100101111111001010000101110010101101010000111111100
0001000010111100011000000111111100000010011100011101001011101110
1101101001110101100110011100110111110101110001010001110001111100
0001011100100001011100011111110111011000000010010111111010011010
0110010011110011110101111101100101101100000000011001001111010011
1100000001001001000110101010000010001110000110000110011100000001
0001100010101100000010110001111000101110001011100010001011001000
0000111000101010001110000110101011010110011110110101100011110000
1100011010110001000100111010001010111111100111001010110111000000
0101000100000010011101011110101110100110000010000100101101001100
1001110001010010101100111001111010011100100111011111111010001110
0001110011101110001100101101111110000101111000000001101101001000
1011100111111110100101001100101010111011000001011000110000110100
1010001000001011101011001011101011001000110110101110000111101011
1100010110100011100001111111100101100001110111110001011111010100
0000101011110100001000001010111111100110000101101110011001011011
1001100001001111110011101101100110100100101001011011001010101001
0010110100101001111101110011001111000010010011101011001010100001
1110100011101110000001101101001101000110111010100010110000000000
1111011101011100000100010010000111010010100100111011001101101010
1100010110111011101101000011111100001111001001011011011000110110
0000010100001001001000101110111111110011110101011100111011101001
0011000001011011111010110010000010100100110110101111001100000100
1011001100010101001111001100001100111101011101010010010110101111
1110011010011011011011000101101010110011011000101011110100001000
1001000010010000001110100011101001011000101000101000110100001000
0001101010110000010100010001111010000011000000101110011110111111
0010011110001000000111010001111000010110001111010000110110001011
0101010110110010111011010110101100011010101101010111111001110110
0010000001011001010111010100100011000011101010010001111010001110
0111000110001010100011100100010110000110000010100011111111100000
0111011110010001110100111011001010011101101101011011110110000010
1000011010010010000001110111110001111000000010101000100100010001
1110100100010010100111001001111010001110000111101000110110100011
0110111001100001100100111010101010010011010010011111010100010110
1101101011110110010101011111010000110110101000101101010000010101
0100101010111010001111011000110110001001111110101010011101101000
1010010101001110100000001011110111010100001010000010000000011000
1100001111001011110101100100101000110101101000000011000110001111
1111101000010111110111010000010111111000100101101110000010001111
1100100010011000010001101000100100111111010101010111010000100000
0101001100010101110001000101000000011000111110111011011010001100
1001111001010101100011100111000101001000001000111010101101111101
1010101010100010011111111111010001000100110100000000001101010110
1100010111000001000111011000101110010010111010111100011110010101
1001100110101001110010000110101000101111011010010110010001001110
1100100000011101100110101111010101001011101100110010011100001110
1000010000100001100110110101011101011001111101101010101010000010
1111111111001110011100110000000110000100010001111011010111100010
0010110001010010011111100100010001110000100001111100101011010010
1011000010100100111110100011100011011011000010000110101111011010
1000001110000010110111111011011010010110100100111011010100001001
1001001010100000000100100010101000011000101010010101010001100111
1010111010011100000110100111111011001101011010000100100100011111
