1100111110010101111110011000101010110110110010001110001010011010
1000111111110101101110100111110001001001101100101000101001110000
1010110100001010111010110100110000101111111101101001100110110110
0011010111001110111011110100011101100111010101100001010001000000
1101101101000110010000110001101110000000011100110000111100011000
1000110100100110100000010110001101000010111010101111011001011100
0000111100101010111011011111000101001001100001101011011001110011
0000110110001100000000001111000100000000001010111101110000001110
0101011111000111111000100011101101101010101110101100001101011101
1010000010010101111101101110111100100101111011111000110011010101
0110000000001110110000011110101110010110100100010001110010111001
1011101100011101001100010000000110100011101000100110100111101000
0000000000001111011100101000110110010110100011111110000111001000
0101110111111000011010100011101011000000001000010100011100011100
1110101111110110001110011001101010111011111111100010101100011001
1101100101110000000010111110000001101010111011101001011101110000
1000011100001001110111011110011010001111100101001101001111101100
1100110010001111000001000101100000111111000110110101111010110001
0000000100110100110000010111001101110010000010010110101101111001
1110100000011001000101000111111010010001000111111110100110000000
1001010001011111111001000011110000010110110011111110100001100001
0111010110010111000110110000010110000111110001111000000110101101
0000111010111001100001101101011101000101101011111001001100010001
1100011001001111110111000100011111100110001011100110101011011001
1110100010110110011100111011111011010011011010101100010000100000
0010100010100111100001001111110101000100100011001111100110100011
1010110001010000111001011001101010100011011000100101101110101001
0011111111011001110000000111100100000101101000011101011010100110
1001011100110111110101111101110111100101001000010010011101110110
0110001111110010010100010001111101100000000001101110001001111100
1110101100011101010010011110101111110001010010101111011101101000
0111011011111011111010000000110101010111100001010010101101111001
0010011101001011111101010111010001111110111001000111100100011001
0000101001010001100010111110100101110001001100110101011110010011
1101111011101000011100010110100111110001000100100001000011000001
0100111011110110111111010100011111010010110001010011001110101001
1100111000110100111011000111101011000011111000000101100001010001
0100111110100010001010011101100001010101100011001010100011110000
1100010110100000011111011001011101101101010100010000010011100110
1100111001000101010111110111101010011111100001110110011101110100
0010000110010011001111111001000110000110000101100000011100110011
0111100100111110110110000110101101100010001111011111001000101001
0110000010011010000100001110000111101111000111100100111000110010
1001111011010111101001010111011111010110001111010011101001101111
1100000100101100111000000010001011111011110001010101100011110111
0010010001100110100001100000101111011110101001000001001011000011
0101111011100000100001101111000101001000110010011111001010110100
1110001100001110111110011101000010110100111010011110010001010111
0101111010011011111001111001001010101101001001000011100110011110
0110000000100010101110110010011010111110010000101010000101010011
0000001011110010011000110101010001101010110101110010001011111110
0001111110110100101111000100001101101110110001100111000010101100
0110000110000010110100101000000111011111001110100001000110010101
1110101111010110101000110000001010000011110010111100110101010110
0001100010010110100001001000010000101111111001101110110001011001
1101001011111011101110101000110100110010011110000101110100011000
1010110000101110101010010011100101011010001000100011001000101110
0110001100010100110111100011110100100100001011001101001011000000
0100011011001001000000010110110110011001011001111111001110000100
1000111101010110111001001100110101101010011100001110100110100110
1001101111110100010101111111101101111111001111011101101101111110
0111100101010101100110001001111010111100100010110100110101001111
1011110100011100010011110111111000110000110100010000101011000011
1101111101101100111101111100111000100000011100111111100011111111
1110000110011100101000101010010000001001010100011001101000011110
1100001110100011010101110011000010100111000011001101000001000110
0100011001100011100100101101101010111101010011110011010010001011
0000011010110110100001110010001100000100010101110011101011100111
1010100001000101110000101010010000101110011011001010101011011000
1001100101001111101000110010111110011100110111100110100010100110
0000001011110010011100101110100001110110110011000110001001101000
0010101011011100111101010101111101100011001110010000111000111110
0011000100111100010111110011000101001011111011100000110001001100
0110011101000100110000101011010010011011110110001101101111001010
1010010100101010000110010111101011111010111011110000010001111010
0000101011101110101010100000001010101100100100101100110100011000
1111101100101001101101001110100101011000000010010101010001100010
0000101010011110000110111101110110110100000111110001001011100000
1110111000110111100111111111000101111010100101010011000100100110
1001101000010000011111101110101100110011111001011111011110101011
1101001100010010110100001011001111001110011100001010101101010000
1011011001111111010001001111000100101011000001000100010101010000
0111110010111001110000101010100100100011100100011000011111010000
0111011110110110100110110111011000011011110100100010011101011101
0000001011000100011110001100100000100111001100001101111010011111
1100101000111101000100001110100110100111011111011010101011011011
1111101001110001000110010011000100000100100001100001110101110100
1000100101011110100010000100110011111110100010110101000001100000
1101100010111101111100011110110110100110101000010110011010000100
0111001011001001011111011111010010100100000010001111101111111101
1001011000010111111010010110010100111101001001000100010101001010
0100110010010101111101110111110101011000100101011000000011001011
0011100011100110110000110111000011001101000000111011010100001010
1010001011101111011111001110001010011101100001000110101100010110
0000010111100010110001000010010110110011110011001110011011010111
0010101001000100101001111001010101110010110010000010011100110101
1000011001110011011110101110110001001100000100000110111011000011
0000001000101110011001010001100100011110000101010011000011001001
1010001000000101010110010000000111101011100011111110111110110100
1100010101101111000011011010100000110011101011100001001011101110
0110010000010111111010110100011110000100000001110110001010011111
1010110000001011001000101101111111101011110101000110010001001111
1001000000001111111100100111011100110110101111111011001100100101
0100110111011110100110101100011000101111100110100000111001111111
1111100011011111111011000000111000101000010111100011001111101010
0111001110001101100011000010100111110011100111000111111001111011
1100111011011110000010100001001000110110111010001101011011001101
0110100110011011111101110000011111111001111011000001010101100111
1010011101111111011010000100100001111011000100100110100101111101
0010100110111000111011110000011110111001000101110000111000001110
0001011011010111011110101011101101001000000111000100101111101100
0101001101110100110001100100010010111111101001101010100101100110
1010110000001101001000111110111001111001000100110101000001101111
0111010011111000100101110001111010010101000001010010010110011110
0111011001011000010001011110011010010110110001100011100001111011
1101001101010110101101011010100111101010110110100110010011100010
0010011011010101110011001111000101010100110011110010101011011110
0111010010000100110010001111000010111111011100000111100011110001
0100111101001000101011010011001101000111000000101010010100010001
0100111001001111100110000100001111011010001110100110101011100000
0100111110101101011111011011010101010011000111110011001101000110
1111011101110001111001010000010010010011001100111001101010100001
0011010110110011110000100001110100101111100111010001111101101101
0100100110100011100101001111111010100000010000111011010100011000
0100101000110111111110110010101000011010011111101001101111100111
0011111111010000100001101101101111010100001101010010101010000110
0000111100111100010111101011101000111110111000111110101000101010
1101001111010101000011111000101100111101100110111000011000111111
1111110001011110110110110001100001110010000110111101010110100001
0110111010000101111010011110100010010000111011111000010000111101
1001001011111111110110001110110111000011000000101101110001001000
1110100000011010101011111000001011110000000010100010110100110011
1001101001001110001110011011110001001011101000001011000011101011
0111001011010110111100001000010000001011001111010011111011010001
0011000100100000100001100001000110100001101000101111011010001111
1001100111001100000001011010001010000110010011000101011000000011
0001010010110010101010111000101010010001110101101100000101101110
1000011000110100001010010011000011101000101010001111011001010000
1010100010111100001111000010111111100001100001111011110010111001
0010011111111001100000010011110010000000000101010010110100110110
0111011011100101011100110111001010010100010000001111000101001110
1001110110000111101111010001110110110100101111011011101001010111
0101111110111011011101101101011100010000001001101110101111100011
1001100000011011011010101110101000100100111101000111110101000111
0111110011010011000101100000011001001000011011111111110000111010
1000000110110100101011010011011111110001101100101011001110000000
1011101011000111001011110001101110011000111101000110011011000100
