0111110110010010111001010001111100110000010100100111110010000010
1010011001010110001011001111101001000111000001101001001111110001
0101101001011000010010000110100011111111001010101001011100011010
0100111011111100111000000100001011010010001000001100111101001110
0000100000100101010011100111101101001111111110100111000101110001
0010000101001010010010110100110010010111000010110011101001010001
0101011100010111000111001001111010110111011110110010111110011101
1010011000000100110010011101100101100100011101001100010011010011
0101100000000000000100110000110010011001101111001000001010010110
1111001101111000001001111000000101011111111000000011010010011111
0101010000111010101101110001001011011100010101011110000001101011
0011000010010101111110011011111011100010001110101100000010101011
1000110111101111111110011100101111100010100011110100100000010100
0110000111010110111011001110010011111000110000110011011001011110
0011110011101011010101000100100001000101110110000100000110001011
0011110011101001010011111111011100110000110000011101100111011100
1011100101010010101110110000111001001110001100100000100010000111
0111011101110010001100101110100011100111000001110111010011000110
1110111010001110110000010101100101000101011111011110101100101000
1101110111100110100010110011101101100111101111100101110011101101
1110101000101100110001110011110000110111001001101001001010011011
0100111101111001100110111111001110001111111011011000001010011101
0100100010101111011010100110101110100100001011110110011110001001
1110010100010110000011101010011001101100000100010100011010010110
0001000010000000100110001101111101010011101101101110110100000000
0011110110011111010100111100001010100110110011100011110011000110
0011001101100100000011111001011000110000101101000011010100101110
0101000111100000101100110001001111100000000001000100101000000111
1111010011010101100101100000111000101100001010001001111100111000
1100010011110100010010010011101010000000100011110110111110010000
1111101110000001010011010000100111110110110101100100000010011100
1110111010110000010111011100110110010101100110001010111111101011
1010001001111111101111011000001001010110010110100110111110110101
1101011011010001010010111001110111110010010001111111111011001011
0111000001010111111001111000010111010110001101110011011111010001
0101010010000100000011011000100100101100011100001000100001011010
1110011101011011110011001001010101101110101100010100110011011010
1001101000011100010111011011111010101001100110111001110000111011
0010100011100011000001011000010101110000100000000000101000101101
1100100110001010000110011001010000001110001010011110001101010000
1110011101110000010100111010111101110011000001110000010111111110
1000001110010011010110111110100001011001110101111011000000000100
1111000010001011000010111001000000000000101111101010011101010010
1011111100000011000101111010000101101111111011000010001111110000
0001111011001000001011100001011000000100000110101010101000011111
1011001100111001001001110000011010111011000100001100110001001101
0101111101010001011100100101101101010010011100010110111011100111
0001010001111100100100100101100001100001011111001010001101110111
1001001011011101000001011110001000101011001110011100110101011101
0101110000011110101001001100110010110101001101100001000001101011
0110010101001111000010101110011010010001011110010100010010010100
0000100000011000011001001011011011110100001001110011001001001100
1010100011101001111010110100110100010111101001110111111100000010
1100000111011010111101001101101000100101001111000100011111110010
1100111111001011001010100111000010001011000111011011011101100111
1110110011000001100001010110100100011000111111110100100100001111
1111111101011011001110111100100101100110110011111100110110011011
1011110110000001000010110001000111110000001101100100110000111101
1000011001011110111110011001000000010011000000010111111010000111
0010000100001110000101100000100000110101000011000100111011000100
1110000101001110011000000110111110000001001110000011001100001110
0011001001010100011110011011011011110010100101010001011010101100
0011000101111010111001001001011100010001010000111000011110000111
1000101001110010000110001000001111100010101101110000000111111110
1101010100011101110000011101110111001001100100101000010100110100
1110101010011011111100010101111100001101010001110111110101000010
0111100100010000111001011000001101010100010100011011101011001010
1011101010100001011001011001101111110001010110000011100100011111
1010011001000111001011001101010001101100101101010111111011010011
0000100111101111111001011111100101101011110111011111011110110000
1111011110100111011010101101110000001110000000101100111100110011
1101110001001010110011001101101011110110110100111000100011011110
0100001010011011100000100101011011001101010100100010110100011100
0010000100110011101111011111001110101001110101001111011111001011
