1011001111100000111001100101100011000101011000000100000111111111
0010011111001111011110110111001000000000000001110101000000100101
1000110010110110001000000100001010110010111110010100111110100011
0111001001110000100110100101010111011111000010110100111110000000
1110111000111000110001000010000001111100111111010111000001000110
0101101000100001100100101001001110000001100111111100001011000001
0110111000000101010110001110011001101110101000110001110101101111
0100011011100110001010011010100100110101001111100101001011001011
0010100110110110101001000101110000101100000100011110011101001101
0010100111100010011010101010100110011001011001001001010101001011
1001100110101110000100010100011101111110110101011111010011000010
1000010010001100001101101101001000101010001010110010000110010011
1010010010001011100100010101011101101101000000101000100111010010
1111010101111001011111001001100010010111000111010101101000010110
0000011010111011111000001000001100100100110100011000011010000011
1110100001110000011100100001110011010010010111101011110110111011
1101001100011001011111011111001100100010101000010001010001011111
0010011001001111101000010000100110010001101011000000000011111100
0001100010110011000100101010101000010001101000101011100001010010
0110010111010011111111111011000010010111101011101011101111100001
1111111100011010000110100001011011011010110011101101001011100010
0100011001001111111010010110111011001101010010001001010111101000
1110011101100001010100110100110011001110010010001010100011010001
0110000000000011000001110101001001011111010000011110001000010000
0101100101000010010111001101111111101101000010101011001101110100
1110010111000001000100110110111001101101111011111110000111110100
1110010001111010111011101101100001101101000001100000010101011010
0100100101000111010101000011101100110110101001101001100101100011
0010011011011110110001001100001001110111000001101001110111101100
1101001110011001110011011100111100110000110000110010101000001111
1011010011010000000010110111010000111110110001100110100110101010
0011001100111000111111111001000110010011001010100111100100111110
1001100010010000111110101110001010010110110111100000101000100100
0110010011000011111100011000011010010101001010110110010100001011
0001111101100001100011010000001010001010111111011001001000000111
0101011011010101100111100111001111101010010000011101100100101111
0110000010110100010111110110000110100010011110010101010010111010
1011000011001111011110111011010010110000101100001100000101101000
1110101011101000010011000000000111100001110010110011000011011000
0010111010011111110010001010111000110101110101100100100110110111
0111001000111101101101100100111101000000011111011010111110010010
1111001001100011111000111111011111100101110000100010111000111111
1110110000000001011011101100101010111111110101101001101010000100
1101111111101001010010000001110011101100000110110100101001001110
1111100001011101111001100101101110100001001001110100011001001111
1111010110000110000000000111011110101101101001111111110010000110
1010110001001011100100001000101000011000100110000010001111001011
0011011110011101010000011010111111101011110111101001100001010001
1001010001101100011100010001110010010111101011001010001100000110
0110100001111111100011000001011111001001110011001100011000001111
0101111100101100001101101010100000110010010000110000001000000111
1101001100000010011101100000011101111000110100011101011000111111
1111001010111011110110110101001100101110010000110101110110000111
1011001010000001100010001010100001000010011011101101010100111101
1010010000100100100001010010010111010010001110111111011101001111
1110000100101101010001010110110110011110010010111111010001101011
1001101110100001000001101100000111010010111000000110011111111001
0000101001111110100011110011110001101010010100000101001111000111
1110101110101000001101000111011101100000110110010110001111111001
1011010100110100000111111111111011011110011011001001001110011010
1100110001000001101001010010010000110010100001010110111110010111
0000111011110100011110110000001001110111000110110010010011010011
0011110011100100111101101100000011010111111101011011100000010000
0010111100101000110011111101111101110001100101000010001001101010
1111111011101011111010111110010100011111011100011010110110101001
0011110000101001000001001101110101011001000010000101110011110111
1110111101101110001000110111100000001000000111000010110100100100
0101100101011111001010011111101111001001111001010001100010001001
0100110011011101111011010101111110100011000100010110100110111011
0001000011100110100101011100001110001110100110101111101111111110
0110010100011100101110100101011011010001111010010101111100111010
1111111001100100110110101111101001011110100010001111111000001010
0110001111111010111010101100101010111111010111100001001010010100
1010101100000110101000111100001100110000000010111111100011101110
1111011100011001100111011011110000001011010101011111100010100110
1000111111110110101111011000110011110111010110001110100010001000
1011110010011010100000111101111110111110110011110101110101010001
1010010111110100001100010101111100100101011100010100011110001000
1101010001101000010001000111010010111101010101000100001000000100
1111011001000101101000100011100110111110110000001100011101001001
0101110111110101000100000001100000101100011010010110001101111100
1100000011010001001111110100101000011000101000011110011011010101
0101110011111111100010100100001011000010000100111001000011111110
1110000011011000000111000011010000100010001110001101001011111101
0010101000000111010110011111100000000000100011011010000001110100
0110011101010010000101100110011101110000110000011001011010101110
0111111000001010101010101010000110100101010100111100001110111110
0111001111111011100010110101101101100001101100111001111001110101
0000100110111011110111100111010110110010011110010001111011111110
1011001010101011001000011010011000101000100111101001001101001001
0101100110000110000001111011110000110010101101011001100011010111
0001001010101110001010110000111111011110110111011000111101100101
1000010001110001011111111010111101010110111100000010101011111011
0001101111010011001101000000101110110100001111100010001001100010
1001001010010001101001100101010111010100101100000111111010001101
0110111011010111011111011100000010000001001001110100100000100011
1000010100110010100110010110000010011000001100100110101110000111
0010011010110110001000100110000111001100001101100111110001101101
0110101111101101010001101101010001101011111001111111101100010000
0100101111001100010101101100000010101100011110110111000011100010
1100011001000011100011001111101111100101101110101111000111101110
0001011001010110111100001001011011100001001111011010000011011110
0101110000101011011101110000101101010010011011100100010000001000
0010001000011000110000111001110100010001100111110000000000101010
0011101010000011111101101111000001000110011000101111111011100010
1110011011010011110010010010100010010000100000101011111110001100
0010001100010001011011110100110111111110111101111001001101111100
0111011000011100111001100110011010010001011100011001011111000001
1011101110000101001010101110100101011111111011010000011110100101
1011101110001100100101001110110011111001001100100001101010110101
0011000111000000000101111111111001011001100011011101111100100100
1110010100100110010001011100011001010100001101100110100011100011
0101101100011010100000011001100011101001110100001010001100000110
1111011011001000001011000010011010111101100110011011010011101010
1110101101001000101001010111010000110011100011010111111000111010
1110111001110100000001010010001001100101111001111100001000011101
