1011111001110011111010010101100111101100101010001011011011111001
1100111100000100001000110011010110111101000110111110101001111100
1101111100010100100110010100001000111111110101110010001011000110
0001011011010011111100101101000110101101010110011111110010101100
0001000011001111111110010001101010100010110000011000000111011110
0111010000011010011100001001100110101010011001100110111001001010
0011110000000100110100100010110010001111011010111011011101001001
1000000111100101101101000000110011100011011100010101011111010110
0001111101111100100111011110100100101000111100101110011101010101
0000101011101000011010100101011000001010001010100010111011000111
1110010011111000010010110100100001010001111100001110001010001111
1011100010110100110001100111100011000110010011011100001101010001
1010110101010110001010111001010010110010100010110111101001101111
0100101100001101000001111001100011100101111011000000100111001001
0010010111101011111011000111000101110001101100111100010000001111
1010100000010100100101110101011011110010101100001111011001001100
0101001111011010001010001100000110011001001001011010001010110100
0010101001110110001010000011001101110011010000110100001001011001
1100011001110011110000100000100010011000001010000101110101010111
1101110001001110111101010001101010010111100001111010000110001001
0011111111110010100000010001111101110110000000111100101000111011
0000010110101010111000001011011000101111101110111000011010000111
0010101101110110001010110010110000110100110101110111011000100101
1110001011000101011011001101110001001001001111100000011010000010
0100000100001101101011001110000100000110110011100100011010011110
1111010000101001101001110011101010011110100000011001100100000001
1100000101100000111011001000000010101011001010100011111011100100
0010010001001000110110111011011111000110101101111100111001011110
1110000101100011110011111000111100100100111101011010011001110110
0101111110100101101011001011100010100110010010001000111110100010
1111101110101101110111000100001111001100111011111111100001011101
1110110100011110111111011001111110000010000111010100100101000100
1000100100000011110111101100100011111000000101101100000100101110
0011100101111101010101000111000101111110110100001010110010111110
0010100101010010011100111111111010001100011110011001100101100101
1001111000001000110010000100110001111101101111000111110011000100
0000001010101100011011101011111001001011011100100001010101100100
1000001101101000101110010111000110101111111111111110010111011000
0010110110011001111100101101110101101011011101000010111101101101
0100100101001101010001011101010110110111000010100100011010011111
1111010010010011000000001110011111011011101100001011110011010011
0011010000000110111010100101011111110111011010111001010010011010
0111101000111101111000110001110000010011110111111100101010101110
0000101111100110101001011111000010101100111111000011011000111010
0111111000001001100111001010100011101001101110000101101000010111
0010100110010110110110001111000111000001110011011100110011011111
0011100111100101111001111110100111111010101011011101100110010000
1111010000011110001100101010101100000010001001100010010101011010
0100011011101111011101111000100111010101011111011000011111010001
1011100010011001010110011010001010100001100000011011000101010100
1110110010110011000001110110101111001000001000001001100111101100
0110100001000011100010111111010101100001111100111000110100100101
1011010110010100010101111111110001111010001011000011101101000111
