1111101001011000011000111000000111010110111001101010011001101110
0100001010001001100001000101101110101110000011000011101110111101
1101001111101111010011110110001110111001100111101101000111000010
1010110110001010110001111111001111110011001100100011000011111111
0110001101010110000101011011011010001111110010110011001110001110
0101100100110010101010111111110011101001010101010111001110110111
1111011010100101111010000001111111001000010101101101001111111011
1110000111101110011000110011101011101101111001001110110101010011
1010111010111001100101110011010111110111111111010001011111000011
0111011010100001000001110011000111100101000111011011111100110110
0111010111000111100000111010111001010100110010010101001011100001
0011100111101010010001110100110011111111101011001011011110001001
1011110000111111111101011101101110000011001011100011111101001111
0101000001000110010110101101110111100100100110001100111000010011
1011000111101111110111111010100011110011111001101101100001010001
1100100100001101010110011011111101111100101100000011010011110001
0101100001011011111001101110010011010110100111101001110101100100
1100100011111001000000100001111111000110100001001001010101011101
0001110101110100100000101000010101000011011010011100110101100000
1110010010111010000001101100100010001111010110000101010000100110
1110111111101001010100010000001111111111001010101100011100001111
1010101000001111000000001010111010110011111110101100000001101001
0010111001101110100101011111100110010111111100000010011101000011
1011110100110011001000000110001000000101100011001111111001010110
0101010011110000010011111101101110001101110111011110010001001000
0011111000101100010010010110001110010110101111010100000000111011
0111000111010000000110011111101001101000000000111101100111110001
1000110011110001010101111000011010001000111100001001001101011000
0011001001110011000100000101111100111110001101110011010000100111
1011001010001001110110110100011010100011001111001001000010001110
1111101011000001101100110100000001100011111011101111101001101000
1011010011010111000111010110011010000111001111101110101011010011
1100001110000101110011010001110010100001001000001000000101000101
0101011010110000101011010001011110111110010110010111101011010110
0000110111100001010001011011110011111001100000000110111100111101
0110011000100100100011101110111110010101000111111001001000001010
0011111101000100011110100100111010000101010101011110101000101000
0000111000001101111010000011000111010111010110110001111010100111
0001011000111100010010011111000001000011111100111111010001110011
1100111110001110001110010001001001110100100111111101100101110111
1111001000000011111110111001101110010011000010001110101010010111
1000011110111111011101001101001111111101100100000101010000101000
0101011000111100011001001100101110101011010100110110000000111101
1101100000101001100000100011110100101110010100011100011010000101
1101101000111110111010001101010011100111000011010101010010011011
0001001011011111101010000110100000100110011011111011001101110011
0101000100000100011110010000111011100000010011111110111001111100
1111110001110111001110001011000001000010110010101100110010101001
0101000011011001101111001010101000110001111010001011100001010000
1110101001001100000001110111011110001111101011110101001101000000
0100111111101010101011011101000010010101111111111101111000000000
1101101101111100000010101110100100110100010001101001100011101111
1101011110110011111101010100000111000111011101110110000101100011
1000101110100110101110000110101001110101001010001101000111010011
0010110001001010110000011011010011100000000110010001000101001101
0100010101111110000111101001000111110010111100010001001100111000
0000100100101011111011110111111100100100111101010000010101111001
1001100110001111101000101010000001001110111000010001011100010101
0100110000001011011100101001001010011101001000000110110000000110
0011111100100000101100001100110001000101011110101000100101111011
1100001001100010111000000001011111101111001000101110101011101000
0001001011111000100011001100101111111000010010001011111111011111
1010011110101100001110100111010000110111011011101110111000100101
0001100010001001000110011101110001101100111011111001010100010110
1010111110000100101000111110011010011000100111101001101101110100
0010100110010101001111000111010110010010111010110000000010011111
1110101000100111100000001000110011101110011011010011101000000010
0000011110111111011010111001111000110001011111000000010011001101
0010011100010001110110010110111011011001010011010000010111110100
1111000100111101111010011100000100101000010010111010110101001111
1001001100101000111110110001111010100001111111011100010100110001
0101111001101000011010010000110011010110000111110001001000000110
1001001000111101111100100010001000010011101001011000000001101001
1011000000001100000001100100101011110100011000000111110100111010
0101111011001101001011010110111000001001010110100111011101111000
0000010101100001001110111010010101010011001011001100110101110010
1010100111010110100001011111000100011010101000111100000000111011
1010011110000100001100010110111101000101001010110100011101110101
1011101110100010011101011100010111110011000010001100010110011010
0101010000111110111001001111110110000010000100011111111001011111
0010000101010001101010011010111001101110101001110011001111000010
0010110101001010011000011010001000010111100001000101110011110011
1000111010110011001100011011110001011010011000001011111101111001
0101110101101010011010011100010001001001110001011000111100111100
0110011010010000100010111110111011001001101110100111101010111101
1011000000001101100010000110110010001111100011010010001100000110
