1000100001100001000010011111011011110111110111110010100101010000
0111001011101101010011000010011111110101110111100101011001111000
0101011011001001100000001011010110000001010101100011100001111110
1111000010110110011011110101100110011010110111011010100010111101
0011111000010000000001111101100101100010000110000100100000110000
1011000111000001001001001011110110001110111011100011010010101000
0010111101000010101111100010001101101010001000100111011111100000
0101010000100100100111010101011010011111001110000110001010010100
0110110101111000000011001001100110111111111110000000011101001010
0000111100001000011011011011001110100000001110101101101010110111
1101111111101100000011010110110000001111101001000100010010010011
0110110000001011010000001001110100100001001011011110101011101110
0011110010110010101000100100101001000001111101100111100111101000
1110100001001101011110000101111000011100010001011000111001000110
0010000000001011011110011010001100010010011011100001101011101101
1011111010001000111001100111011001101001000000110101100000010011
0011010000101011000000011111010101110010110111111010101010011110
0011001000100100001000111010001101100110110011011000010110010101
1010000110100001111000110001110111001001110011100100011011000100
1010101101100001110011101100010100010001111111101111111000110101
0110011101010001100010101111011110011011001000111011100101101111
1100010111001110010111001011100010011111111100011001110011101000
0011100100011010001001000010011110010011111110001100000111000101
1101100101001010000101011011011100011010000000011001001011010011
0101100001000000110010101111100001101101101110111010100100000110
0011000011100001110100111100001110000010110111000101110010111001
1011101001011000100111011000110100100001110101001101111001111011
1000010111110111001011001111001000010111011101110000101000000010
1100010011110101001011011100011001100101001010111110011010101011
1000000100011011101001000001101000010110001110001001001011001001
1101001110000100101110111101111001010011101110010101110010011001
1111100011101011110111000101110111101011010110101000000001110011
0001100000111011100010101101001010101001011101000011010001101110
1000100011100010110100011111011110001100100010010101100011000000
0100000010110110001101010100011010111100011000000100110010011110
1111100001111100001110000001011100001001110011101010000011111110
1011100000110110110011100011000010010010000110101101111101101111
1011101011010000110111010100000011111001010011101001111001011000
1100111110110111010010100110111011011101010111110101011110011100
1011010011000010011101100010100100110000011101110010110001000111
1100111110111001111100111000010101100001100111100100000011110101
0011110001101001101100110111011100010000111011111010100100110001
0100100000001101100011010100101101010000111100101110001011111100
1000011011001110100000000001000000000000010000000010101001010110
0110011011011001001000100101100100001010000100110011010111011010
1110110001001010001010010111001000101001001111000101001000111000
1001101011010100010110011010111110011000111011010011100011110111
0101001001001010101100100100001100110010101011001111010101100000
1011101111111111111000000001111000100010011010100101100011100000
1000111110010101110100010001001001010111111000001101110001001011
1111111101100111101101000101100110100101100110010001011010111010
0011010111000111000100010001000100011110001000011011101101110011
0001101000001000101010001110011001000101111101001111001010011001
1010100101110110001101011000010110100011010010001011011011101011
0100100110011110000001110100011001011001011100001000001000111111
1110000000011110000000111011111000011100010001101010101000111100
0100010110111001011001011111000001011000101000001101010100010000
1000000011101011100010100010111000100000110110111100101000011010
1110110101000100110011101000100011010110001100000111110100101011
1100001000111111101110001001000000010011101110000011001100110000
1100111111010001101110100110100101101110101100111100011110111010
1101011101101101101001000100101010111110101101011010010000110101
1010011110011101111001011110101111100111001010010111010111100001
1101110111011010111011101000100101101011000001101101011011010011
0011000010100111110000001111000100111110011100010101100100011100
0001110101100010111000111100010010001100100001110000111111100010
0001111000110100111111000010101010010111111110111011011101011001
1001110111010011100111000011000000100100000010100100101110011101
0001110111011011010110000100001000101100001100000001110110101000
0001000010110101100011011111101110110110110010010010010010110101
1100101001011111001110001010000000110100100111010111011100000000
1010110111001000110010000100111010011110110000110100001000010010
0011111010001011000111001101101100000110000011001101000001101010
1110010111110101101001111010111111000001101000010110001110000001
1110111010010111111010110001111101100111010000000000011011000110
0101110001011010111001011010000010110111111001000011101011110011
0101111000101110111110101101011011010000011011011001010000110110
1100111101110101100111000001101111110011001101110111100001000111
0010001101111111010001111011101101001001000111001011000100000000
0101110011101111111100000000010101011010000001110111101011000100
1101001000000100111111100100110001000100111110000011100100000101
0011010100100001011010010101001111101011111011001000111011000111
0111100010111101111001011000001110011000001111110000001100100100
0100001100011111110010101100101100100100111001011001111001111101
1111100000101100101100000000111110100001001100011000011101011001
0001001101111101000011000001001101101011001000111010000101001001
0001010100111111000101110110111001000110100001001010111101001111
1011010010100101001100100111001111110100111101100101101111111110
1111110111111100010111010000111010110010101000010111111110000100
0100111110001000000100110111001110000110000100001011001000100010
1101101100111001000101010101110011110101110001000110101011000011
1100011101000100111011000111110110110100100110100000001110111110
1001010110000100011111000001110110001101010001000000010111110110
0011111011011111001101000111111100110110100100111110010111010110
1000110100010111000110000100000011100010111111100010011000111111
0011111011001111011011101000101000000010010101110111001011111011
0111110101011101011011110100111111010100000010000010110001011101
0110100000101011000101110111000100100000011110010010110000000001
1010001110010110100100110101010100110101110001000110011010001000
1010111101101100100011000010101010101001111110101111010010100110
1011100010101111000010101111100001001110001000110000001111001001
1101101001111000111000101111010010001110111010001110011101011111
1101101010011100011111111000100011010001000100000010010111101101
0100010110101011100100100101111110100110111011010111001000111100
0101000000011100011100110101101101001101010100010100101000100011
1000010000010011011011110010101100010110001100100000101001110110
1111110100100000010001010101100001110111111010101101000110110010
1010100101110100010010010101110001101111111111110011100110111010
1101101100000011110011010101100010000100110100101100110110111100
0100110110101110110101011100110100100011110000011100110011111000
1001111010110101011010100110111100101001111100110000101111100111
0110100010101110001000100010011011100000101011010000010111010100
1100101100010010000000000010111101110100010100010010101110001000
1001100011111110010101100101011110000010011110011111101101000110
0011111111000111010010001110000010101010011100001111111001000111
0101101111001011101111000111100001111111011000111100000100011000
0100111000111010011101111110101011111100111100100010011100100110
0010110101101000011000110110010010011001001101111100000110100010
0010110011101000001011000101101100011100100110001111010000011111
0001000110011000111100110010001111111101111000001110001101011111
0011000000001001010011101111011010000100000000100101110101101001
0000100001001010110101110111011000110000001101011010000110101110
0011000100100000010000110110011111011010000100000101100110111010
0010010101000000001110010100100101001111011111100111001001000111
0110110111000110001100101001101110001010010010111100101000011101
0111101101100001110011010010101110001000110100011001100010111000
1010001011011100111101011011111001100111101101110001001101000110
0110000110001010001001111101000101100011101101100010000111110011
0010010101010000000010111001010100001111110110101001111010111100
0001101011010001100011101111010101011010111001010101011100111010
0011110111100011000110011101011001100011000100101101000100111011
1100110010000111011110011111010100001010101111011000010101111001
0101110100111010010010101000011101000101110101100000111111000010
0000010110101100000001110011100100111001011101101011011010101100
0000111011001011011101101100011101011101111100001111111110011001
1101101010101001000001000111001001110110100010111010010110100111
1110101101001000011011000110001100100101010110100010001010011111
0000101100011011111001111010001101010011110010000000010100011001
1101110101001011011001110010010110110100100010100100000011110010
1110010010011111010110010101000001001111010010000010000110001110
0110101011010011001110001000001010010100100100110110101010110111
1011111011111011111100001100110010110011101011100010111000010010
