0011101100111111011101000101100010011011100000110011101111100111
0111011000011011100010000100011001110110010010010011010001011100
0110101111000110000101000110001100000100100000011110000111010101
0110101110100000010001000101111010010000101001000011010110101010
1010101110111001001110010011001001101001000011110010101001101011
1001110110111100111001000110011101110011001000000111110011111111
1110011110001100111100011010100000110101011010010001111110101010
0110111101100101001011110111110111010110101110111010111110110000
0011010000011100011000111110101001111001101110010111001100110100
1110100001110011001000001101111001111100010001100001100001111011
1100011000001110100001000111101011010000011110100001100110111111
1101000110101100100110001100001010110000100110100010011000100011
1101001100010110110010000001010001001001001000110100110101100111
0110011100010000011111011100111001001111100100111101010100110101
0000010001101010001101101111000101100001000101010100111011001100
1101000001101110100100001110110111001100100101000001001011101011
0000110100100100110101111001111101001000000101110010100100011110
0010101011001110010010110111010111111100001000101111001110101001
0011011010111000000000011100110010101010110111010111101110110111
0100001011111010010110100010011101000111011010011011111111110001
1110000011100100110011101110110000111101010111001100011010101100
1110110010111011111101100011110111100011100101111100001100111100
0011001000011100100011111101010010101101011000000011111100011001
0100100110001010000001111101111001101110000010001000111001111010
1011010100010101001001010100110011110010101110111011101110011010
0000101110100010100000101010100111001100011100001001111101011011
0010000110101111110100111001100000001100111100101001101111010001
1110111011000110100001001111100011010101000001010010011001001001
0011101001000101110110110001010101100111010000111110001110111100
1101100101100000101011111111110110110101010111111111011101110100
1110111111111000011111111011111101011000001010011010010110011001
0100111111000010011010001110011010100100111111010101101101101111
1010100000100101101100100110010101000010010100110100110100000111
0100100011100100011001011010001100110100100101010010000101001111
0110010101100100100000010010110100001001010011101111110101011111
0011100101111111101000001001010001110111110111010000101111001100
0111000001101000010100000101100010011000010001001111010110111100
0100101101010101001001001111111011010111011011011101111110100010
1110110000110101100111010011001001111100100101110001100000010101
1011111011011110101111111011000011100110110101011101110010100011
0111110110001000101110110101110000010010111000000101001110011010
0101011110100011010000101110000111100010010001001100010001101110
0011111110111100110011110011100010010100001010101111010000111011
0000000010010100110110001000010101011000100001000010110100101000
0000100010000100010100100110101000110111110111100011000001000001
0110110010111000010100100100110100001010110111101100011110100010
