1100101111010011111001101111111011110000101000110001011011111100
1010000111100110001011001110100000100000001111000001001100101000
1110110010000001001010001111010111001000001001000110000001111111
1111110010100001111011101101000101111010011110110011101100011111
1100110110110001110110110100100100110001001010101100111011011010
1110101111000001110011011100110111111101010000001111111101110110
0101101110011010101100101011000100001100110111000001101001101011
0110010110100001010110011101001001001101000001111100011011011111
0011101000000100100010111010010000101111010111011101011010001001
0000010010111111100000011010100111010001111000111001001011001001
1100011000100011100010000011011111100110111001101101011100110111
0010010010111001010100001010101100100001011100101001111101001011
1011101111010011001011011110000000110011000110110001111111010001
1101100000010111100100010101000101110010101010000010100000101100
0010101111001000001100110000100010010100010001011000001110101111
0010010100001010011010110011010110000111001000010110110101111010
0100100001010001101100110010011111101011000110000110001011011110
1000010110101011011100010010010100010010011100101010100101000000
1001101010001110111001110101111111100110110101101111111011001010
1101000110111110111111100011101011100110011110100010101111011011
1011111001001111001111110101100100111010000111100010001111100010
0101110000011000011110100101010111001001110101001011010111011101
0000100001101001100010000010010010011000101001101101101000110101
0111011101010111110101110111000111010101100101010011011101111001
0010110100011111011011000001001000110000101111111101100001001100
0000100010000011000100101001110010011010110111101111111101001100
0000010000010011000111000010000110010111001000011111101010110110
0000100101010101000110110110000110110010110111000011101000110010
1001000001101011011100101100010000001110111001111001011011011000
0000101001000011011110001111000111110010011101101001100011011000
1110010000110111101111110000100000010101011100111010011110000011
1100111011101101111111110100011111100111000101101000000111000000
0010011100001011000100011100110000000101100100100011001010000101
1000010010010111101111111010110111000000011001001010001010110100
1110000101101011111110101001110100111011110111000110001110100100
1011001111011000011000101000101110100011100000110101111100011111
0011101000101000010011101010100000010011110000011000000010110110
0010001101011000011111100010111011000011001000100110011001011101
0110000100011110110000100100011111100101101110110111100001010100
1010001001110101110001011100101010010000100010000101110011000101
0011110100100100101001010110011000000110101101000000000000111010
1110010100000111011100100110000000000111101110010101100101110010
1001111010001111000011010111100011011000011010001110011111101011
1100100111100100011111110110111100101011001001000011101000100010
1100110100101101000011000110101011001011111000010110101110010111
0010000111110001011011000000000001111000111100110001010101010100
1110100001111010110010000010100000111000111100111101101000001100
1000110101110010111010010111000011111110010100100010101100000011
0011100001101111000011001100000000010101010000010110100101101111
1010010110000100011010011010001001100001011101000111101110100001
0010110010001001100010011010001011110000111011110100000100100000
1101010111101000001010101010000011101100010011101101110111111001
0100000100001010101010101101000010000101010000111110101010100011
0101111001000100111000111100111001001011000111000111011011011111
0000011000011110100110011010101111101101001000011000101111000100
1111101110010100000001000110010010000011110001000000110100100010
0111100110101101011100101010001000100011001011110011110101101010
1101010001100110011111100101000001000001001110110101110100100110
1101110001111000000010001110101111001111001100110101011011010011
1001000111000110111101001001101011100111010110010101110110000010
0111010001111110101100010111011010100111010000011010011001011110
1001001110011101001110010110010100111110101101100100000001001101
1111001010100001101011011000110110000000000010000010110011100101
1010000000100010100010010101001101011100101000100100011110000101
0111110011001110101101101001110101100011001101001001101101111010
1100100101101101000100110101000001101110010011101111001001001000
0100110110110010001110101011100000101101101100101110110001100101
0010001001001101010011111011110000110100011000111010110110111101
0011110100111101010010100110011100101111100101110101110101111010
0001001000001000100000001100001010010111001100101111101110000010
0111111000101101011001101100000000001100110110000101001110111100
1111000010000010110000010011110111110110101101011001100000011111
0110100101010000110100011001101000010110000000011111101011101000
0110000001011001100010000000110010001111110001100110100011001101
0011001111011101000001001011101110100101010111111001110101010111
1011100100100010011111000110110011101001011010101101001011000101
0010110001011000100000010011010001101011001101011000100010110001
1010110000011010011000001100101010010001010100000101110101111100
0111011111101010011101100100001011011111001110010011011011001111
0111010110111111011011001001110001011111010011001101110000101000
0010101111011010010010011010001100100111110010000111000001001110
0010010011110000101010001101010110101001110010101100010100100011
