1111001100100101101000011001011111000100000010001011111001110010
0011000000111100001000101000111111110000111100010000100101110010
1100010111010110011100000011001101111100000101010001001011011000
0101011110000011110111101011110111011111101010100010010111010110
0010011110001111000000010110001010001001111010001100000000100101
1010000110100111111110011101010000100011000111111000100111010111
1111111011100110000010111101010101000111110110010000000000110011
1010011100011110100001111101010111000101010101011100000101101011
0000111001011111101111011101001110101100111011001000010010010001
0010011000010111001001010101000101101110011001111010010000001011
0000000011010111101101001100111010100011010011010000001011101001
1001110010101001100111111100101100011011111101111000010011001000
0101001000101001101111100100101011000110100100110111011000010100
1101111100100010001000111001110010011010110110000011001000000010
0110011011111111100111000000110101011010000110010010111000110110
1000101101100001101001011001011110111010010111011011101010110110
1110001110111100001101101010000010100101101110011011111100011101
0001100001011000110110100110000110001100011111010011100101111011
1010010100110010101010011110100000010111000011000000010000110111
0001011011010000111101001111011110110010100110111000101001010111
1000111111101101101111011011011101011001000000000010000101110110
0101000110100111011111010100011111100000011010111110100111101110
1111000000011100011001010110100101011010001111001110111000010110
1111010101010000110010101001010100101110111110111100110000010000
0011111100010011001000000000001111111000010111100000011010101010
1000101010111001011000111011110010010111111010101111011001010111
1100001001101001000100100110111011111101011000010100110110000000
0001111011100010101101011100111001011000101110000110110101010010
0100011110111111100100010010001000101001101010110001011011000110
1010100000111000110101000101011110001011010001011010110100111100
0011111000111100101101111111011001100000111001110010101000101111
0111110000111101111111010001001101111010001101011000001111011110
1000111100101000000000000100001100100000101011000111011011100101
0111001111011110101011011000100011100011010011011011001110101111
0100011011000000110101110010010111100111110111011100010101001011
1100101101001000110011000000001000011110001010001101100011000001
1110111000111101100100000111011000001000101011100100011011110011
1101111110011011011011011110000011010010000000010110010000010110
0010110011011101010001101110110101100010100110010101010110000100
1110101001110100011111001000001000011000101101110111101100101010
1110000100111010111000101111111000101010110101001100110111001110
0100000010010000011011111010010110111000110101100111011011110110
1101110000000110001001111100101001011011101111111011111000010011
0101011001110100110000111110110100000101000111011101000101000000
1111010000011001000001111100001100100011010101010101101011010101
0100111001110010001000011101110100000011010001100111001000000001
0111011100000100100010010111111110000101110110010000000001100111
0001001011110011101101000100101101000101001000000011010010101001
0110110011100110001001101000111100010110011010010101100100100001
1011100110000000011101010001010010011010011111011000010110111110
1000010101100101000000110000010100101101101100010111000011110111
0110111100111011001110001010110111110101110011000100010100010000
0100011010011000101000111010000000100011010010100010010110011100
0001100111011000010010000110010110001101101100110111010110101100
0010111110001010011000100110110100000000101001100000000101111000
1100010000011111001110001010010001100100001001111111011010001110
0000100111001011101011100101110110010001010110100001111110011110
1001100101001100101111111011100011111100010111000011000100001000
1000110011011011010011110111001001010011001111001111000111001000
0010010100000011011001000100111111111101000000100011010010001001
1111001000110110100011111100001000101010101111111110011010000100
1001111100111110001111100010001000111011000001011101110100111111
0101101100110101001011101001010001001011111000011111011110111110
1110011001011100101011010011011000100000110111110110110111111101
0111101101010101111011100010001110101011000001111000010101100111
0100100011010010111100100100011100101110000011101111110100011000
1101000011111000010010011110111001110011111110000110101011100100
0000011111000011010101111100111110001010100111101010110111110001
1111110111110000001111110011110011010101001011101100011110010101
0101010100011000001000110111001011011010110100110100010110100001
1010101011010010011111010000101000000011100001111001101011101000
0000111101110000001100000110101100110001000111001101011010011101
0101001011001000000110001101101110011001111010011011000000111011
1001011100100001011001110000101010110110100011001001001010100110
0000000001010111111010110000000000110000100000001101111111000111
0010100100110010010100010000100111010100000010101100110111100100
0011111011000110111100101010111001111110011101111100001110010100
0010111110000011000001001010011100000100010001111101001101011010
0001101101010100100000101000011000111111001001001001000111000110
1101011110110110000100001100010111000111111000000101110000111010
1100010001000011000110011110001101101110100111010001010000101111
0110100011100100010101100101000001110010000000110111011111001011
1000101010001100011011100000011100100101010100111001100001011100
1101010111111111000110000110001100101001000010011000000110001011
1111010011010100100011011110111110001111010110011111000000011001
0000001101101101101000010100111010111000100110101110000111001111
1011010110100110010111000000111001011010110000001001001010110110
0010110100011100000110000110101011110101000011101011000101111000
1110001100011010101001111111110101111010011100010101101010110001
0000010111011100110011100100000100000010100101111011001001010011
0001010011010001111001111111011110101101101011001011000010011101
0011110011010011011111011101101011111001010110111001101111011101
1010111100100001110001011001101111111011011111010101100111011010
0011111110110110000010010001011110111010010110001001011111110111
1000010001001001111010001100100110001101000000111101110100111101
0011111101010010100010000111110011101110010100101000000000111100
1001000001111101010001101110101010010010011011100010111001110000
0111000011010000100111011111110100011110001000110111100101111001
1100111001101011111101010010000101011001111100011010110000101100
0001010011101100010010010100111110110011100111101001100000100001
1100001011010111110111101111100101011000111100011011011101001110
1000011100101001000000001100100101111011110111011110011111000101
0110010000100111010100110111111000001101001111100011000110011011
0100010100111000010100101011111010100010111101111001001001011001
0011000101111010010101100110101001101001001101110111100001001010
0111110101010100101100011111010010010100010101101011100111000110
0111111000000000001001110000000000000100000000001001000001001010
1010010100100000111001000111101011111011111011000100011101001101
0000001000101110000000010101100000111000010111010000011010111010
0110011010101100010100100000011111001111000011001000000111010100
1101000100100100101100110011100010010001001001111111101101110111
1001001101110101101101001101110100110110110010010111110001101001
0101110000000001100111110111000000010110110101111111001100110110
1100000100000101111111111010101010101001000111101111101001100011
0100111010010101010110001111010000101011011001110111001001010011
1110101011111000111110110110110111110110110100010101010101111001
0110000111101100000010010001001110111001000001001110010111011001
0110110101111110010100010000111010000010011000001011000111011100
1011010001010111100101010011100000100110100111011101011110011010
