0011100100011010011101001111100101111101111110010011100111011100
1001010010110000000001110001000100000010010110001011011010001001
1001100101011101010100000100010010010100110110010010101100111111
1111010000010110001111011001001101010000001001100110010000001010
0101110011100110011010000110111101011101011100001110010010000100
1101101100010100000101000000011011101100000000110010001110011101
1110111111101101110101111100011111011000000100111111010100110110
1101010000010100000010010111010110010110011001011011001101100110
0111100111101001010000011001010101111101111000010001011111111000
1011001001101111101111001101000001100011101111110001110011000000
0010110010011000111111101101011010000010100101101100100000001011
0111011100011010011111110101110111111011101101101001110111110011
0100100100110011110010100010101010110010100110101000100111100000
0110001101000101001111000100101000111110111011001110100110000011
0001001100000001100111101010101010001100000110000010010001111110
1000110011000101001010101110111110000101010101010101000000101111
1111100011011001000101110011011010000011010011000001101100010011
1100110011000100011001000110101101110101111010111100101100101001
1000001101100100111001111111011010111000110001000111100011011110
0110111111111100010001101111101111110001000000010100000100011011
0101010100101111011101100100010100110010101000011111101010110011
1001110000011000001001010001011011000010010010001011001001011011
0101100001110110111111100011111110100010000110101010101101010001
0111110010111110111011010011011000101101100110010011110111011111
1111000011100000111110101010011110010001010110000001100100011101
1110100001100000011010011100000010101100000011110011011110110000
1111100101001100001000001001011001111100110000011101110101111101
1110010000001111010000000101111100010000110101111001100110100000
1000100100001101111011011001101000101011111000111101000111011000
1100101010000001001101111000111001001011101100110101101100001000
0001111000000001000000110000010011101111001110110000000111101101
0101000000000111010100111010110110100111110111011001110000010010
0001111000000011111101101100110111011010011101011110000000001110
0011010101111000100011001101000111100100001110000000101011111011
0110000010110100011110010100101111011100100111010110111100011101
0010001101101011011111001111010101100000100110111000000011100011
0100110011001111101101010000000011111100001110001001011110010000
1010111010101100000000000100000010000000110001011000000100100011
1100011001001101011111001111111111010100111100100010100111011011
0000110001100011110010000011100011001011010001111000010111011011
1110010010111010111001001011010111011111100110011001111010010111
1101011001011000111110111101100100011110001101110100010000001111
1100011100010011001011111001011011100000001001001101000011111101
0000110001001000100000110000001000011101010010100111001101000010
0010100111011000010111111010001101100010010111110100101101110100
1101011101101111010100010001111101001110100101010111100011101111
0000010001110100100101001001101000110110110001010000101011111100
0101111011000000111111101111110100011110100000110001001010000010
0111100100111001000100110001101101001111111100111011000001001010
1110010010110010000010110001011001011000110001100001000101010110
1101101100100111000110101001110110111110010001100110110110101100
0100101100000010100100010000011100010010111011011110001110010001
1110011001011011111010010110001101100111000011110100001100110000
0011101111101010111000111010011101001010100011111011111100001111
0111010011010101001000100100111000111011000010011110001110110011
1110111110011111001000001000101010100100111110000001011100010111
0100110101100100101110010000011011101111011111111001000111110110
0001011011101100101111101111110001101001100001101100010001100010
0001101111010011001000010101100000100100101110010111011110101110
1101011001110011000101000010010111101000101011111100000101001011
0000100001011011000000000111101011000101100100101101101110011010
0001011010000001101001011011100010101111011111001001100011010011
0110010100101110010111100100011101101011111011100100101000001010
1011000110010011111100000001100001101111101010110010001000011100
1000011110100000011100110110110100101011110010100110100110010000
0101100001100000110111110111101001000000101100100101000000001100
0110101010111111100111011010000011111111110001001100001111001110
1001100101001101110000001011011000100011011011100000000001100001
1011100011000111000001101011110101100111011100011001101011100011
1001110100101110111111101100101010000010010011000010111001000010
0000110111111110110010001111110001100110010111000010111110011011
1011110111000111110000110011001000001101110110100101111110011101
1100100100111001010011000111001011011010001101100100100111100110
0101000110010101000111010101010011000101011110110100001000101000
1101110111110010001110010101111101100110011000001100011001110111
1011000110101000110101000001001010111001011000001011110100001011
0101101000110011111001111110011110010101000100101100001001000001
1011011011101000011111000100010110101010100000010110101110001111
0010000001100101111001100101110111101010010100100001111011110011
1000000100111101100101000011111001000110001011011001100101010001
0100100100011110000001111110011101010110011101001100100000011001
0101110011111111011011000011001010001111001000011111001001110111
0010011110010110011001000000111001000010111000111011001010101111
1010010100000110001001011100010101101001010001000100110010000101
1010101110100111001111100010011110011110001001100101100011111101
1010100111000101111010000100011011110010011101111101011100000010
0111010101001001010101010011010100100010100110001001000000010011
0001110110010001101101001110101111001100000100000011001001011001
1101001000011011010101001101110001101101110100000010101001101001
0101101110101000101001111010011000110100111011111010100110001011
1111001000000111010001010100110000010101110100010001000001000010
0001000001111111010011010000011110111010101100011101000000111010
1110110110111000011011110110011101001010100101010000110100010001
1000000001000001011001100011011110001011001010011000101100001110
1011101011010010001111011100000111100111100011111111111110110010
1011111111101001001010010001001011000101001100001110001001001111
0001000010010100111100001111010011011000100011011101010011001100
1011101000001111111001000111111111010011000000111100111110001111
0100111011011100110010010000101000111110101000101110111100100001
0011000100001001100100110110110000101001010100101100110100011001
0111100100001000011001101101110010011111011111011111100100000010
1011101001111101011000000000011111101110001100110001011011011110
