0011111001010100111111001001011010101010110011111000001101000000
1001111000000101001110110000110101100101000000011010010000110010
1100101000001101111010001011000001001100010110011100111001000000
1010101011010110001010101010001110101011010011101000011100100011
1111001011011001101011010111011001011101000111101110100011101110
1011100001110011100001110001101001100101010011010111100110000101
0101001100010001101111111000101110111001000001000100100110011111
1100101001011001000001011011010100000000001100110001111011111000
0110111000001000000111110111111000001010100100011010011110011010
1000011101010001101000001110100101011001010110100101101010011101
0011110011011110011010100010000000011110100101010110100101101100
0101101101101110001000101111101000111101101000100010100111011100
1111111101111100001010001001000101010110011111001011010110110100
0000000001110101011000110100010000110100010101011100001100001011
0111110001010100100110001111111100101110000011101011001011100101
1001001010001000100011001101001001101010110100011100111110111110
0101100101001000001010000011111110111111100011011001011110011001
0001010010100101010001001111010000110111010000100001000001000001
0010001010110101000110000010111001100001010010001011000111011011
1011100101111110010111000100011001110011110111000000011000000110
0011101100000101100011101011100100110010011001001011101000101100
1111100101110011101100100101111100011011000110001010100011001000
1011011001110101101101011100000110110100010111001010101011000011
0100011000001100110100110001110110110001000100001101110100100101
1010000100010011101111001111100001010000111010100011101011001011
0010110100000011000011000111101100010110110100110110000010101001
0111010100011100110010010010111010100110101111001010000101011111
0111001110111011000100111110001011010011110101010100001110011110
1100111100001111100101101111101010010011110110000101011101010110
1110101001000010100010110011111010100010100001111010001010100011
0101000111110111100101010001010010001000001111000010000001010101
0011111100100000111000011101000010101111101100000110001001001101
0001101100000000111010001111100000101111111010111001101110001010
0011010010000101010111111101100011100011101001110111101011100100
1000110000001011001010010100010011100001101011001100010001111101
0111001101010101011110001111001010100101001111101001110100010111
0111011111101000100110000100101110111100111101100011101000110010
1101010100110110011000101111011000010101110110111101110011011100
1000100011101001011011110111110011110010101000100001111011011111
0001001101011101011111111010100101110110011010011000110000010111
0101011100011010111000101010011110000110011000001110110111100101
0000100001011111000001000111110000110100100111100100111100100011
1111001011000010001011010111011100001110101000011100011111110011
0001100011010101111111100100100010111111110011001111010101111000
0000000000000011101010010111001110111111111010001011110101100011
1010010100000010100101000010000101011011111110011011001110011101
1011011000000000110101001110010101101010011001100010010110001101
1000110111001000111000110010011010101000110100110111011110110101
1011111010101000100100011110110111110001010000000111010101101110
1101010011101001101011101110011111000000101001001011101101100100
0000000111001000010100111011011001011110101111010110010110011100
0010010111111101011110000010000111011110101000111111000001100011
1000100110001110011001110010011100010011000110101111111110001110
0000010111001101000000110111101000010111101000110101010111001110
0101100110011001010011110100100101110001011100100001111011000011
1100001001101011111010000001100111111100011110100100010100110101
1101011001001110101001110011110011010011000111101101111011000110
1100110000110001111011111001000000111001000000110100100111110110
0101111000111000111100011101111101010011000110010100101011011101
1010100011110101111110100011111000001001001000000000110110010110
1011101111011010011101100011010010111010000000101010010110011011
1001011011111100100101110010001101100011111111001110000100101100
1100011000000110110100100000011010010101110010011011101000000100
0000100100001100100110110000001111110110010100001001010110101100
1111111000000001111011001000000101011011010101110001111100001011
0100001110001110110110100011001010010000101011101101000001001000
0101001010000111010110000001010110000010111110101001001000000010
0010110001110100001100100111010100100000111100101110100010000000
0110010111000101011100110100010000010111010011011111000110010100
0010000010101101001000010000110101011110101010100111000010101010
0101011011011111111011100101110110000101110111000010101100000100
0010010000101001110000111101001110101111100010111001100111111111
0010110100011010011111011010011111011100110001100101101110010000
0111101100111100001101110110001010001011110110101101101110001111
1111101010100000111101000010100011100111010110011000101010001001
1101111000000101110110111100110010010101001111000011010110100010
0110010001011101100110100001000100001001100110000110100111001110
0000000110000010100000010110000110011110001011111000111101001100
1111101010010010101110111101111110011100101101010100011101100110
0010010100000001111101101111000001001100100000001011000101001000
0001010110100110101001111110001001001100101110011110111101001111
1011111110001111101010110001000101000110010011110011100000011001
0101000011100111110101101101001001110001001010010000111100100000
0000101111001011011010011001010101010010000101001001011111001001
1110010011110001001001000011011010101011101101101010110010000110
1010100011110001111111110100001001000101001100010101011101011110
0111111100111001001111111011100001100100001110011101100100101010
1111111000000101000000010000101111000001110010101101100001000100
0110110011010000111110001100000101111011000001010100001100111001
0111001000110100100100111111110011001010100100010101111110101101
0000101011110111110101011110011011001011000101100111110111101010
1011000111101011010010110001111000110000000100010100100111100010
0000110001010010001101110000100010011100000011100100111000101000
1101110011100101010011101110101010101011011010100000111010111111
