0101111111110110011000011011111011111101110011110000011100010000
0101001100101100000010111111101000110100111000110100000001010110
0111010001000100111011101001101111010110011001010110000000010010
0000110110011110001101001100001010010010001001111101110011000100
0100000000110101010001101110100011010000000011100011011100000011
1000101111011010110101011011111011110001011000000000111000111000
0010100001111011001101111111111111001010011111001010101000110011
0000000010000100001111011110111101110010110010011011000100110110
0110000110001001011010100110000101011001110100001011001101010100
0100000101000000010100000100110111001101001100110001110111100001
0110100110100110100101010001010000011010001100011010010101010101
0001000100001111110000010010011101111000001011011011001010000111
1101110101100110011000100011110011000110000111100110000000011011
1000001111001010110011011100011000001011000000001100110100011110
1010110001011010000111101010000001110101100001010111111110010100
0000011010011110000000110001100000000011000001000111101000100111
1000010100001000001011111110001110000111010010011001110010110000
0001011111110000010111100100011010001000110110101010010011001111
1111001011000101000100111011111110010001101111011000111010010110
1001001011111111000010011001100010011111010010001000010000000010
1000011101001011001001110001011111011111010010111010100110101111
0101101011010100101011100010111011101011101110001101011010110000
0101010101010000110011100101100000110011000010101001000100010000
0011011110101100011101001001111001111111010100111011101011011101
0100111100101010000000100101111111100111011101100011011110000000
1111011000000000001011100001100111001111101011111001011100010001
0011111100110000111110111010001101000000000000110111100011110000
0111100100100101010001010010010001010100001001100100110000000111
1110100110011010010111101000110010100110101010010100111011011011
0011111000001111001101111111111110101001000110001100101000100111
1111110111010011010011000101111010010001010110001101100001011100
1110101110101100111111101011101011100101000001001000001011101011
1100010011101100011010110000100000110000100000111011000110010111
1111100011101010001000101111101100100000010100011000101000001101
1001000000011010101000100100011010010100010010100111001010010010
1101100100001001100011110011010011101010011000111100101000011101
0001101001110100110111010000110111110011100011110100000111000011
1011110110001001011101110010000010111111011100111001100000101110
0010110101110100010110001001010101110000100000010101110100001110
0000001100000110010100011001000101010001000000000010111111000100
1110000100010100111111101001010111101101011101110100100110100001
0010110010101110110011011000110111011111011001001001111011011111
0011101011000000001100001011101011001100000110110000011110010101
0001010101111101110101001101110100000101011100010110101100001000
1110011001000101110001101101110000111111010100111111001000000001
1110011011111000100010011001001010111001010111111000011101111100
0010110101000111111100001111011001010001011101101100010011011100
1010110110001010110111011000000100101101101100100000011000101000
1000101110000110110101010101111001010101101001111011000001101001
0010001101000011000110010110010110101101011001110101110111101001
1101110110100001100001011010100010000011000000110011000010000010
0101111111000111110011011110100111001011011111111010101000101010
0110111111001101010001011100111101001100000111100010011000111000
0110100100011010111000001001000000110101000000100000000000010000
0111001101010011100011100010101110110010110010011100111111101000
0110000100010101010111100011011110111010101100110110000000101011
1111000111100011000001101000100010011010001110000010011001100010
1010011011111100000011110100100101010000011101110011011110010011
1000110110100100000111101110011111010001011110101100001011111001
0110010011101110110101101101001110111111001001000101100001100111
0011000000001100111100110000011100110100100010101010100111110100
1110001001001000011110001100110001101100101011010110011101000101
0111110100010000010100011000100101000100001110011010000001101010
0111001100110101111000010111011100100100101000100100011010100011
0010100101011011001101011110110100011101001101000010111001011000
0000101100000110101010000000001100001010000110010101010101011001
0011010100000100010110000001111010110110101001011000001011011100
1100001000001101011000101010001000111111010101110101101001001011
0101011111001010001001001101111101011100101111101110000110111110
0010101101000000101001010101000111110110101010101000111000100110
0100011100100011000010000110111011001000001111101111011111101001
1000000110100110110111101101000000100100001111111010001010101001
1100010000011010111100010001111001100101010100101011001111101100
0000111010010110000000111010000011011111011010011011001011010110
0100111111011010011100010001101000011010000011111010100100000010
1111110000000101111011111001110000111110110001111110111100010011
0110111000000000111000100011101000001100011000100111011001110111
0101101001001010111001110011000110011010111010110010111100010101
1010001001110110110000001000000101010110011100101111001000000110
0100100001001000101111110111101101111011101110100110110101000110
1000110110101110101100011110011111000000101010000100111101111100
1011000100100110100001010000000010011110001000101110100010000110
1011110100000111111011011011110100000010101111011000100010011110
1101011110101110011101001111101000111110111010101001100111111001
1011011010011001111100100001111010101010100100100101000000011000
0111010011000000110010110101100010011110110110100111101101101000
1000110000010000100100000100001011010001101110101100100011110010
1110000011001001111111000001001000000101000000100100010101110001
1011001000101010001100110110011101001010111111000001100011000110
1001111001011010101000010110010000011001011101110111000011110111
0001001111000010000101110010000001010111110110000111000010101000
0000011001110101101111110001100110011110010001001001111110110011
1001001111000011000111011011111011110011010111001000001101000000
0100010110001110101011111111010100101001110011110000100011011110
1011111111000100011001001001100011010000001101011000100010100001
1011110111010100010100011100001101100000000101110101110000000110
1010111011010110101101010001101111100001010010111110101110000010
1000011110110111111001000001100101111010101000100000111011010011
1001001001011110111111010001110000111101000001001110101101001000
0110000011110011010010010010001010111011100010101101110001110100
