1101000110001100111111111111001110110001111110110001110111100101
0011110010000110111100111101011000101100110000110101111111010111
0111010001111111101001101100110010000001101010111100100010011010
1111010001110101111010010110110000101010001111010111000011101000
1100110111000011110010010100110011111010010100011111111110001111
1001001101111110010000100100000001110001111100011010001101100110
0101001001101111111000000001111011101111001010011010110011110111
0000011110000001111101100110011110011100011110100100000110101001
1100111111111010111011111000100011000001011001100100101010100111
1111001111000101100001001000001001110111100011010110111000101001
0011001111101001110001110011111100101110110100101010110101110010
0001100110101100101010000001111100110100000011101000011010100010
0111110000111011000100000110011011000100001000011110101101011111
1011010000111111110001101100011100001000111001101100110001011110
1111110111010000110000101010100111101011100000101000001100000100
1000101000000011001011111010000111001110011110000011011011110010
1011101011110100101111100000111000011100010111110001110110000011
1011011000001111110001011000100110111011100111000001000101010000
1001000001100010011001000011011111000001110001101101011010111011
0011001100011011011001101010000011100110101101000110011100001111
1101000111111101111111000010110011001111000110011000101100100001
0100100010001010010001110101110100111011011101010111010000110110
0100011011011101110011011000010011111111100001110100101000101010
0101110011011100000000010010110011010001100011100001111100110101
0111001110111100011111000110110001000010111101101111111100000001
0111010011001010100011101100101001001100010011001101000001101111
1001010101011110010010000011011011011100000000011001110111001010
0101001101000000100110011001001101100110111011001010110000001001
0101100010101100001010011111110101110010111011000101101110100101
0000001001101100101110011101101111001100100111100100001010110100
0000000110011001000010001011000101010110110011001010110111100100
1100100001001000011110010010101010000101011001100110001111001100
0101110101010101000001000011001111110110101010001101000111000111
1011100110101101101100100000110001010011111001011011111000001111
0010101010001110000010101010011110100101100000000101011001011000
0000111000110110000110100100100110000000111111001011011001110011
1011000101010111000100111111110100101110010110011011100110110111
1010110011111010001011110100010000110101101010001111001001000000
1000010000011110101100011101010011000010001110110110101010001100
0101101101011011111110111011001011100001010011010000011001111000
1111110010011001001011001010010000001101000001100111110000101111
1001100111100100001100100111011110101101001001000111001000001111
0110001011101111011110011111010000111011000111010001001010010111
1100000001011110001011010101011101110100011001111101000010110000
1001000001010010000001011111011111010110001010011101000110100111
0001001101100000111010110001011010010101000100000000110010001111
0010100110110100000011100100111010010001101011101010101111000011
0110110011101111010101001100101010011101111000010000010100000110
1101010011100110101000110010111001100010110010011111011011100111
1111011110100000101101100010011110010100110000000101011000001011
1101100000100101101111101111010000101110111001100111010010010010
1111100110100000100000101000110011010100010011101110000010000101
1111101100110001001100001001000000100110110100110101101110001100
0111101000101111111100100001011111111101011000111101000101101101
1011110111100100111111100111010011111100100000111110111101011100
1110101100111100000011110001100001101111100111000000001101011111
0011010101100100001011001000011100110111001000001000101010000001
1100001011101110010101000111000000110111000111101010111111010010
1111001001100010010001010000100010010100000101111011100111010100
1001000111101000100010101010100000111110010110110100001100101010
1100110101110110010001110101001110110010111100100000001110000100
0011000111110011000001011100001100101001100101010001100011010111
0100101111111000110110000111101110011011101011100100100001101101
0001010000110101101000000101010010100100001001111110111101001110
0010001111000100001100110010100110011100011011110111101011111100
0010001100001001000001100011000110001001000001010110000101010111
1001100110000111110110101001110001000100111101000000100010101010
1000110111011101010001101100001111100100101010110111110011111000
1110111000000101001110110000101011000010000000010111111111101001
1010101001110110011100111101000111110010001000100111010100100010
0100000101011001011001111110100101010011101110101101001010001110
1010000001010111101000001010001010010110110000010010011101111000
0110111100100011101111110101100110011000101000010010101010010100
1111010100110101011000010011001110100101100101110110010110111101
1111010101111001100101111011001111101010111110111000111010100010
0011000000000000111110011010101111011100000000001000100111101110
1001000100001000011100110001100101010011001100010100000111100110
1100111100100010000110110110110000001000111001111110010011011111
1110101011110111011011111001100110101001111101000111101100011110
1011011110111011000010100110011000100101000001011111110000101110
1100111000001101110001101111000011110010111111100110001000011110
1001110010111001001010010111111000001010011111111011001111110100
0011110111010101011101001111110011011011111001100100000110111111
1001010111001110001100110101010011001111101011110101101001111110
0100010110100111001110100101000000100010110000101011001000001011
0100100001110100011101110000111110100110100011010110000010001010
0000110010111101000111010000000001100011101001001100100101110110
0111011111010001110110111111100111101100011001010101101111111000
1010101011010111010010001001111110100000110111101110100001000010
0011100011110001111101000000100010100000101101010110000011101111
1001111101000100101110100111010110000100000001100101101111010011
0010001010111101111100010110010100011100000000010100110111000110
1000110110010010010010100000000011100000010001100110110101001011
0001101111010000101011101001000111001010111000011111010110000010
0011100101111111110001110010001110001101101100100001111000100001
0011100100001010100101001010000010100010010100010010001000100001
1101110000000000010011101001010101100111011110000100011100111001
0001110001010011000000011010010000110111100001111111000000011111
0100101111011000101110110000000001000011100111100100111000011100
1100001100000011100011110111010010000100011100010111100111100100
1111000111011010110110010101101101111000000101101100011110011000
0111111101100001101010001000110110101111001111110101011001011010
0101010001011010000010010001100111010010000101100001101001010111
0101011010010011000111011111000100000000110000100001010010011101
0111001011000101111001101010110110111011011011100110101010010101
1111000000100100101111101100100100000010011111111110110110001000
1001011101011100111011111110111110111101100011011001011111111001
1001000100100101111011110111111111110011101111101001001011100000
1001110110001110101000000001000011110010011010111000101011101110
1110000000011011100110011111111110010001011110100110011010000001
0000010101101001010000101100000110111110001110100001100000010100
1010010101001000111010001110001001110011101111011010010110010011
0010101111110011110100001110101100001000111110111111001111000001
0100011110111010011100010001100110100001100110101011101111100111
1100011101010111100010111100110011011101111101000100000010100101
1011010110101000010000100101000011000101000001010010110111110111
1011101001100100100110101010111000101101101111100111001010000010
0110000010110110111100001001000000111010111110100010000000111000
1011100110000100001010001110100000001000010101100011111111011000
0000101010100111101001000010001001100011101011011011110111000101
0111111101010000110101011010010101101110100100100101001001001011
0111011000011100011011111111010010110001110111001101111000100001
1100110110101000100011000010010010111001110101001111010101100011
0011110100111100101000110001010100000101000111110011000111010101
0111010110100110010010101101100001001001111011101101000111001001
0111011111010000110100110000100000011000111000101110011100000101
0111010010111010101101100011001000110011011100001010110100101100
0011001010100100110001110010100011010010110001101010000001000000
0100111110001101110110011111010100010011111000010111001000110111
0100100010100110001101000011000011111010001111110100000001011001
1101101110010110010111111000111111110001110100100011011000101001
1000000010100100111000110011001100110101001101111100111011000101
0111111000110001000000001101110000100010011011101011111101110000
1001001101000001100000001010001111100001101111111000110110100101
1011111000011000111001001110110001010001000111100101010101100101
1001000111001110000100010001101011011000110000100001111101111110
0110111101111101110000001110110100000011101101000110000010001101
0000011100111100111101100100111010010100101010100111101001101000
0001001001101111001110100010100000011110000000010100010001011100
1000010011000010010001011000000011010010100000010000010000000110
0101010111100010000100111110001111100010110101001010010110101111
1111000100010110011001100111001001011110010100000011110001110010
1000000101011111100111011100011100011011001110010111001111110111
0000101010100011001011000001010101111010100111101111011110001110
0100010101111011101101010100010100001000001101101010101100011110
0010101110100100110011011010011101111010000010010010010011001111
0111101110111111100001110101001001100110110000110011101000110001
1001000000100010100000111111000101110010001100101011100100101100
0001001110111011111000001100000110111011101010001100110010011111
0010001010101110100000101100010011110000111000010110010011101100
