0110000101101110001000101000010110101100000110010111110010101000
1010110011011011011110101001100011001001110010000000110111111010
0101111100010000011100000001100010010101000101100101001100111110
1001011101001111110001010101101100110110000111110110001000010101
1011100101010110000111011000001011110011001111110111110001001010
1011010011111001010111111101110000000000101011101100011001000011
1011111110000111110000111110000101110001010010000010111101110011
1010100010100101100111011101011100101000111011010101000001011110
1011111111100101000010101000101001111100010101011101111111011001
1111101110001010001101111011011000100010101100010011111100001011
0000001000101111001010111001010000010101010110001001111111111001
0000110010101100000011001101000011000001001010010001011111110100
1101111000001010000101011000100000101001111101101001010100011010
1010101011000001010111000100001110001110100001011101011100101000
1001111011010110111010110010011011000101010010000111100101001100
0110011000010001010011101101011001011111001001111111010110001011
0100000010111101011010001111001011111010010111110101111100111011
0111000011110010110001101100111111111001111000101111111110000010
0111101011010011110101000111001010100100101101010111011101000000
0000100001101100000001110110111000100110101011101010010010101111
1101011001110011010000100100011110001101100110101100110101000000
0100111001010111010000101101110010001010111101010101010101010110
0111010010001110111010100110000011110100110000100011000111001001
1100001100101111011001110101000110010001011100111001010001101101
1011100100100110110101111111111011111110011111101011100011010000
1010000000000010111011001110001000100100111010111011011111100111
0001010110010111010111010101011111110101000000000101000101110101
1000011010000011111100001000001010000111100111101110001001100111
1110010111101110010111010110100101001000010010001000010100011101
0110101010001011100101001001011111011100100000011100001011011000
1100011011000111011111100111010110011111010101001000101100100001
1101011011000001111100110010010111110011101110101100000100010111
1100101000101001000111010100000011000001000011111111100111111001
0100110010001110101101110110101100100011101010101111000110111010
0001000010111000111001011011111010101001101110001101001011111001
1110010001001010010000100001111111001010000111101000000111001111
1111010001011110011100001000111101011010011110000011111011010010
1010001010110110100011011011000001011111011110001110010010100100
1011100101011101110000101101100000001011111001010010110101001111
1110110111001100000001111001000110010111001001110101111001111001
0001111101010110100110100000110100011011000100101110000101011010
0011100000001101100100101100000111101000110000111010101111011001
1010001111011100101110000010110000010100001110000001001000111000
