0011000010100000001111010110100001011110000011100001001000000001
1111110001001010101111100000110000000111101110011001110011011010
1001111101000110001111011100100100000101000100100011111111111001
1001001010010010011000010101110010101010010101011101000100001001
1001000101011001001000100100100100101110110010111000100111001011
0000010101100011001010000010100111111001011100111010111110000110
1010000001000101001111100101101010011001000101001011001000110100
0101001011001111000111100100010011010100011111100011100000110110
0100110011101010011010100011000101100001000100110000110110110000
1100111110001011101001111011000011101101101010101110001101000001
1001100011111000101101111110010100101001101000010101010010011111
1100101111001011101001111001110111010000011010100000000101011001
0110011011100111110111011010101001101001000010110101000010001001
0111000011111000101010110000011001010110111001100010111100110000
1000010000000101100010111010100101010100101101101100110001111111
0101010010111100111100100100110000101111101111000011111011100011
1100110001110101011011100010000001011011100101110101000110110111
0110100001101110101011101001010111111100010100000000010000100010
1000100110111011000011010100100001101011101010001000111110111101
0011110011110001011100100100111111011000110000110101101001100101
1001100110010010101111010110100011100010101101111111000001100111
1000010010011000011011011000011100011101011111100000111110001011
0101110101101000001001011001010110111001011101100010000001110000
1000110101110111010100111010110101011000111101111000001111000010
1000101101010011001000101010001001111011000110010110111001101100
1011101010011101011101010010001000101011001000001111010100001101
0110011001011000000100001101111100001111001010100101110110101010
0110101010001001110111100110001001011000010000110111001101000111
0110110010010011111001101001001101000110110110010110111100101101
0100111110010000100001001001111000000010010011110011100000101111
0011010010001101010100000001001110000001001101011010110101011001
0011100000010100100100101111011011000001110100110110001000011011
1111011011100110101001110111100000110001000100110010110000110111
1111001010001001101101100101101100110000010100100011001111011111
1100100011100100110000110110111111010100000101101001101110001111
1101100111110001010011010100111001010000011000001010110001101000
1111011111010011010000011011010010000111000010011010101010011111
1110110010000111110011111000111010011101100001010011000010100001
0001001000000100110000010110111101000100111101001010000011011111
0110011010111000010000110100111010011110001000010101011011010011
0001110111111011001100100010000001001101111111001011110001110010
1111111010001100111110101100001000101101001001000011011100011110
1000010111001110111010100110010110001100110110000100110011101001
1101010101110110010110000000011110000000101000010111110100110111
1101011101000000001001101101101111001110011010110110001101101010
1001001001101001100110011110000110110011011000110010110000010101
1000111111111101100001011011101000110010110000100011100101010100
1001100111000001000000110110000101011001101111001111011110101101
0011100101010100110011111110100110110010001100101101111000010100
0011110001000010001110101100001001001000011101000000110000010001
1101010011111101010100100001110011010011001000101100111000011110
0100110000110110111010011011101111111001111001011110101110011111
1110111000101010001110010010010001000000110011010000001000010101
1000000110101101100001001000101101101111000000111011010000001011
0101010011110011000000000011000010011000111010101001011110000110
1111000100001011100010001010001101010011101001101101101000100001
0010101111110110010101011100011100010011011101100011001101110110
0111011010110010001010000101101101111100000100001101111100010000
1010000000110111111001011111100011011101010011011000110111010110
0000110100010101100011001110001110001100111100111100111010101110
1100111101100010110001111010000101000011011100000011010110111010
0100111110110111000100010010100011100100010011000001010000010000
0100100110100111110000011000011011111011001111101101100101000010
1110101101110110100100100111111101111111101011110110110001110010
1101011010001010010111000011010110001010001111111100110010100010
0110100100111001000001111010010010100100010010010111111101000110
0011011011001101000001011000010100100111101001111101110111011100
0001010000101001101101010111101110111101100011010110010001001010
1101101101110000100101100011000001001010100100001011011011100001
1000100100001111000101111101110100111101100011100111101111010100
0101000001101101111010011011000100001101101101011111011001110100
1111110010111101000100000010100000011000000011111011101011011000
1000100000111001100110011010101101111110101001110000010111011110
0110010010101110001001011011110110111001111110010101111100101100
0011011000010011101110001110010010101000110111100100000001111010
1101011100001011011101111110001111101010001111011111101110111000
0000000011010101110000000000000001111011101101101011111101001000
0110000011010010000111110011100111001010010001111110001000011101
1101110110110111010111110100001101101111110100001000001011011011
0000111000100101100100011111101010001001100011000111101111111100
0101000010000001011101000001011010001010000000001101111101110010
1101111110111101100100001101010111011000010000000100011110110010
1110111100010111001101100001110111000001000011110100110101101000
1101100010111000000111110001010010010110101010001010101001101100
0111001000011001110111100100110100000111000011000011101011010000
0100001110010110010100010001001111010000011100000101001000010111
1110111011011101000001000010101011101110011001001011110101100001
0111010000001000110001100100100011010100101000100111101101011100
1011101101011110111111011001101001000001001101000111011010110010
1010101011001111110101111010011000110111001010001110001000001011
1110110110001010000001111011110110100010011010011000100001001111
0100010001110010000100000111100010010000010011111010110011111101
0111111100011111010101110001010000011001011100011001100100001000
0100110000101110011101011000111001110101111011010011010111000000
0110011000011110001100000111111011100011101000010100101000010101
1100000100100100000001101100000111100011000000000001101011111110
0011101111101100000011000000101101100001011101001100100001000111
0001001100010011010100100110011101100110011100001011101101110001
1111010111011101010101011010101100100111110010001101001011101100
1111011000101110011111011110001111100111011101101001010010011001
1111111010000101001011000010000101001000001011011011110011100100
1001010111110101000001110111111000001110111111101011010010001010
0111000111000101111001111100010010100011001101010000110101111011
0010101011011011110000010101001000011001110011100001100000110010
1111100101011101111110011100010111100100010101110010101100110111
0101111101101111011001001001110011011001100010001100001001000111
0001100110110101111011001111111100011001001010101110011111111100
0100111010110111000011111110111001010001101011101100000000001010
1111100011000111111111110110011011010010110001000110001110001000
1100111000011110000011001000000011110101000101100000010110110110
0000110110100000111011100101100010000101011111000011001000011000
1001110100111111000111111100001010011010111011010111001111011111
0001000001111010000001100011011101100011010010000000000110110100
0100100001110111111111000101011011000011100111101111100100100101
0011100010010111100101111010010000001100111010000100101011010111
0001001000000000111110110011110011011000010101001010001000111111
0011111111101011001110110100110010010010110001010101010010001010
1011101111111011010100010110011110110001100011110110110000001100
0100100100111010111111001110101010100111001011101110110111010111
1010011001001011101000101000111100100010010001010100111100111111
0010010100011001010110101010111111101101010000101001110010000100
0100000101100001111110110110000001100001110110111100001011101001
1000111011011101111010101100110001000011001000000111101011010101
0011110010000101000110011001111010000101011010001101101111001001
0001110110001110111100000000011010101000100110101110010010000000
0100011010110101011010000001011110010111110011001001111011111000
0010110101100011011101100010111011010111001000010001000110100110
1010111010011011010001110100100000000101110010110110011111100001
1100111011011011110000111111111110101010111111010100000111011001
0110111111000110000010110000100100010001110000101011101000000011
1110011111111111010100111101000111110100110011000000101110100100
0100000100011111110101110011111001000010110100100010001001101100
1110010000001000101010101011001011001010110010011101111101010000
1111000110000110101110000111101011000100000001111110001010001111
1110100001001110001001001011101101100111101110010001001110111010
1100000101111011010011011101101110001101101100011110011100110101
0011100100101101010001000100000111101111100010111011100110111101
1100100011110110100111101011110111111101101010101000011111010110
1110000000110111011110010111100110111110001001000010010100011110
0001100100011111001000011110000001000001001011111000000001011000
0001010001011110110101110011011000011100111000100001011100011110
0111100101111110000011000111101110110001101100101000101000000011
1001110011010011010011100100001001110000100111101100101100000010
1110000110111011000111010000000011010001011010111010101111110111
1101100101100011011100001010010101010011111000010101101001010100
1101110110110010010111110010011000001000001111101111001000110011
0011100001110100101101111110010100100100011001010100100100011000
