1010010100101111110010010100010101101111111100100110101000101100
1000010101011010110001000101100101011000011000110011100100110011
0110000011100001100011001101111001101111011011100111011001111011
0101110010111100101110100011011101100111001010011000011000010001
0010010111110010110001010101111100110010001111011100110000111101
1001001010100011101100110100111101010011101111111100001011100110
1001100101110011011111111100111011011101100111011001000100110100
0011001000110001110100011100111100001101110101011000010011110110
0111011000000001010010000011010100001100111001010110010100001101
1011111011101111010011001100101000110100100100100011010110001100
1010010111100111011010011111110010100000001000000001001100100100
1001011001000111100001101110011101110111110101011011101111110000
1010001011001101011100110010101001000100111101111110100010111011
0110010010010101001000011010011101110111010110101010010011110000
0110111000110011100010101000011111110001100010101000011001011110
0010101000111011000110100000011001111101011100100011001000000101
0010011111101010011000110000001001110010110101000011000110110010
0000110010101101110011101001001001010011111101001110110011010011
0101100001000100111111110101110011111011000000101101000011011001
0000100111011011001011100000111100001111100001011001111110110111
1001011110101101100010111000100000000010111100010000101011011110
1100101100010011110010111000000100010010111111110110111111011010
0011111000011111001110110111000100000101001010100010000010011110
0110111110101001011001100110010000111010110010010001111111010111
1101000010111010101011001001110111010100100101001110101100110110
1000111110110110001111111100111110111010111101001111000111001001
0001000011001011111001100111010100111001010011101001011100011000
0011000001110010000001011101101101111010110000000011010100100001
0111010000111110100111011010111110000110100000001000010000001110
0101111011010100110110000000110010010000011101100100000010100100
0101111011111111010101011001010111111111001100011011000000111110
1001001010101111001000100001110100000100001101110111011000001011
0100110101000000111001111101100010001011001101110101111101100100
1101110110011000010010011010100001110001011010111100010100011000
1011011001001110011101000010110010101101110100001110000010101011
1000011000111001000111010011000000010100000111000110011110100110
0010111100111000001011100100001000101011010010011100011110100011
1000001111011010000011111110000110011101100111111001001001001011
1101111001110001010000011111111010001011001100100111101011010111
1001000001100110111010000001100101001110000100101011101110010011
0111111100100110011011101010010001000111100010111001011011100110
1011111101101101100011100001100111000010101111011100000111011011
1000101110001001101001001101111101011110010101100111110100000111
0100000001101111101001001011000010000110001100100010011010101111
0111110000010101000011001110011100001010001001001100101010101111
0110100110000110100011011110111011010100101001010000110111011000
0101000000100011100101100001101010011010110101011100000101010101
0001111011101110100110001001001111110010111100110110000010111000
0000011101010011110010111101010101010100100111001101100111010001
1101010111001111000101111101001011001100110100110010010110010000
1011110010010010010011100001001010010101101011000110000101100001
0001100101101101110101010101001111100001001101100010111001111011
0010100101010110001000010111101110111010100111111110100000101001
1101011001110000100001101000011100000000000101010001111010101111
1110000010100001011001000111100000101011010100011110000110110010
1011011101110110110000111110111011100101011011101011110000011101
1101010110100001000110111000000001011100111010110111000101000100
0110111111100000001001101000000101111001111000001011010000111110
0110101111011010011001010011010000010101011011100000011100111011
1110101101101000001101100010100100100100110111111010100100011001
1000010111111010000110001101001010010000101110000011111011100100
1001110010011111101101100110101100001110011010010100010101001011
0111001100011000101101010000011111111110000010110101001100110010
1111101101000011001001101110111100101000110000110101010111010001
1011110011111011010000111111000001010110011101011110111011100011
0001011100100100010011110101110011000111011000011101110110100001
0111001010101100000101010111011000000111101110101101100000100101
1110111100001011101110001011101111011010001001001111011101011010
1011110011111000110110100010010011110001000111000001101000110011
1001101111011111100011001100011110011000100000110101011001100010
0011001110000101111100010001010101111011010110100000011110100011
0100011101011110000010010110110101010011111110011101010010011000
0011101100101011110000011001111010001010110101000111011111011101
0010001101001011000000111101000100111111001000111000111111111100
1111011000000111000111000010000001101000000111100000011010000010
0111000110011011001101111100001100001011011010010110110100111101
0110001110110100100101111100000010010010111000011010001110001111
0010001110011110010010000100110001110110101110010001100011110011
0001101100111111011001101100000000101011101000101001100011111011
0001011110011111101011001101011011110111000000010111001011001011
0000101110100101101100101101010000011000001101000110000110101010
1111100001100011010000000010100011010000100010011000000001111001
1011000000011001000000001001111000100010111111001001001011110001
1000001100011001000000010001010000111100110111100011011001100001
1010001101100010100101010011100000101010001000010100010001110011
1000000110010100011101000100101110100011011000100001011010101111
1011010101110011100001000110100000001001100110111011000001101000
1101100000100101000101101001000101100100110111101100101100101011
1001011001001100111011100101000100000111001110111100101010101110
0001010110111101100010000100011111111000000100001111001001001001
1000111001000111000011100100010001111000011100000011000011001001
0110100110001101101010011010110100001101111111110011000000000010
0001001100100101100110111010110010000011010100111011110101001100
0111001111100001011011110011010100101110110110011111110100010010
1011111000100100011011101110100000011111101101111101111000101011
0010110011010111001000011110100110010011100000101011111111100101
1101100010011111010100111101100111111110001110000101110101111111
