0011011011111111010111101001110000000101101010001010001011111010
1010001001100100101101001111010101110011101010101101000111011010
0100010101101010000101100100010001000011011010010001011110111010
1110011001011001101101111110111001110110011010001100000010100110
0101000001000011011100000000111011000011101110111100001100101110
0110001001000101000010011000101011011100010101110011111101011010
0101101000101110110111000110010010010010110100001011011001110101
0011011001101000001010111011011011011100001011111110101101111000
0010101000001100011001101010111010110011011001111010111011010100
1110011011011100111010100001011100111001110011110100010101100100
0110000100110101100011010101010110010010101100011001100010000110
0100000110010110101001010000111111101110011000001101100111110010
1111101001011100110010101101110111011111100110011100111100111010
0110100010101110110001100010110011110010001100100011101101001001
0001101111111000000110011011110000010110000100000101001011000011
0100100111100000011011000111011000111011001101010010010001011110
0001010000100110111011101011010010100010010101000110001001011010
0101001100101000110010010111011011000101100101010000010111111111
1101100101010010111101001011100011011001111000100110001001100000
1010000000001111001100101111100110111001110100111010001100111100
1101001010001100010000010001011010101011011110001000100010111011
0001011111000101010100110101110000110101110101010100001011010001
1011010010111001001100001101001000001011101001111001111110111110
0100111000011100101101101100100110001100000010101100001010001000
1101010000110110011101101110100001101111101110100110000110011111
1011101000000001100101101100010100101000010101000100011011001001
0011010010111111101110101101000110001101110000101100101000110010
1000100011010000110010110000111000001100101101011100011010000111
0010001101011000101111001110111100001001100010100100110110111000
1110110000101110100101110010111111011100011111100101001010000111
0001101101001010001010011000101100110001100101101101111011111110
1001001011100111011100000010001100110111001110101001100001110111
1011100001001000010000000110010111010111000011110000011011011101
1111111001011101100100000001101100111011011000110000000000100011
0110001100110010111011000001111000010101001101100110011001011101
1010100101001110100001101101001101110111111011010110101010011010
0101110110000000110111111110010000101011000001010010100110101111
0010000010010000010001011110100101100100010011011000101110001101
1110100111010111011101111111110000000010111000111110111110010001
0100000001000001111001011110100001101101100100010001011000100100
0101110010110110001001011010100110010100110101110101101001110111
0010110110001010001100111101011110001000000111000010100101010011
1001001111011011101011111001010111111001011101000011001100110111
0010110000111011110001100100000000011001001001010000001010000111
1011001010000010000011111100011100110011101011001110100111100101
0001000101001001010000111001101011000001100011011010110010110001
1111110101011000010001011110011011101010010101010000101011010011
0001100110000011101000011111100011110010000010101110010100010001
0010100100111101001101000001111001000000101001101010101111011001
0011101101010110100001101101110110001010101110011100010001111101
1010011110010010000111110000101001100010011000000001001011110111
0111101101011100100111100010100110011101101000011111111101001111
0011101101001111001011010100110110111001101000000001000011011101
0110100001110111010100110000011100011110010110010100110100000000
1111011001011011101111001100000101101111110011110011000100101000
0100001110001001011010111001101111011011100001100000100111110111
1001101011110100000011111011111111001101110100001001101101110110
1110111100001001010110111111100010010101100000110000011101111010
0100001011011000010111110110010000101101101101000010100010001000
1101101001110001101111001110010000000001111111010011111110010110
0001100100001101100011110111100010111011001111000101110110111100
0100101100001000111111110011101111001101011000010000101100001011
1100011101101111100100110101101111110011100110111000000100110001
0100111110100100100111010001111110101110101111001010100000000010
1000100010110000011010001111110100111011111111100011010011100011
1011100001000111111001110101010111110010110000011010100101000110
0111011001001000000111000010011000000110101101101111001111000101
0101001110111011110111011000010110100111101110001000110011010101
0000011001101011100101101001100100111100011110011110111101000001
0001101111000000010110111101111011010000111111000010000011110001
0110001100011001001001010111111010100111000100100001010111110100
0010011100100111110010110000101011000010010101010101011010111110
1011100010010101110011000100010110010000001011111011100101010000
0111101110110101110110100001100001001001001100111010001001001110
0001010001001010110110111010100100111010010101011001101101100100
0000011001110010011011011010010110011100011101001110111011111000
1011001001011100110101011010001101100110101110111011000010000111
0100111110010101001001101101000111001011101011110101101010010010
0011110000011101001001010110101100100010010100011001101011101010
0100100101101000010001110101001111100001001101101011110110111010
0101010101001111011000111111011000011110111011111001000110001001
1111110010110110001111011000011011101001010111101011110101010101
1010010111111001111011011111111110111101011110101011101010101111
1000011001100110110000011111100101000000111101001011110101110000
1101101011010101001111111000001001110100001010010000110001110000
1011100100010111100010100010111110111010001010010000100000001011
0010000010111010101001101101011101000011100011111001011101111111
1100110101010111111100011111011011111000111010110011111000000001
1010111000101011010111000111011110010001011011101011001101111101
0001111001110110001000000010011111011100111000011001011101110000
0010111111100000000101110000101011101110001011001010110001001000
0000001110100010100100100110101110011011011101100101111010001011
0000110100001000010000011101101011010101111111101010101111110101
1011111111000101110010011000010010001011000010101101110011100100
1110010011111100000100101011010111010010111001011000110010101001
1111100010000101010000010111101001100111100000010011010110001101
1000001011111000000001111101011100010110111100100111001100100000
1100000011001000001011110110010011111011101011001111010101011001
1101100010111100011000110001000111100100001010010000111101010010
0111011100001101000010011100000001100101010100010101011100001111
1001111110101111100011110111001010001110010111001101001110011001
1000110101101110111110100001110111001100011111001101110100000100
1011011011101011101110010100001010100001000011001110100010011100
1100101111011110010010000101111000001010000111000011111110110111
0010010001101010110101010001100100101110100110100111001100110111
1101101010110110010001110100111100110111001000110010111011110100
0110111010111100000110000000100011101001110001101100100011001100
1100111010110110111010101100001010111101010110101001001011001000
1111101010001011101100110101100111100010101010110001110011101011
0101101101101101111010001011100001101101011000101010000011011000
1100110000001000010101001011111001001001001001111001001100110001
0001011010010100000111110111000001000100011111111111001100100010
1110100010101000001010100011110101110010011011110111101111111001
0000000100001111000110100111000111000111101001011100101111111110
0110110001101000110011000011000111001101111010111001001011010011
1110000010100000010111100001010101100110100111101101011101010010
0100001010101000011011111101011110100100011111000000100101111010
1110000000011001011011100010100111110101000010110100110011000100
0010001001011011100000000100111001000111000110101010100010001111
0000011111110110011111010000001010100110110001101001001001001101
0111001001110001111101101011010010000011011011011010101110001101
0010011010011100100010011000100011110110111111001101000100011111
0001100100111001000111001011000111101001101111001110011111010101
0010000000000001000101101000111001011000111110000100000001101101
1011100010101011010010110010000111101010111110010111101110010010
0100111100111100011011011101010100110111100101011110011011100001
1010011100011100001000111010100100110110100011110110001101110011
1110000001100000010001001100101000100000010110101100101011001010
1010000111001110001100001110010101011011101100110000101110001001
1000100101101100001001010001100001101110100111001001100101000001
1111110001011111000100011111001001111000100010010111010011100010
1111111010111101110111011111110001010100100011111011000001001001
1000101011110010000100111001001001011111011010011100010000111000
0011010101011111010111000010110110110001001111011011100110010001
1100101001000011011110001101001011111001001010110011100111001100
1101010011111111010100101110110111001001011010100100010110000001
0101011100100001100100100100101101100100111100110010001110111010
0101010011011001111011001100001100110011100000111101111110101100
0010111100010001110001101010111100011010010101110100011111001000
0000010111001011101000100011110001010101111100101001001000100101
1110011100000110001011010001001011100110100001010101011001100001
1001100010101110011000001101110101100111101011011001010001010100
1000110101001111100110010011110110111010111100010111000001010001
1011011111011101110111010100000101001011101000001001010100011001
1000111100011100100111101000100010111100011001111111010011000100
0101111011101110011011000010001111011000111100111010111101110001
