0010010010101110001001100000101000001000100100001110111111110101
0010010000001000000100100000101011001000010110000110011111010101
1000110111110110010101101011100011100001100000011001010100011101
1110111111101011101111101010000001100011100101100010111011111100
1001010101101000001101000001111111011000001001101001101011000100
0110101000100101000000101000100111010000111010011110001111100111
0010100000100011001011010101100111111011101101110101110010110001
1100101000010010011110111000001011001100110011001101110001001110
1011111010110000011011011110100011001101101011111001001001101100
0000000011011010111101111011111010011111101001100001100111101010
1010000101001011010111000011000011000010100110010001000011110010
1011111111001110011110111100010111110110000011010111101000101011
0001000100011101011001000001000111000000011111000101010000110100
0010000001110011101100011100000111101110010001101101111110000010
0101010011001100001000101111010111111001010111101000111111011110
0110100001000000100000000000101000110101001010001110101100001111
1111111100111011101111011111100110001100001101011000011011010000
0000001000110000100000010100010110101101111111001001111001010101
0000001010101011100011010001111010010101111001101011101001100011
0001000110000000100101110010010000111000111100010001101010111000
1010000110011001010111111111011000110000110110001110110111100101
0001001011011001010110000111101101010100000111000001011110000010
0111100000010010000101101011001000011110011110011111011100000011
0100100001100101001011111111000111001100111001011110101101010111
1110010010110110101000011011110010101101000100110010000100010001
1000101010110100010110000000101011011011111000110000001000111100
0000110110111100001010111111011000010001001111001101110110100100
0111000000001011010001011101110110101110001101011110010000110100
1101101011001101011011100110011111111100010111000010100000011111
1110000110001100000101111000111010001001101111000100010100110101
1100000011110010110000000010000000000010000011100100010111110001
0100001110100111001001010110100111011101001000010011010001111010
1000011110010011100110000011001100100111110100110010101011000111
1000010010101010001000101010010010110101011100101110010100110100
0101000101000001011111010010001001010011110110010000011101010001
1111101111001101000100001100011000101111001000110001000100001001
1011100010110010100000101110010100011001010110111011011100011000
1001010010010011010101101111110101011000110000101011000111010101
0100111111001001111101110111110001111110011101001010111000011100
1111011001100011101110001110100000001001100111101001100010011101
1011100111011111011011010010001110100100100011111000010100010100
1010010100000011111001011001000100011110000000111110011001000010
1110010110000010011111011011110110101100010000001000000100110011
0001101110100000111011101101000011010100000100010001100101000000
0100100100110100001011111010011000111111111011001011001111100000
0110000011111111010110000000010001001010011100111000101011101110
0101101001011010001010100001011110010100000100100111000101110000
1110111110001010011000111111010000110101101011100001100101100010
1100101000101011110000101010000011110010000100000100000010111000
1100110110100111110111000111011101100100101011010010101000011100
0000101100000110111011111110010100110000000110110000111110110110
0101001101010111100101100010100010010100011101001001101110000111
0010110010001000100111101110011000001101010010011100010111111111
0001011011011100101111010001111000001100001001100001000001010010
0111101101010001100000100011101001010110100010101110111111001000
0011100011111010111111011001011001000111010111011001110010001000
1111010000000100011010011001011000001011001011010100100100101111
1000111101101101011100110100000000010000110110011001011100011111
0111111010111100101010101000001010110011000100000101011001001111
0001000111110101101100000011101101110100000111111001001101111000
0011110001011010011101011101010111100100101000111100000000101100
1010000000010100010010100101100100000011111000101110010010011001
1101100110010110001101110010111100001110110110000000101111011110
1111000000010100101111000101101110111001100111111010100111110000
1010111110110010111100010110110010100000101110001101100011111101
1110101100001110111111010100110111000001101000001011010010101011
0011101111011001010010101011010101001110101101100001011101111010
0101011001101110100000100100001100111111011110001110110101001001
0011011011010011011101010001001100010101011111111001001111100001
1100011000100010100110001010000010011001111011110111000100100011
0011111101000000110011010100001001000111101001001100101011011001
0000100000110110001010110010010100100101010000011101101011000101
0011001111010101001010001111101101111011010011011000011001001001
1110001100101011010110100101000011011111010001001100110000011010
1000000101000110110110111110101000100111001001011101100010010011
0111010111001000010000111100111100000000100100001011100010100001
0100001011111001011110000010101110101101100110010111011110011001
1000001010111100000101100111111100101011001000110100111001011101
0101111101100000011111000011100011100010000100001000101000001111
1011101000111001001011000011101010110110100001001100010101001010
1110111111010100111011001101000001101010111111000110110000011100
0100001001111000100001001010010101010010111110010000110111001000
0111101011000111001110001001100100010111111100011000010001011010
0011110001010000011110001001101010101100110100001101110111001000
1011111101111100111001110111101010000011010001111101011000110111
0110000000011010010111001101100100110100001001010100111110001111
1100111010101101000100111110000100111011000100110010010110010000
1101100100011110000110010000101111100000110001100111100000001111
1010011100011011110101000100001100110001001110111111110110100100
0100111011001100000111000001001000011111110010100111111001010100
0100110111000100100110110111110100011010111000001100010111100111
0100101000100110000100001111100001100101011010101010100000010100
0111001110100011101000011010001111010101111011111111011100111011
0110001001011010111010100110011100101111010101101111100111000010
1011101100001111100111110001111010011110001111111111000001110010
0111001000111101100111110011010010010011111000111101101100110001
0100010101101100110100011100111101110101011110110100111110110111
1000101101000000110011001010011000001100011111000100110000000110
1010110001010011100100100001001011110100011101101001111100000100
1111010000010010101110101010001101111010001101100111100101110110
1001100011000000011111110100010011100010110010001001100011111111
0110110011001100100101011100011010001011001110000111100000011010
0001000001001111011011000010000011111011011010010011001011100100
0110001000101111010110100101000001000101101000010101100100101011
0100000101011011100010100010101100101100101100111010101001011110
0000100100011010010111001001100010101111111111111011010001101010
0010100100000101010001011011110011011011010000011110101001010111
1001101001011101100011111000010011100001001010010011000110101101
1010110101110110110010011101100001001111101001110101101010110000
0101110111000011010110111001111110011010100101011000101010000110
1100011100100011000110000101100011010111011001110101010100000000
0001101010010011001101011000110110100010011000110100101000101101
0100011101110010001001011110010000110100100010001111110001111111
1111111001000111101110001000101000100101011111110101101011100111
0111101001111111101000110111010111010010110011011000101011000100
1110101110100101111010000101111111011010111101001000101100001101
0010101111011010011110100010111010111111101101010000000001100011
0011100010011010001001110000011011000001010000101101010000001011
0000111101010000010111001010110111001000000010110001100111001001
1100001111110110010001001001100010000001111000011000101010110111
1000000000100001110100001100110001010000100101001110100101100100
0110111111011110111101011000011010110111111011110000000101110111
