0001101010101111001001110111100011000111010011010001010000110000
0000010011100000010000000111111011111010101101100011111000010101
0010010010100111011101111111100000010111100011110100010011111010
1000110010001111110000100001111110011011110111010110111000001101
1010110101111001101000001001111000100100000111001001011111101101
0111100110100000010101001110010110010101000111110000000010001000
1010111000000010001100011011011000111101000110101110110101001010
0001011111010100011001001000000110111010011000100010101111110001
1100010100000000101100010001011101110111000011100110011010010101
0111011001101001000101010100010100001011111101110000100111110101
1101110111000101010110110110110001001110101100110101100110111001
0100100011101110000001010010110001100101110100000111011110101011
1111100000001011001001011001011011101111011101010011001010101010
0111000010101110000000101001101010110111001111101111111001101101
1101100011101101111011101111011100001001000001110111011000101001
0110011001110010101010111000110101101010001001111101110001100001
0110110001110110100000110011110001100110010011100100010110000010
0110101100011110101101111000111111111101110011110101101111000000
1010110101011001111001111011111000111001111001111011010000110001
0000010000100001101000110110100111011101100010001101100000001001
0100001111000010011100011001100100101111001000000011010100110110
1101100100110000110001001010010111111011011001110010000010100100
0001001001011001000111100010000001100101101110001001010011010000
0101011001000100101000111010110110101111110111100011010010001011
1011010110001101000001011011110010010001100000111100010000111100
1100110100100101010111000000101100011001011100010100101011100011
1000110100011000101111011011011001110010110010100111110010111000
1111010010000100011001101100110010110111000011110110000010001011
1101001010001101101001101110001111100101110110101111100101101101
0110101010101001011101011010010000011110011110101010110101100010
1100011001101101011010000010011111111011101110101101100001110101
0010011001101110100010000101001110001000011101100011011001110010
0101110001110011000100011110110011010100001010110100111010110111
0001001110011010011000010000011000110111001100010101111101011101
1010111111110111011010100101001010010000001000000000001001111011
1001000001110010000001100001001011010101101101100000011000011011
1111110101101011111101001111001111100110110000000110001010111000
1110100110001001111010010000100101011010110010100000101111011011
0111011110100101101100110010001101011101100101111000111011001010
1010010010101101110011111000101110110000000010110111111101001100
1011011100011010011011001110100000011111110011111101000001110100
0110110011001111010110100100001110010000010110111001000011000010
1000011000010100011001001110011100111001110110001000101111010000
0011010110011101101101001001000000101001100010001111100000100110
