1000011011011111001001000011110000110011111100101010111011100110
0010110110010000011011101110011001001000001001110100001010000110
1101011000001011001011111100001010111010100111100111010100100100
1000000101010011111100101010000010111101100011110110101010101111
0010000000001100111001011100110110000100100100000000101011111111
0001011000000110101111000010101101100110101010100111110110100100
0010111010111110000110100001010110100101010100010011101001000010
0100010010110010010000011110011101110111000101101110010000011101
0100101100101011110010001010001101100111011010011000100100110010
1110111010010011001011011111101010000101101010000100000000011010
0000100011001010000000101100001011101010110010110100110101111101
0111001101011000111010000101100010000111001111000010010010101001
1111010101101111001110010001011010101100101101011101110111101101
0001001010010111111110100111010011011111111101111000101110010010
1101111011100101011011101111010000100010111100111010001110110100
0001111010010000010100000101100010010110001110110000100101011011
1101001010000001111010110101111000011010101001001010111001011010
1010111001011110110000001100110110001100100110111011110111111001
0101101111110010110100010010001010010000010011011011011101000110
1111000110010111000110000111010110011001111001011010001110110010
1110110101111000011001011100101110100110000110010000101011110010
0011100001101001001010101000101100100111000110010100111000010010
0001010101011110100011001001110100010010100000101111110001001001
0100100010110001100011100000001010100000000010010000010010000000
0101001011101010100000110011100110111111101011100101110000111000
1101101010010011001110000011110011011011110111001100011100010010
1010111111111110100011001101110001111001001000011111000101011011
0000111100100111001001011100001100001000000000110011100100001010
1101010100100000001001010101001100011010100100100111100111100011
0110000110111001001100111011110001001100110111111100100111110000
1100001100100001001000101010001111111111010000100101101110110101
1010000111110110001101111101101000010100111100111000000000000101
1101011100110010111110100001111101001101101011010000111011111001
0110111000101010101010110100101011001011111100101101011110010000
1011111101001000100011101111011101101111001000111001011010101111
0000110010010001101100100101111000000110011001001011111010110011
0111101110101110111111110001111110000000110100100010100010110010
0010110010110100000001110111000011001110100010110010100110000110
1010001111101000000000100111100010110110001011011111100100111010
1100111110111011011010111100100001101000000000101010101000111100
1011011011000110011001011111110100010001010110110111101000101100
0101011101100101101011100010110111111111001011110011100001100000
0100001100011010101010110010011000110001000011101011110100001011
1101011101011100101101101110001110000101000001110011110001110000
1100110011001010101010001111000101011001000100111110110100000100
0011101011010101000100010011010001111000111000000001010111001011
0110011000011110110110111111100110011110000010011010000111011011
1101010100100110001000011000100011100000110100000010011000001101
1101001000101001000100001010110100010010001110011001111100111000
