0001001100110010001100111001010101010111111000111011111101110101
1101000101011001100101010011011110111110000111110100101101010111
0011010010010001011001100111000100000001011010101010000010000010
1111010010100110010100101111010100110011000011100111100110111101
0100011110101001111111000011101011100001000100011010101001001110
0011110010111101110111110000011101011101100111010110010001011110
1000011010110001001010111001000010111000011111010001011001001000
1000000001000000000010000011001111000100010011111111010111000011
0000101101100001001110010110111010100010111110101000111111101100
0110110000000111110001101000011101100011110110000010011010111110
0110111001011100011111010110101110011110101110011110001011010101
1001010101000011110011001000111111000110111101111110111011010000
1101000111000111111101000010010010000010010000111000111111001010
0101011111011010001011010010111011010110000100000011101111001111
0111000101101100110001100101011101111100111110010100011110111000
1100101111000001101000110001000011010110100111001100010011001000
1110000111111010001000100001111000010100000110011001000011100111
0110100011101100101100100010110001000100001001000100110101010001
1001010110001111010000000101011110010110101001011101011110001010
0100010001110001000111101100001001001000110110001101000101100111
1110101101100010110110010010000110001000001110101101111110011110
0000100101010010101011100110100001110100101100000111000101110111
0010001010110111010001101111011111000110101111111001000000111101
1011000101011100001001011110101001100011111001100011101010010100
0010100010101101111100100001010011011101010011000110100101101100
0000000001111010111101010000101110010011000110011001110111011010
1000011001101010000011110101000100001001110100001011010010000100
1111111110101010110001110011110101001110100000110100010000101000
1011100011001000011111011111111111101101101011000000001000110111
1110110011110000111011000010000111110101110100010111100001001111
1000111011011110000010000110101110100101101100111111101001101001
0000110010101111101100111110100010001101000010111111010000100011
1111110101101110100100011001110001011010011100010001010010010001
1001001011001010000111110111011000100001101101101110100011101111
1111101100111101010111000100111101000111010110001100011011011100
0011110010011110000000000110110000000010011010100011000010100111
1100101010011000000011101111101101111000111111101100111110100010
1011001100011111101111110110000000010111011000101000000010001011
0010100100110011100000011010110100011110000101101001101100111000
0000101010001110000100011000000100000111001010001001011011110110
1010010110010101100101000001011111101111011010110000001100111000
1110101110101100110101001101000100101110101001001111000110011100
0001111000110101111110111100000110110010101111001111100010110001
0011100000111101101001111011111001000101100111100001001000101110
1000011001000101001001001010110101111110000010100111101100010101
0101011111000011010000010001100000111100100110000000001011000001
1100111100110111110111010111100001110010100100101100011000011001
1001100010100101101001011101001111110100110100001101001101001011
1010100101011100111000101011100010011110011100010010011111010010
1101011100000000101100100110111111101010111101100011001010101000
1011101111110001010111001001111010111100011010100000110111110011
0101100000010010101010011100000001000010111010000110000100011000
0010010100011110101010111101001010000011001001010111111100011001
1110011001111100101111011110110111010100001100010000111100101101
1001101110010001011111100110100110111111001100010100001110111110
1100101101111011100011001001001000000101010001110011010101100110
1110101100111101101111010110011000110001010100101110111111101111
1010000101111101100100010001111100110110101110100010001101000101
1100111100011101101001000100011010111001001000001110010010001100
0010111101001111010101001100100010100001110001110011011000111000
0101000011011111101001101010001110010101110001100100001101101111
1100000011001000110110100100110110000010110100011100111010110100
1001001000000000000111000001111011011110101001100100111111101000
1001101010101111101110101010101111000100011000011100011100010011
1001100000101001001110101000111001101101001010000111010001010110
0001011000101100111110000010101100001001110111010000110011111110
0011101000101111001101100101110001000000101111001001000101101010
0001001111010110111010001110111110011010111010001111011001010010
1111101100111011010010011110001101110100001100110000110111101111
1100100111000100101110110001111100101010101001010001101100000111
1010011100100000011100000110101000010010000110111010001001101110
1111011100111101010001011101101110101100100110000100101110001111
1101111101000001110101001111110000111001010011111111010010110100
1100000100110001010011110001101110011110110111110000100001100110
0010111011111011010011110001011101011000100000101000010110011000
0011111100001100110111010010011110101101101101010110101001101111
1011001011101000110000101000111101110111000000101010001011110001
1100011100110010110111101111100000000010000100001001111100111110
1111111000001101100110110010101010101001101110001111101101111100
1110110000110100101101100110100010001111111100010001001101111001
0101100011101010000000000101100110111001100001100001011001101111
1011111001001001111010001111100110111111100110110001110011110000
1110010001110011101101111111000010110110111111010101111000110001
1010110111010000010101110100111011111111110110100000010111000011
0001011011100001000110011101011101100001011001011111010011110000
1000110101110110100111010001000101100010000111011010001001010001
1111110111010011000101100100111100010010000111101011010011000001
1001111111100110001011111111110101111101000000101100111101010111
0100111110000011110110000110100111010111001100111100000101011100
