0101001011010001111101011011110111010011011101101010100101001111
0000011100111101011110001100101010000000000011001100011111111100
0011011101010100100000111010011101100010000011010100111101111010
0100100111001100111111111011100101111111111011000100111010010010
1100110101101001111111111111000010011001111101101000001011001011
1001011111001011011101100111111110101101100101100000000010110010
0111000110011101111110001101010101110011101100110010100001010011
0010111110001010110111111101111000101101101011101010010011000011
1001010111001101100101101000111001101001011110111101000010011110
0101100010101001101100111001000110111001000100010101110101010100
0110111101100101111010000100011100110100101100011110011110101010
1000101010110011000111100110101110100101101111101001000100010101
0110000000111100101101101011101010011110111100111110001111111111
1010000001001110011010001100110100111100011011110111001111111001
1000001110010101011011010011111100011101010011111111101101000000
0110001111100100001111010101101001000111100111110010111101100010
0001101000100100000111011111111110010101011001000100101000000011
1000010010100001001111110001000000100000101111101000011111111010
0110001111101010111001001100110101001011010100101011111011101110
1111000100100001111001011111100110111101110101111101000110010101
1011100011101101010111011011101111100100110010100011110001001011
1100100110001110011010100100100110111101110110000010110101010001
1101000100001011100000100101011000010100011000111110011001110101
0001011010100100001001111011010011100110000010111100110110100000
0011000011111010100001000010011111111001000001111101011100001101
0111111011100000100111110001110000110010000100101100000011111110
0101110011010010100111001111100111101011100000100010011011011100
1010000110011101011110001000001100101011011111001110100011010011
0000110000110100100101011110001001100000000101001000111111111110
0100101111010101011111010110001111000001100110101000100000110000
0000101101001011011101100110011111101100111001110011000101100011
1110101111000110001111001110011001110101111001010001111100111111
0111100101011110110101001000111111010010100111011011010011101010
0010100000100101101011101100110000001011110111001100000000001011
0110011010011101110101100100110001011001011111100111011110110000
0111011101101000010101110000011000101000110101110110001010100000
1100100000011111101101101001010100111001110101110111000000110111
1011111001110001010101001011100001101000101000111001001110010111
0111101100101101101101001001001010110100101101111011110000100001
0010011111000010100110100000001001100011001010000111110110100111
0011010000101011010100110010010101101111011100010111011101001101
0100100011100010100111000001010100110011001001101100111110000011
0100000000010101001011010010101101110110011101100010011001001101
1101000001001010100111100010111001111001001000100100110110110000
1010100001001111100011000010110001100001100101110100101010110110
0111100010001001011100101101010101000110001001110010010011110010
0000101101010111000000000100111001011100100011101011110100101111
1111111110101011000010011101000001010010001110101111110100011000
0001001110101111101000110100001110010101111110001001011000111100
1111000111011110011000011011111010100000101111001100110101100111
1001110000000000101010111110010010001010011111100001001011100011
1101001100110011010011001011110100111000101010100000101000001001
1010001100011011011101111000100101001110100111111110100100001101
1011001111110101100010111101000111001000010010010011100101110001
0001111101011011101011111100100000001001001110011100001111110110
1001100101011000010011010100111001111001111101000101100100001000
1100010000011111101011100100101011001100110001010000001000011011
0110011001101101111010111100110001111000001111101011111010110001
1110110001010010001111001010101100001011110110000001101100000000
0000010111000101101110010110000110000100111010100010010001010011
0101000110101100010011001110000011110111000001101111100001111001
0000011010101010110100011001101000000110010100111101111000011111
1110010001101110101001010011010111011100010111110001001001010100
1000001100011001111101110010000011001100100010111010000010101101
0100101111110101101110000101011110010111010101001001100111011101
0111100000100100111110110001101111011001100001110100010100101011
0111111011110001001101100111101010110001101011101011000010111011
0111001111110001111001111011101001110000011010000000111101011010
1000101001100000000100010111100000010000011010111010100001010000
0100101001000100101100001101101110000110111101011001001001110010
1010001110111100001001110011101001010010010010010100000000010010
1100110010000100011010100011101011111110101010101000000010111000
0100010010110111011000100010010100011010111011010010111010011011
