1110111110110101010000110011010111110011100010111111101111110100
0001100101110101010111000111111001100111111110010111100011011011
0011100000111011011000110100110001101010100110000111011011010010
1110110110110111000011010000100010011101001101100110100011011110
1010101011011011101101100111001100111110110011100001001111111100
1001111111011010011110100011110100110010101010001010010110100010
1101010001010101101100011101111111101010010111111101001001011001
0110101010111011100100001001011000101011010110110110000010001101
1000001101010011111011010110000111100010010110010000100000111001
1001100001101000011010011011100101111000100100011000100000111101
0100010100011011101110110011010111100101111011011000100110010101
0010011110010110000100101001111001111010101001111111011000110110
1111110100100000110111000011111001000111010001111000001001111010
0100001000100100100010111001001110011010111010101001001011110111
0111011000110111111000001000000011101001010100100000000001111111
1000010000011010110100011110111111011111101101100100010110001001
1011010001100100100011111011010010001101110000001111011000100011
0111011010111111000001101011010001101111000001011000001101000110
1000111011111011101101011100001110100011101011101001010100011110
0001111000000111011110110010000110000100111101100000011001100001
1111111100110100011101111101000010101000110100101100000001011100
0100111000010110010000010001101010100111001111011101110011111001
1101000001100000001100111010000001010000100011011011011001100000
0111010100000000010100100010111011100000011111101110011000010101
0111110001100011010100000101011001011111011111000000000010111110
1101000100010101100111111100100010100100010000111111011101110000
1011001111000000000010001011100001000010000100011010111011000100
0100110110000101010010001000001001110000111111010111011000000001
1110001101000010111100001100110110001111001110011110011000100101
1110011101111110101001010101100101110011011001011001110000010111
0101011001111111001000111101100000001110101010111101111000001001
0010101000110101101111101001011010110000110011001110010000110001
0100011101001000010111011001011101111100010011111101100101011010
1011001011000111101001010010100011011100001011101011101100101011
1000100010100111000000111000100100000111010001100111010001011001
1000001001110111000011100100001111001000010000010001010100100010
1100010010101000110000111001010001100010110110101111101010001000
1010010011011010000011110101111110111111100001011011001101000110
1111000000001011000001110011011100011111011001010001011101011011
1010111010000110101111010100001011001101001000011100111010000010
0011000100001110001101101100110101001010111000111010001110101100
1110101111010001111010101100100001010101011110100001000010101001
1101101111011111100001001010010100011101011101001000111011011001
1010110010110000100100111010011110010100100110000111000001100010
1001000101111001100011001100001011011111111011100101011011011001
1000101010011000010000111010000101011110000100100000010100101000
0011001101101100001101000111000101101111000101011101100011001111
1011111011101000100111111000000111001010011011100100000111100101
1010000011001111100000000111100100011101011110010111100111111011
0101010010010010000010111100010110111010000111001010011111111101
1011011111011101111000010101111001101101111010001010010101000110
1101101100011011100111011101101011011000011101010001111110011011
0111011110011010001110111100100001001110001001010111011011110101
1000001000100111001101001011110011100111000000101011011011111001
1001001001100101011111111010110101010011110110010011110011111111
0011001100101000111000111101111111000000001011000100010101101000
0100001011011111100001110101110100100110110010110100001001010100
0101010110111000010100001010011110001000011110001110110011110101
1110100111001101001101110101111011010101101101001010011011101111
1000101000001101000101011001000000010001111101101011111101110110
0111000101111100001111101101111101011011000110000100101010011110
0111100011100001100000110111110100100011110001100110001001101000
0001010000010010000011110001001010100010010101000101110000110101
1100100001000111010000010010011101011010000110110001110000101000
0100111010111000110011110011110010111100001000111110100011101101
1000001101001010100000001111011110100111011100100000111001100100
0100000111100010010101110011100111110000011010100011011110110011
1000000111110110010000011010110010010111110010100011100011000111
1111010110101001011001111000111011000010110100011011001100101001
