0001101001101000111010000000001111110111101000110000011000101101
1110101101011101110001101000011000100001001010111011110111011001
0010001100011100000100101011010010010111101000010111110111011010
0001011101011100010101010000110100111100001111001010111001101000
1000100001001010011011010100100110011101000001101111111110111100
0110101000110110100111010000100011001011101000000111100101111110
1001001011000111000011001000101001100100010010111100100110110011
0000011011100101010011010101101100011000111101000101101111011111
1001100101111010100000010111110010010110011001000110101010001100
1001101111010100111011011010111000001010101010100011100001110011
0001011001011011000111111000011010101001110011000100110110001110
0110110101101110101001010010111011111010101101010011111010111111
0110110001000100100000011000101011111000101110111010111000111101
1010011001011010100001110000111100010111110001101111100001100110
0100111111100101011001110011000111001001001100011110101110001001
0011011101010111110110110001101011011000101111000001111010101100
1111001011111111101101011010001101010011110011111111011000010010
0011111011110010101110011100101010101111100000101101010001101010
1100101000100011011100000100111001110001000001100001110000001011
1101111001101101111110001010111000001110111100001000000111011110
1100010110010110010000100001000100001011111100011001101100011001
1101110100110111011001011111010101101000111111010001001010001011
0011000011101101111000101000000001010011010000010010110100011110
0110100101101011000010001101000011111100100100111100010011100110
0011111101100011100111011011010110110011000000010001110011000000
0110001111100011111000010000110101001101000011101101000100010100
0010110100101000011100110011010101011011001100000010011011001010
0100000100010100010000001110111101010111111100111111110001010010
0010100000001100010011100100101110110111010000111000111011101100
1101111101101001111001100001011101011011001110000100110110001110
1100110111001100000110101100110110010101101110001101001010111010
0110111011001001100110101011001000100111000000011001011110100100
0111111000001100111010101111100110111010101100111101001110111010
0110101010011111100001110011000111001010111011010000111111110010
0111000100010011101111010101001011110010101000100111100111101000
0011010110000111100111110001010011001101010010100011100101000111
1101000011100010111100101001011110010001011111100101010001000100
1010111101011010100100100010000011010100101011100000111010011110
1101111100010111100000111010001010110101011001001101101000100110
1001011001011111111101111010100010000000100100001110101100001010
1100110101101101110111111101110011111111111111110100001100100011
0010011111000000010011110010011000000111101101110110000000011011
0110010010100011000000100011010111100011010000111101011101111011
1011010001111110110100110011100010110001010010110001100110100011
1011101000100011110111001101101100111101111010000111110000000000
0001111010001101010100000110011110110010011100010010001011110111
1011000101000010110101001110000111110010101001011101101100011110
1101100110111010000111100010100001111100000000010011101110111000
1000011110111001001000010011111001001101011000011100010001011100
1111001000111101100101001000001001101011111010111101110110101101
0001110101111100110110111010010100100100000100100110001100001111
1011001011011011011101100010101100001110011001110001001100011001
0011101101100001110011111101010100001010100100011111000000111111
0011000111111100010111010010010000110111100110001010000101000010
0101110000111001010101011101000111001010010001100000110110110011
0100011011010001100001101111100110100101101100011111010010111101
0000101101110001100110010001001010100010001001100010010010000011
0010011101100110111110110101000011110101110001001100110100001100
1100101011001011011001111110100101011101000110000011100101000000
1010001011011011101010011100100001011111111110101101111101000001
1110000000101101110010110010110001000101010100011001100000101101
1110111111100100001110010101011110000001100011000100111110111010
1110100001000101010100000000101110110010100100111101101000001101
1100111001100111110111001110000010011101001001010111111100101100
0110011001110101001110101000110010001100000101010110001001111110
1100001000101000101110111100010001111010101101100101011001000001
0110011011000010110010111101110011110101111100100010001111101001
1110110110000001111101110101001011000100001001100001101010111110
1110000110101001111011111011100110101000110010101111101111000101
0110110111001011000100111110010011011010000011110111111010001010
1100111000111100110001001100110111001101100111011111101100100101
0000001001100011101000100011011010000001111000010010110000001100
1011000101111010000001001111100100101101011001100110001000101010
0011110111111110001011111001111001000011001111011111010001101101
1011011100010101101100001010111011101111110010110011001100110010
0011011010000100101101000000101111001100000011110010101111010111
1011000000111100100111110011110010000011011001001011000111110110
0100001111111011011111001100011101001001000001100110011101111010
