1011011001000110111000111011101110010010110000111010010011100010
0111100110111000111001010110010010011110010111111011110101011111
0100101101001100101101111001100110100111100001111111001110001110
1100110111110100010011011001000100111100011011010001100001100001
1101001110110011011100010101100101011100100101111010010001011011
1011111110011101110101010001000000101010110000101010111111000011
0010001110010111011001101000000011110100010010000101100010000011
1100110100101010111011101000001101010111011100100111101110111011
0110000101010010011111110101001100100100011001101100001100010101
0101011000100011000001001111011001000011011001100100000111010010
0110100000110010101101111100100011000011110011101010100000010001
0110110010001111111110011111010010100111010111001100010100110000
1011011100010001001101101100000010101001101001101000111101010110
1111100001010001010001010010101000001010110011010111000101110001
0101111100001001100000100101110011000100111001011100000100011100
0001011001101011100001001111001111101101011110011000100100010001
0011000001001001100111011111110100010110111001100010101100000001
0110000000100111101010110110000000110000111111001011110111001011
1110010110000111111111001111001011010100110011111010011110011010
0111001000000101010000000100011011100101101111000000101010111100
1000001010000000111100000010001000101001110001100001101010001110
1110101111111011111101000001010111110010000001001000110000101000
1110010001010110010111000011101011100010101101011111101000000001
0111101001011010010011001001010001111000101001010010010010100111
1011111010000000001000110101010100011001101111001010111110010010
1100010011001111011000011010110010010110100101110110010100010010
1001001100010101100110100010100001100001010100100000011111111011
1111010011001110111010110100011111000101001000100000000001100111
1001111001110101101011000110101101011010000010101101100110101000
0011110010000110010100000001000011100101100111111000011101001100
0001111011111101111000110000110101010110110001011001111111001010
0001100100111110111001010100110000001000001000100010101101110000
1010001010010110010101011011110000110011101101010011010111010010
1110111011111001100100011010001011010010100100000111011100010110
0110101100001101001000101110110101100110100001100100010101000000
1100110011001010110111111110100010001001011000000110001001101001
1000001001001111011011111110111101001101010001101011000000010100
1100011111110100011000011111111101101010011010000111100111100000
0001100011101111011110010011011100000000101100110101011010110000
0011101101000100111000101001101110111000110110111000000011010100
1110110000010011101100000100000110111011100011111100110000010101
0100111011011001000010010011001100001110101011111110010110000101
1010111111101010001111010101000100100011100000011001101111100111
1011001110011001100101010100010011010111001101111011110100000010
0110100001010111111101000000010011100101000000100110100011000100
0110011000111001011000011100100000100111111111111110100101111011
1100011010001000010110010111001100110101010010111111111100000110
0001110000011101001011000011000110100111101111010111110001111110
1000100000010110001101011101111111011111001000010001011111111010
1110110100011100011010011000111110101111010100101001110101111010
0100010011000101111011111010110111100001101101001010101110011000
0110111101101001101110101110101101101010101001001000110000111000
0111010000011100110101011110000010011001010010010000111010011011
0010011001101000011100101010000110001111111100101010001111010100
0110001110111000100011101101000101011101101011001001001011010110
0010000000000101101110100010110011111010100100101001111010000111
0100101110011100010011001011000010100101011010010001111001000010
0100110011101001010101110111110011110101110010010111011001101011
1101111100110010110010011001101001001001110011000100100001100000
1010000100001100001101110110001010110000011101111000011100011100
0000001111100001101110101010110111010101011000111000110000111001
0010111000010011100000011001001111011101110101010100000011010001
0000010001001110100001001100011110100100111111111000111111011010
1000101001010011000011110110011111010001100011001101111101111101
1101000000111010111111100110110110110010010101101110011001010010
1011100000010010001100111010001110100011100100101001010110100101
1001010001110011100011100100001110011000101001011010100111000011
1111001000101000101001101100111110011011001101101001101110000111
1100101001101111100000110101100011010101101110011111001111110010
0011010100011111100111110011011100101011001011101010010001100000
0010001111000110111111110111110110110101000110111101010011010010
0001100110111110101010100101110011000111000100101110101010111101
0111010000100100110111001100100011100111101010110010010011011100
1010110000110101111010011111110011011101010101011111110101111001
1110011010111110010111101001110111001001100111010100111110111011
0010100111110011110101010010000100001110010000010011010101001111
0101000100110000011011100101010111111110110110110100011010011011
1001101001110101011111000010111101101001111000101011010100111110
1111011110011101011100100000010001100001001111100010110010111100
0010100011001101100001010001111000011001111111010001010101000010
0100000011010010111110001000001011011110100000101111000111100111
0101001010000010101111101110001011110111111100110100010011111111
0100000101000010001001110000100111110100011011111100111100110110
1100110111011110110100110001101000100000100000100100001010011000
0101001010000110110000011101011100011111001010011011110010000000
1001001000010001010001110100101001011101011001101111010010010010
1110111011110110001000001001010001010001111101111011111010000010
1111010011001100111111011101111001010110000001101101111001111011
0100000110100010010100110010010000011010001101011000000001111000
0010110100111001010001100000001010001001001110010110011000010001
0001000100100111010101010001011110010010100110011000101011101001
0111010101011010000100010010010010101111001100010100011010110100
1101010110110011111101100110000101101001000000011010101100011010
1110100101101100010010100110101100000100011101111000100101011000
0001111100011100100101000111011001000001110100101011100001111100
1001010000010011011011001011110011100110101110100111111111100001
1001101010000100111111101111101101110000101010111000110010000000
0001101010100011110010111000100101001110111010110111110110111011
1001111011010110100001101110110010100000001010111001110011000111
0100011111001110101101111111101110110001100000011111001001001111
0011000100011111011110100001110110010010000000010110001011000110
1101101001000110100110100110011100010111000011100000100111110000
1101111110101010000111111011010111100010011010101010110111101000
0010110100001100001010010000111000101010010110110100010100000000
1111011101010111010100110101001110001010001110101010001001100110
0000101100101100101010010111101100111110110000011011000111010001
0010011011100010101001001001011000100000000010011101011001111111
0110110001011011011011011001000011001011000011010011100001001100
1110001010101000111110011001100101110010011001011010111010110111
0001000100011101101001101110111000101000011001111011000100010110
0010110111100011100100001000110001010000000100011110011011100100
