1110111001110010010100011100110011000111011011101100001111101100
0101110000111110110011101000001000101111110111101101100010100101
1010000110101101110000010001001111010010111110011110011011111111
0011111100000000011101100010101000001011001111100111110000001110
0010111001100011101111100100001010001100100011100111101010111110
0100000011011110010011101011101101110110010101100000110110111101
0000010100011110100000110100000111010000101111010100110001110000
0001101010100010111110011100011111101001001110110010000111000101
1000000100001001110010001101110100111101011111010110000111011011
0100011011000001111001001110101101011000111001001000010001101101
0001001001011001101010010010001100001111010011111101001001010011
1101111000101100010101111100010011001100011000100000101011101101
1111010110011010011001010010000011100111000100010101110111100010
0000000111110110001001111110001010101000100000010001101001010101
1100100001011110111100010010001101110110010011000001110010111110
0111111111010111000000001010111001010110101010000111100101000110
0101110111000100010101101011011001101010001110101000010110101011
1001110110111101001100010110101100101101011001000010100100011101
0101100100000101100011011001110111101110001000000010110011101011
1100011001011000111010010001110010100000011101000111011011000011
1011101001010111110111100011011111110111000011011110010011111010
0001000010010000110100010010110101110010101101010110101011100011
1010110111011000000100011101001101000010011110001011101010111111
0111110000100100010100000001111010010010101101000010100100011100
0111110111101100001010101100111111110000110100111010011001000100
1001011110010101101010010011111001010011011110010110010000000011
1010000100010000000000111000010111110100010010011010111111001010
1000101011110001111000111000001001011001000111111110000101001110
1011110001100101000100001010101010010100101100101010011101000111
1000100110101111001110110100001110101010000100110010011101011110
1110101101101001100111011100111100011111000001101110000100000010
1001001001111001010001001111000001110101000100101111101000110110
1010011001111100000101111100011001100011111101100000011111000110
1101111011110110001001000010101010000110011100101100100111010001
0011101001110111001111100111111011100101011011110010010000111101
1100111101101111100110011110110101110111011100001101010111101111
1001010000001100010110111011011100111001110111010101001101010101
0001100100010010001100111111001001011011110111110010000111100110
0111111111001001010000101010110000001100010111001100101100111010
1100000101010010101010000111111110011110110011011011010110010001
1011001000010010001011001101011101101101001101001100011101001010
1010101011011000001010000110001101111101000100111110001000111000
0101000100111100011000011111000101100010000110000011100101010011
1010100100110001100011011001001100010001110101100111011010110001
1110011010010111010110101111110101111010000111010110010101100110
1001110000111000110001100110011111111001101101000101001010011110
1100110101010100000110110001111110111010011010111110111110110000
1100010000001010001001100111110101000010001000110011010000001000
0011010110100010000100110100101000110001000111010101110100001110
1100100010000110100000111101010001110110110001001111001110100000
0100010111001001100010110001111001010111010111100100001011001011
0000111001100011111111111001110110011010111010101111101000110100
1111101011110001110011100100001000110010001011100100110110100000
0001110001101111001110000010111010100110101000011011011111001110
1000111100010101001101001101110100110101100100001011011000000110
1010111001101110010111111110101110101010111110001110111011110000
0100110110101011111110001010011110001010001110111100011111001001
1001101100000001111010001010101001011011111110101111010000110001
1100110100001111100011000010010111111011010011100100111101101101
0000111010011011101100011001111000111000101000111111000000000100
1101000110011110001000111110101000101111100000101110100001001001
1011000100000000111000000011101111100000010001111011111000111110
0000111100011101111101110010101100001100111110011101100000000000
0001010010011010001001010011101111101010011011001100111111001001
0110101011010011011101010111011011001001110011100011111001101001
1111101010011111001010110111010001100110010011011110100001111011
0011001001000111001111000001110110101110000100001010100101010111
0110001011001101100101111101110000011101001000001001110001111110
1000011110010111110001111001100001000101001110101111110110111010
0111010011101000010111111110000011101101110000011010111011001100
0010110111110100111111001011000011111110000010000000011001010111
1110011100010110011010011111011010011000011101000111111110110110
1010100110101010100110001001000110010011010111011101010111100110
0100100010001011110111110000100001000001110100101011000110001011
1001010001101011100000010011101010111100010101000111110001100110
0010111111001100001010101001010000011011101110100000011100101110
1000010100101101001101000000100101111101111000111100111110111110
1110000101011011111011111100000101101101100101011100111110100010
1010101100011111101010111011001011100110011111001111001100001111
1001011100001111000011100001101001011010110011100010100100001000
1000011010110110010011000111110101011001100001000110110000011101
1010111001010111110101100010111011110101111101110110000101101110
0100101001100011001111011000100010100010100100111101100000111011
0110010010001110011101100111000010101101010010010100000000101000
1000110011000100101010010111000000111010010101011110001010110000
1101101110010000001001000101100010101110100110111101110001111101
1101100110001011111111001000011100001111000100101100100100010000
1100101110001011000010100110001100001000011011101011011111011000
1101001100000010100000100011010011100001010000110100111100100010
1101010110110100111101011111101110011110001101111110110010110110
1110010010101111110010010011010101010010010011000011101111000010
0000000001011111000110000011110101110101001011001001101011010011
0011111101001011010110100000110100001111101010001001001111011001
1010111100010010001100011011101111100001101111111110000001111011
0111001000100000010000100101101111101001001010001011001000000010
0011000101111101110110011111000001111101100011101000011101110111
1011011111100001110010011001011011101011101010100001011000111000
1111100100010010110011101001111100111010000001011000011010010111
0111010101001010001010111010101010000101001101000000110101101010
0010000111000111001111110000101001110011110000101111001111000110
1111011001011100111011110111101000101001010011011000010111000100
1011111110010111111110011110000001000001100000010100011100000110
1001001001010011110011101000111001000001001001010101110100010001
1010010111101010111101101110010000011100101101100110101001000110
0101101000000100100011001110101001110010101001110000001110011011
0110010111110000111000000111010110110101001011001001010000110100
0111100010011010101000100111101110010101100001100100011101001000
1111000001111101110100001100110000111100111010101010101111101101
1000111111111010100010000000010011110100100000101001110011101101
0000111011001111011111010000001011101111011111110011101111010001
0111000000001101101111000100110000011011110100111101001100001011
1001110010000101010100111100100000000010010110111110101001100110
1101001000001011011001001100000111111101111111111101010011100111
0100110000100101111100100100101110001011101100010000111011110001
0011101100110100001110010001100011000010000001111011011010011110
0010000110000110100111111110100001111011110000000010010011111010
0101001000011010011110110100111001110100111110110001110100111110
1110101100010100000111110000011001110111111000011101000101010111
1111100011110001001011110101101100100010001000111110100000110001
1111011001010000101010101000010001001010110010001010000010101010
1011111010100001110000001011001111000010000101011001010011001000
1100000000000100010000001000100100101111000000010110011111011011
0100011000100101010100100110000011111000111111101100001101011100
1000010011001100101010101011111010110110011110100110011101000100
0011100000100001001011000101000001011110100111001010011011101001
1001000101010010000001001100011110100001110001100110010110111000
1110011111101001111001100100101110000110010101010011111010100010
1000000110011001110110111011001011100110110010000100100010001111
1111011100110011111110111001110100001100111101001000111101100001
0001100010101100010101010011011001011011011111010010000100000001
0010010000001111101011001010000001000001111011100100000000010010
1101000100110010001111001111011111110011001011100101111000111000
0100010010111000011010011001100010010001110011110001111110001110
0010000010100011011010111000011100011010001011111010101000100110
1001111010011011000110001101110001010000010001010110100000010000
1111001111011010101001010100101000110001110010000001001000000000
0001000010001010011110111111000000101101011011111001100110000110
