1001101111000110101000111011000100101011100001011110100001011011
1110011111001001101101111110100001011000111111110110000100011001
1000000110000111011000000001100100110100110011010000100011010110
1110101110001000010011110101110001111010100101010001111001101010
0001110010011100010001010101111000010010110110011001010011011101
0100011011011101100010101000101010110100000100010101010001101101
0100110011011010100100110011101110100100010001101110001110100101
0010000011110111001100100010011001010000000001010111110000100100
1000010011100110010010100110011100000110011001110100011110100001
1101111001110001001111000101100111000100110010100111100100010011
1001101000000100111001000010001010000010000110010101101011101001
0010110100100101001001100100111100100110000010111011101100011000
0100010001111100100010111000101110010110000111101110100101000010
0010000001100010001101000000101100011011011000011110100100010011
0100101010011001011001010111001110110111110010101000101011001010
0101001110110000000101110101010111100010110111100010000000111001
0100110111100101001110001001000101001100100000111110101011001000
1100111000010100010001101101001100110010100111101111110010001010
1001100000001110000001001100011110010111101010111100010001000111
0000110101101001101110101000001110011010110011010010111001000001
1111100001000100101000011001001100101101001010101100111001001000
0111001001001100101111110011111011111011011001010100101001101100
0011000111001100111101101101011011101101011100100111001100001111
0010111101001010010100010101110010000000010101000011100100100010
1101010100101111011010001111010010110110001101100000000110110110
0011111100100100001101111011110001000101001001011111100000111100
0100001011000101001100100111001001110110010101101100101001001101
1100000001110000011000111001011010100011110100011010100100111101
1100111010100100000110001100001000000101010000111010010111010001
0001110111110011110100011110001110010101100101100011000010101001
1111111100001110101001100100010111010111011011110000000000101000
1010001111110100010000010011011101000010101010111110001011011111
0000000000101100011101010010010010011101001010101101111101011000
0111111101101010101100100001011001100111111111011001110100000111
0110010011101000011010101001000100100101010111110011110111110111
1001010000010111111111010000011000100001010100110101101000011100
1000001011110001000111011011101010001110100110101100101100111001
0110100001101111100101001111110000010100010110011000100101000000
1010100000111011100011000101001000110011001101000110000111101111
0001000000011011111100000110111111010111111011110011111101100001
0011001100000101010010101011111010100110110011011010100011000100
0100000011101011100101010111111100010101101100011110101010110001
1110110110011101100010000110110011100000001000111000001000111011
