0000101011100001011001010010011010000010110000000111001111010010
0011100111001100111111101100100111001011111000010000110010111100
0000001001010110010001101011111000101100001001010011011101101011
0010101000110110011101001010111011001111100101000000100010001101
1000100100111110011101010110101010011110001110001001011100111000
0110100100000010000111000010100010001111100110010100011110001010
1101001100001110000001010011101010001111101110010000000001101011
0101011100001100000000011001110110000001010001100011000100100011
0010011001111011011000011110100010100100110101101001001011010110
1101100101001001001010100100100001111100111011001001111100111010
1000010110111001100111011110001100000011111001000110000001011010
1001010111100100010011110101111010111001011001001111110010110111
1001011011001000001000111001001011101101111111101110001110010101
0110001110000100001100000000011011000011100110110010110010101111
0101011011101110011000011010100111001100101100001001111101111001
1000000001110010110101100010101000000100000000101110111011001010
1011011111010011000010111011000101010010010011000001110111110010
0011000101100101001111100111111011001001000000010000101010000111
1010111111010010110111110000010000100001001111111110001101111110
0110100101000011100111010010001100100101011011000111011010100100
0011000000010100001110011100000111000100101100010001001000110001
0111110100110001001011101100100011010011001000000010111000101101
1101010011101000011111100110010111110111011110010011100110101101
1111110111111111000101100101000101010010111111000011100010100001
1110111111000101110100001101110000011000101010001100011011001011
1101001001111001010101100010010010110101100100001001001110000010
1101111111011110011000010000001101010100111010111100101101011000
1010011010010110111001111101001001111010110100111101101001000100
1001110111000011000110011011000111101101001000010100000001110111
1100011110110010110110010010001101010110110010000111010000110101
1000001100000101001000100100000101100110100010100000001000101000
1101101001011001100000001001011111000000101111011111110010110010
1001010110000100100111111110110101101010100001110111110110010100
1111010010001111111101110111001111111110011001101101011100000111
1110001101101101101100011001100001111100111000101100001101101010
1011101011110000111100001111001100110101010001000100110000011110
0010011110111001111010000110101011101100000101111001101000010011
1101110110011011001010000101100101100000000001100011111000101110
1111101101110001100101000010111010001110101101101101000000101111
0110111100010101100000011011001111011011111101100011101110011001
1111110011010100000001011011111011111101110000001111010001011100
1000010110111000111011001111011001011100011110101110101010001110
1101001000000011000111010000111001001101100000110110110000011000
0001110010000001001000001111011100100100010001110100110110001000
0001010011111000010010110000011110110010101010000101100011011100
1110011000100000111011001010100100010111101000110110000011010011
1011111111100111010110100110011110101010000001000110101011101111
0001101001000100000110101101100101000110100010110111000001111010
0010111111000001111011011100000100101010110100010001101001100100
0111101000011111010100100010010110011111011111000100100001110000
1000011000100011010011110111011100101101111000001001001100111001
0011000111011100101011000101010111111110011100111111011001010101
1010011111111110110110100100000010111101100111110010100110111101
1100101000110110110011001110000101011101110110010001101010000101
1000010111010110010110010110111010011000001101010101101000000110
1001010011001100001101000110100110111100000000010100100101001101
0011011011001100000000001111111101101101000100100101000101011110
1011001001001010111110101010001100100111101100100110011111101010
1011001011101101100001101011011100100000111011000110100111000110
0111000010000111001000110101100001101010101010111110100100011111
1011111100000100101001001111000001001110101010110110010001101000
0001111010101101100101011110001011001011010001111011001000111011
0111100101000110001110000010110011111010100111001101101111111001
0001000101001100100001001011100001101110001100101001101001011110
1110001111111011101010001111011011011101000001101101100001001110
0000011010010111001110011010100000011000001111001101010100011101
1001001011000101100000111000011111101010011010100001010111011010
1100101110000000011101011110111111011110011011100010111000001001
0101110010101111100010011111111011011011110110000011001011101000
0010010111110100011110101110001001101100100101010000111110110000
1001101011110100000100110000110110101100101001000100001101111011
1010000100011000000111010110010011000111001000110111011000000011
1000110111110100010101100001111010011110001000111101010100111011
1100010010111011001111110111010011101100101011101000010000001010
0011110110111100010111101110110101011111011100001011101001010011
1110010010101011100011101010110110100110101101100111111001010110
0100111110101100011010011000101110001101101001111100001101000010
1010111000111001010001001010101110101111110010011101000010100110
1011101100010100000001011110000111001101100010101010001010001000
0011110110001101101001011101001011001110111010100110110000101010
1100010110011001100100011000101100001111011000110110011011110111
0101110010011010101010000001101000111111101000101111101010010011
1111100010010111100100010100110010001011110111110101111111011001
1100010100110100111010011010000111010000000000110111100111000100
0111000111010110101001100001111001110001000100011110011100100010
1100101001110011110101010110110000000010010010101100010010011111
0010100011110110110001000011101110000111111111000011111100010110
0000111100111010001100000100100101000100100100101110000111010100
0010000111101011011100100011011001001011101111110101111010001111
1110011100010010000010100100101101001001010101010010101010111100
1010011000011011100010110010010100010010000000110000000000000000
0101100101000111101111101100000111100011100000010010100111101000
1011001001100001011011010001111011001101101101010101111011110101
