1101100000110010001000000001011110100101010000000011010110111000
1111010111110000111010100111100101011110001111001011001101110110
0001011011001101010001110101010101011001000001011101110110010100
0101001100100000011110101010110011111101011011011010001001101011
1100010001110000001001001011000111001101001000010101110000011010
0010110110110001011111101111010010100010100100110011111001001100
0000001110101010000000110111101001001101001110111100001111111111
1100001100011010101000000000101100111101010001111000011000111100
1101000101001001100100111011110010011110010101111101100101000001
0100111111011100101111111111100001110111111001011000001111110000
0011011110011011111000110100100110001010100100001011001001001101
1100000100101101101100010111011100110011101011111110110011110000
0011010101000111010000011011000101100110001011111010001111011101
0110101010111110111010110110100101110110000101101000001111010011
0101110001111000100000000101100000000000111100011100111110000110
1100101101111001010011010111001001011001010111101001111100000001
1000100001101111010111010101001000010000011100111011110000110011
1101111101101000011000100110110010001000110011000000011111100000
1000100000010100101111110011011101101100111000110011010010011101
1001100100100110111001101100010100001101101111010001101011101011
0111101011111100000000111011010001101101101101100001011001001011
1110101101000111100011101100100111101100000010110111011001000010
1101100001110110001110110000000100000100101001010000000100011011
1010100010100001001110111110011010111111000000100011010100010110
1011001010101001100110100101101000100100100110101010101110111110
1010101110000010101000000100101011010100110011101001000001010011
1000001001010110100001010111010001111100100110000010100110011000
1111001100110000111111010101001001101101011001111000011101110001
1110011111001111011111111111110000001100010011110001010011001000
1010110010101011110100011000011000101100010110100011100111101110
1111010011000101111111110101111011111101101000101111101001000010
1101111011101110010100111100010101010110110001001010111100111100
0110110100101011011001100011110011111011100100001111010110011100
1110010100101100001111011111000110001010011010001111010011110101
1111010010100001011101100100001100001111000101111111101111001011
1110110000011001010100011100101101001110000010001000000100010101
0001111101111011100111000111001011100011011000001111010110100001
0110101111110100001010110010101010001110110011000111000100111101
1101111100000111011011110001100111111111001001110111110010000111
1100111111011010111110011000000101000000101101010100001000110111
1111101100000100110011001001001111000110010000100100010100100010
1110000001010101000000100001100100000000011111110110110101011111
1111001000000011110010000101110100001000001110010110001100011000
1010111111001011010111010011110101010001001111110010001100111001
0101111101010001000111100000001001010101110010001000000110111000
0100011010111011011010110100000111010001000100011010100011000100
1110001111000000100110110001011110110101001000111011101000100011
1100110010011100110000010010100001111111010011101000000001010000
1000010011000010000111100110110000110010100101011110000000111110
1011000011101000100000111110100011101010010010111011001100000110
1100001111000111000111011011000010011111100110001111100101110011
0001010011110101001111011010101001001001110111011000111100110110
0101101101000111010011101001110111100010101110001000000101111011
0111110011100110110010011110101101100000101000010001111111010001
1111001010101011010101000000110010010100010111101001110111001101
0100001011110000011101000010100101101011010110010111110100010111
0101001000011001010010010011101000011001010001101101011100000110
1011001101000011001101101100100011000100101100001100110110101101
0100100001011000100110001100101101111010101011000100100010011110
1011001110111011100010001110011100000100100001110011111110011110
1110111101001110001110101100110000010001100101001010001101101101
1110100001101110101111000001100010011100001011011000110110010010
1100100000100010100100011101111011011100101101011011010110110000
1101011010000111001110101000100001101110101001001011110101110000
0010110010001001110000111110011100100010010101010101100110111010
1101111111110101001110010100101110101101000100010011010110000110
0100001110101100011010001110100000001011101100011011010110000111
1000010000011001111001010101001101100010000110100010001111100101
0110100000101010111101111111011001101000001110001000010000100101
1110101111100101000000010110110100101111111011010101000001100010
1100101001001000011101110010011101100000010101101001011011011001
1100011100000101011010101001001010111100110110011101001101011111
1000110010011101000110011010011100100100101010110000011111010100
1111100010000011110011111100110110000100011111110000000111000101
0100010001010110000000110111000000010101011010110100101000101111
0101001001001110010111010100000000101111111011100001010000110101
0101011101010001110011100001110000011101011110000110101100010100
1010110100001001101111000000000100111111110000010101011111110010
0000111000010010110011010101101011001001000001010101110100001010
1010001101010100000010001101001010011111001101011101101100010101
0111110101110000111010001111101101010001001001010001000111010000
1100010001100101011111111101000111000000010010110011011000110011
1001101110110011101011010000010101000110110000011000000000011011
0111110011101000101010000010000101100001000011111011101111000010
0110001110110010001010011010000000000000110010011001011001110100
0000000001001010110010001101000001000010010011110101000001101001
1011011001111111010001101010011111011011100011010011111111000001
1110100000011100110011011011011001000101110000101100100100101000
1011101011001010011101101100011100000010101101011100010111110000
1101100000010011111010001000000100001110110011010011100111000001
1100000100110010001100001001011101011101111000110111010110010110
1010100100001100100000100111011011010110001000010001000000111011
1011110110011001011011100000010101101011010100011101010100001000
0000110111111101101010000101101100110110111111101001000111101010
1001011111100101001100001111000001000110011001101011001111011100
1110001110000100101100111001110111101110110101111000110010000111
0100011101001110011000101100101000101000100000101011010111001101
0100100100000100000011001011100100110000000110011101000010011011
1110100011111111011011111101101000110000000110010110010000001000
1111110000000100101100111110011010111011100101100001110110011010
1001101001100110010110010010110110110010000001000111110101101111
1110010100100110010001111000100111110001001101110001111110110010
0101111110110010011100011101110011111010011001000100001001110101
0111110101111010001011001000001011010110010111011100011101101011
1001110001100110101001010001100001101010010101010000100001010000
0101100101110110101010100011000011101101111001110001100011011010
0000111100011011000010011100010110011000010101011000000011101011
1001110110100010100011101110000001110011011100000110011110110000
1101011000100111100010011111100000001110101010011100111111101111
1101010101100010011111110011110111111101111010001110111001010100
0110110010100011110000101101110111100111110100101100110111111001
0000111001000001111100001001010101110000100101101000001110010010
0101100101100001111001010011011011111011100000011001111110010011
1010100011001011101110010001100111111100100011011010110001110101
0101100100000010100100101001111011010010000010010110111010001111
0110111110101100100000010011000111010010101100001101101101110100
0100100001111111000001100000011011100100011000000001011110110001
0100101100111000001101001100010100111111110100111111000010110100
0111000111000111000111110011101100001010000011011100010000001110
0101100000110111001011100111011001111100001000011111000111011111
1100110100011000110111001010100111011010100100110011010111010110
1000010000010000111000001010010000011111110111010111110100101011
1110100111010001101110001010000000001111011001100000100100100111
1000100110110100011000001010111101011011000001101011100100011101
0110111000110011110011001001101100101110110100110100001111111110
1001000001000100011100100101100100000001110101000010001011110000
0011000010110011111011000110110100000101100100010001100000100010
1100010000011100010101110010111100110101010011000001111111100111
1110010011110101100010100111010110010101110001011010011110101000
0110000100111111001101010010000111010000011100010001101110110000
1011011111000010001000000010010110101001100000011100010010001001
1101010110110110110101001100111101101101110000101010001110001011
1000111010101111010001101000000011011111010111111101100010110010
1100110001100110111010110011101010001111000111101001110011011100
0010110001010111100101001001101001000101100011111010101000010000
1110101101111100001101111001010011001000101110111101010010101010
1110000101110011101001100101010100100100010100011111111000100001
1010101101000010110001000111110111111010011111001010010110100011
1101000111011001111100000000011000000101110100101100001111111101
0011011100110101110111100000100000101110101101001001000010110001
0110001010110101010101100111100000100000000001101010001100000011
1111001010111011011101000110100000111111111101000011101010001110
0011110101100000000110001110001110110110001000001011110001111111
0010101011110011010101111001000110010100111100100111111000111110
1110010101000010110010011110110101101011101011011010111010000111
