1010101001101100111100100011011010111101100000101100001101101110
1001001011101001001111011110001011100101111111111000111011110010
0010110111000100010111011001110010111001110000011000000000110000
1101000001100000110010000011001111011000010010110100101111001100
1101001100100101100011110011100010101110011100110000110100110010
1101011000001000110010011101010010010000110001010110111000001100
0111100110111011000101000001010000011011000110101010100101010011
1000110111001011000011101101101110111101000100000010110111001011
1000011000100110001111011000000111100010100000000111010110101011
0100110111011110100110011100011000010010000110000001000101011001
0110100000100011011001111011010100000100011110100100001010110111
1100000011101010001010101000101010000101000010001100000001000010
1110110110000010111111001101011011000100101101001000100100011010
1001011110011011111010101010100111001100000110000001001010111011
0000111000101001110100011001100110001100000001011111000100000000
1110010000000100111010111000111110100011101110001000111000000100
0011100001110110111001010011011100101010111010110110001101110010
1000100110010011000011100001111110101100000110100110010101101011
1000000011111101001011110001011000000111011110110110001110110010
1010101100000011001110111010010110011100101001101110011110110011
1000011010001110110100001001001011001111111100000001111011100111
0001111010111010111101101110011100000100010011111110111011011001
0011110000011101110110010110101111010011100100101000010000000000
1011101001100110010001010110010000111110010001011001101100011110
0110011010001100100111110101100110111110010010010001000001011010
1111011101000110010000110110010101000011010001000110100110010100
0110010110111011100010100100001000100000010101001010010000010000
0010000011001110000110000110001100000100010101001101010111110011
1010010101010010000100100100101001110101010111111000010000110011
1111111110000111101000000100000100001101011001001000101000101101
0010100001111110010000011011000010110000111110100000111000101101
1100010001011010111010001010111100111011011110110111001001110011
1100111010011010011010000101101101000111000111100010010111011111
1101111100100101111001111110000100100110011100110110111110111010
1111000110110011001110010111011110101000011111110010011011010111
0010001110001111101000001011110111101100001110100100111000010110
1010001111011011001001011100101110111001101100011001011110111000
0010011101000001111010010100011011101000100001011010100100100010
1010100001010110000110101001011100111110101001010000010001100001
0100010101111001100110111111000110001001101110010000011011101111
0110000010010010111110111000110011000101001000110101001011110111
0110011101100011000001110100000101111000100100110011101111001000
0011110000000010101111001010100111010110011000010111001110001011
1101010101000111110011110011010111101101100111111100000000001110
0001001101001010000001101110110010100100011001001111110110011001
1010000001101000110110111100100011011110101110111101000101101001
0010101110100001011010000100001111011011001101001000001110110110
0111000110010001101011011101001110110011111011110111111100010110
1101011011100100001101001101001011100100010110110000001011011111
1000000001100000001100101111001101111100111010001011110010110001
0000100000110011010011101010101110011100100000101110011010111011
1111111110110111011001110001100000001110101111100111010101010000
1101001010010000100111000100001100010101101011011110110111010101
1101000100001011110010001011010001000111011000010100111111111111
0110000001010111011011101000001011111111001110111001010000101001
0011010111001101110111100110101001101011000111111111101101110100
0010010001101100110111101001111000100010110100010001111011111010
0001100010101100111000101100101111111111000000101101000100110010
1010100000100110000101000110010111011101100111000011000001010110
1001000000001010101101110110010000010010001001001010001110011000
1110110001101110001000110001011001011011100100010011011110010011
0011000101101100110101000100011111100011101010100110010010010001
1000001111000111001000010100001100000001100101100000000011001100
1011001011001001100001000111100001000110110010101110010000010011
0011110011111010101111100100011111011011111111110010110110111111
1010010100010011101000001101111010100100000011101100110000011011
0101110111111010100110111010011110100001100110111001001010010101
0011111011100000001011011000110001110111001111000000001001101101
1100011111100100110100011000011010010111100001100110001101100000
0110110011101110101110001111000101011101100001101001100101000010
0101111001111000011111110100101000011110010110100100011110111100
0101000110011000000101100001111110000101000011001110111101011010
0100010011001011001001000001001111100101111000101110001101011000
0111100011110111010011110011111111110110010111001011011010110011
1001011110100111001101101010000110000100011100100110001110101111
0100001111111101010010011001011101000111010010001000111011010011
1001101100010001101100010010001101100100101001100110100010001000
1101100001000111100100001011010110110011101100011111100110100100
1010010000111010110010000101110010100100100101000001011011011100
1110110011111110111111111010011101101000111111111111010111101001
0100100011010111110000111101111101101100010011001011101101101011
1111001001101110001010100111001010110011011110110100110010010010
1010101010111111110000010000001101100100111011110000111011101110
0110010011011010111100111110111101011101000011101101101101001111
1111011000101000100000011001100010011100110000011100110010001110
1011111010010011001100000010111010101011111010101111110110000111
0000111001011101011110101000111101100011000110100110110101110100
