1111110111011000111101110110101100110010011111000000101100101111
0001000011010010000101000110000110100010011010100111101000110001
0001101010101100011111000011011111000010010011110000110100111110
0110110011011100010010010101110100000011111011100101000101001010
0111101101100101011101100111011011001101110101000100001011101101
1011100111100101000110100101010101000110111101110101101010000000
0101001111001111100101000011111011100001100000110011101000101110
1111110110110110101010000010100110110110011001110100101000000100
1010000110001101000111001010011110100011000000010011010100000110
0001000111001110100011000001001001000111001110011111010110110000
1011111111111001110011010101110111011001110011110000100101000010
1010010100101110110001110011011000111100000000110010010010000011
1101000001010101010011100101110000001000111101000111100000010000
1100100101101011100011000011000000110000010010000001001110100000
1101000010111011010100100010000000111111011100100011001100010001
1011100100010111000110111000010101011000011000001000010011110110
1001010000011001101110111001010000001000100001110111001110001000
1001001011100010100001000110001101110101001000110101011111101101
1100000101000100000010010011001111110111001000101001100010010100
1101000111101110110101001100111001011101010100111110100000010010
0001101000101111011100011111010110100011001000111100011001111010
0000001010100100011100100110101110100101110000011001001011110111
0000101100001010010001000011110100010011111110111011110000111000
1000000000111010101110000000110100001110101100110110000010101001
0110100000000111110100111010010001010010100011001010111011110000
0110000111010001000111100111010100100010011000011001010010101111
0000110101110000110010110110111101000110000100100111110010101101
0010101100011111101100010111011001101110101101011000000010001001
1101011001010010011110110001001101000001001101111110011111010100
0010100011111010100100100101001010011001110001011100101011010001
1000001111010010101010001000110110110110100010100010001111001010
1011001000000010010000011100010000010110000110010001101010100011
1101100101001111101110110100101001111110000000011100010101110100
0100111100110011001100100000110101010111101101000110101100001011
1000110011010101010010100101001010101001111011101010010001110001
1100001011010000110010001101100111011011010001010000110110001001
0010100110101000000101010110110100110110000100100100001101100111
0010111010001011100010101111000000001101110010011101111100000010
0000101100011110100110111011100100111010111001110000100000000011
0101010101010000101011101110000101110110101101110110111111011101
0111011111001011111011111111000000111111001001000000110011000000
1001000001010010100001111110000110011010100101100111000110011101
1000101100010100000100001010000100111101101000111000000001001100
1100011011011011110110010010110000011011010000000011100001111001
0001110100111000010001111001100011101101000110110011110001111100
0111100001011001101101101011010100000010111011011000000001001110
0110000011100000111101111100011001010001111100000010010101010110
1001011110001010000100000010001001010010000110010011111111110001
1101010010011011011110100101101010010111101000001010001110111111
1110011010111010001001000010000010000100000000110100010001010110
1101111011010010110010110101111000110110100010111011110000001011
0010010111000010100001110101000100001000111110101100101100010000
0111001111111101000111000110101110000010100110011001010111000111
1111001100111100110100110001001010011011110011000110101000110111
1001110110100011000100110111111001111000001111011110100001010001
1010111011000010111110111100101111100000011000011010101111010111
1110001111000110100111011010001010001001111111101000110100111111
0011110100000110010101011101000011010010100111110101111000110111
0010110000000011010000001101001100100100000010101000000111110111
1110001100000000010011001001001010000111011111001111100100111101
1101001000111101110100010110111010100100000000001111100111011001
1001111111111101011000011110000100111000111011011000110111001101
1101000111001110101101101101110011110101101010011101111001000110
