0110110011111110001110001001111110000100111101001001001010110001
0000111010000101101000000011011001111001001011011110101110011010
0010000110000011000001100101000010010100010011111101101011000100
1101111010011111111011110111000011001110110001011010010111010110
1011110000101111011001110001010000111010110110111010111110101001
1000000100000000010101011010100000010001010101000011101000001001
1010100001011100100001011101000111010111101111011110100110001101
0101101000111000111011011010011011110101100101011000100011100110
1010101110001001001011101001100001100111110101011110100000100110
1000011101001110001111100101010110110010000010000000001100100011
1000111101011101000100110001110000101100111011100110110100010111
1010011100111001101111010010100110101111101110100111110001010101
0110001000101110010010000001001001011100011001110011011100000011
1000011000000111001010110000011011101010011111110110100110011101
1101101011111111101100011101100001001111011001101001111001001001
0001001010010011000000110011100111101100000000111011010000011000
0000000001011010110000010100111101110110110110100011111010111000
1001000011111000100011101000011000011111101010001001110011100000
0010000000001111011100010000100000111101010101000101011110110110
0100000010010110001011001011011001101001101111101110111111111111
1001011110100001110100101010000000100110001111001100111100000110
0000010111100110011010110011101111011101110101001100000010110100
1110000101101100001111101101110111001001000011111100100110011010
1101101111000110110001101011101001110001000000111011011011110100
0111001011111001100101000100001000111110110011110000011110110101
0000101110110000111110010001000010110100010011010010111010011010
0011101110101011010101010010110100110011111110111000010111000100
0011100000010010011111001111010011101000011010011010011101000000
0011111010011101010101011111111101101101001101100110100100111011
0101111110110011110101010011111100000101101011010101111011110001
1001111110000001111101111101110011010111110001101111101011011101
1110000011101010010110001110110011101000111011010001110100110000
1011100101010111111001011110100000110111101011111100001001011010
0000000010110000010100010000000000111100111001100110010010100110
0101111010110100101011111111000001011110001100111100100101100100
1000000101111010111111011001111100000101111000011000011001011101
1011100101111000011000001101100110010011110010000001010100010010
0100010011001010110001111110101001111011111101011110001001001111
0110101000000011010100111000101110011011111011000011111101110100
0111010010101101101100100110101011100011111110111111111111110000
1100110000110100100011111110110010110101110110101110011101100000
1101010001101111111011111110010111001111010000110001001101100101
1111111000101100100101001110101110010000111010011000100010001101
1111010011100110011111100101111011001101110110001011000111101010
1001011101110101010111001010100110011100101001110000010110111110
1100111110001000010011111101000101110110100011101111001100110010
1001100101110010111101100001100110001001010001111111100001111110
1100000000100011000000010111000110010110110110111100011100001111
0101101100000100101010111000011101100001010111010111000001001100
0110101011101111111010000000001011000100101010110110000101110001
1010111111100011011010110111001000101110111100101101111111100101
0010011111100001011001100100011011011111110100101111011000100100
0010001000010001110100011110000101000010001010010100111100000110
1000101000101111010011100001101001111110011010001111010111001011
1110000000011001010110101101100011111001101111111111110111001100
1111011100010000111001011000011101111111100100001110100111010101
0011101111110001011000011110000001100010000111001100001000011101
1110010101101101000010110100011110101101101100011111111101011000
1100110010011101010001000111100001000000001100001010110111011010
0100100110110011111111100001101110110010111001001101000101010111
1001100010110010010011100101001111011001111111111110010001010111
0011110110100111101011101011100001010001010110100001100101000100
1110101010100110011100011011110111100000111100001100101100000100
1010111100111000001001011100010111001101010011001000000111011000
0000011010111010110011110010010110011110111101110001000110000101
0011100110000101000011010001100011100000011101100110100111111110
1110110010111111110001111000100010100001010000000111000001000111
0001100010101111011101110111011111011111000010100111000101001101
1110101001000000000000111111101110100000000101110111001000000000
1010100101000100100110000101010011000001010111010111111001011010
1010000000000111000111110101001110011111111110001101000111010001
0111100010101011111111001101000100001110001111001101000101010100
0101100001101011101001000001000010111101001110100111001011001100
0000010011100011111011110101111101111011011001110100111011111111
1100100000110111111101101110110110010001111000101000011011101110
1101000011110000101111110100000111111111011001101011101000011011
1101000100011101101001110001011001000101110011010100101101101111
0001010000111001000001000001100000110101100110110001000000111110
0110001100101000000011010110010111011011001011000100111010100011
1011100111010011000100011001000010010101000010101000011000010010
1111100001011011011000011110111001011011111100111110010111110000
0111111010011100110101001101010000011111111011100111110000100110
1110011011101111000011100100110100000011111000001011011100011011
0111100101010011000000010000010111110110001110011000101110101000
0011110001011100100110101010011010011001010011000100111001110011
1111000011101001100011101001010100010100100011111100010001000000
0101101110100101111110110001101100001110000000000100110101101011
0111111010100010011111111011001010010010000001001001010101100110
1111111001001001011100111101100010011111100000001111000101111111
0110110101100010011010110000011100100010101101111111110011000010
1001101110100010111100111111100011000111100001101101111110010100
0011110110101111000101110011101010010100101001110010111111101101
1000111000001000000100001001010111110010111001011010110010110000
1000110100111011000011111100010010010010010100101100000100110011
1101110010010101000111101100010010000001111001011010111110001000
1001111110000101100011011010001111110000010101111001100101011100
1100001011000110101110101111011101110110100110010000010101000000
1111000001100001101110111110101011110001100110111110001110101101
0000011010000111100111001011101101000111001001000011110001110010
1011101111111101100001111111110000111010110111000111000000001011
1001100110000111000100101110010111101000011001010000010001100010
1010111111001001001110000011011100111110010110101000001000010000
1111010001111001011111101010110001010110100001111001101101001010
1111001000111100011101000110010010110010100100010010011111100111
1100100110110110001101110110010010100001000011100110000111110101
0101001111100001111001111111101111010010111100111010101010101101
1110101111111101001001100011000010100011011111011101110101011111
0000010011000001001101100011110110101110101110011001101011010101
1111111001010001001011100010100010001110101010001111001001011011
0100110110100101111101101001110000011001000100111000101100001101
