1100000100001101100101101111000101000111101100011011001010011011
1010001001010000111100001110100000110111011011000001111110110101
0011100110110010101110000010111011001011011000011001010101011000
0001111111001010001000000101010101111110001101100000010110100100
1111001000111110000001101011010011101101110000111001111011000100
1001001111000000011010100101000000011000100110101110110101001000
1111000011110000010110100111111001011111111110000110111001010100
0110111001101110111100110111010011010000111110101001000010000111
1001110001011010000100010101011100011100101100011111001010111001
1110101010000110110010010001010000001011010001110111110101111001
0100100010011110011100101110001100100101011110000111000111111000
0111100001000110111111000101111001101000010101101010111010111100
0011110110000110110001110000100000011100001000000100110100010000
1110001101111101101001010011101001101000100101110101010111110101
1101101111110111101001011101010000110101000010111000000111100110
0110010110011000001001110000101110011100111100111111101110100111
1000101000011000000111000111000000110101111101110100110100000101
0101100111101001001101100010111010110001000100111100110101010101
1001010000111000001110010101101111001100011011011011111111011101
0010111110110111011111101101100010010011110010100000000111011111
0111110011111010100000000011111011101111111101101000011010011011
0010110011111110111101001110110010111101000110011100000000110001
0011011001000110011100111101111100110100001101010001110010101000
0101110100100011101111011101111101101111010010101011000000110001
1111100001101101111000111110100111111111101010000111100110010010
0011010110001110011101101011101110100000010110100000111000100110
0111110010010010100101010110100110011100011010000100111101110000
0010010001011100111111110001011101010101010110100011110001011011
1100001010100000010100010001001011110011101010000101010111010111
1011001110000100110011010110101100010101111101010110101001101101
0101011001101000001000011011010110001100101110101110000000011011
0111011100111100011101110001110100000111011000100101111010010011
0100111110001111111111101000100011000110110000011100001011101101
0100101000110000111011111011110111001000000010110101100101101110
0001000011001111010100100001110101110001000000110100011011110110
0010111111010000010010111000010011101000111111101000000010100110
1001001110001101010001100111110110111010101010100000100101010011
0110101001100000001111100001100010000101110001100111001100111100
1011001111011110101110100100010110010000000001100011011101101101
0001101100000000010110001000010100100110000000011111000001110011
0000110110001101101001001011000010101011001100001011110001110100
0000100111011111010010111011010101001010101110001111111100001110
1100010100001010111101110100010010010011011100001010101011100010
0110001000100011110111001010010110010001101111100111011101110011
1100111101010001110011000011001001111111100010000101000001110110
0100010101100010100101110100011110011111010011010110000011010110
0110100100001110101000101010100000111111011100000110010101001010
1101101100110010110110100111110111110100111010011110101001001101
1100110100101101001010110110011100110100111110100111000100110001
1001100001100001011101000100101110100101001101001110110110010100
0100101011000101000000011010101111000000101101100100100100101101
1100100000000110101001110001101001010011110100100000000111011110
1111100011110100001011110101110010011100001100010001001000100001
1010010100100111110000000010000101101011100100100001110100000000
1100011110001110100101101111011111000100011110100011001111110011
0000010101101110011101101001101101111010010010101000000010011110
0101111100000101000011011110110110100010000011101000100001001110
0100110101000111000110100111101011000100011110100100000110110001
0001001110011010001101101011100001001110101010011001110000000111
0100111000011001000011000001000111011001000011100011100010000101
1011000110100111110110111000000010010011010101011010000100000011
1001100010011110000000110000110010111001001001000010001110110001
1101100111010000010111011100000000111010010101011001101111100101
1010111101001101001101000111101011100001101001101011111111001100
1011000101111110100001100001000010010001101011101111101111000101
0100011001001111101000111011110001010011011000100010001001111010
1101110100001011001110111010100100100101110000010100101111011010
1101110110111001000100001101000110011001110010101110111001110001
1001110110011110010000001011010000010000110101010111100001100000
0000111001111010011000100000101101010001001100101110010110000101
0110100101101111101010110100110010000110110010111101101000001110
0000101101000110010100001001001111100111001100010011000010101101
0110101110011111101000000010111000111010000010100111100001110110
1101001101101010001010101000111110110110110111110110000011001111
1010011001001101100110011010010100110100100110100101100100000000
0010010000110101000101011001111011101110100001011010110001110100
1011111110111100001001011101000110011110011011001000010101100001
1011010000000001011011111000100011111001010011001100111011111111
1010000101100011111100001000100111110011010011000110011011001110
1111001001111001101111110010111011101100111010010100011101000001
0011010100010101000001010011011101110011001011001010100110010111
0111010111110011110100101001010111011001111001011011110111110010
1101001010011001100101000011001001101000110101000101101101100011
0000110010100001011010110011010110110001011010111010000011100010
1100101001101110101001001100010100111010000111111101100111001001
0001001010101100001111110100111110100111001100000001011110000011
0011110111101001001110011110011000101001011110111111001110101011
1111110111011111110011010101101001010011100101011111010010000101
0101110111111011101011000001000011100101100111101101110000111011
1011110001110111001100101100111101010011001001000101000110000101
1001001111011110101010110110110110101100001010100100011110010010
0110111101110011100111101100111011011100000100101010101100001001
1001110010111000011110010110001100100000111110000111101101010001
1111010100001010101010010110101001100010010011100111101101001100
0110100101001011011010010011111001001111000101101100111010111110
1000010111111101011101111010010010111000000100011110011110101011
1111011011110010100011101001101000001000000110110001000011011001
1110111101100100101010010001000000010010111001000111000000110110
1110100111100100000001001000101010010110010101100101110001100001
1000000101111001100011001011010011001101110110000000101001010001
1011111000100011000001010010100110001110010100110000011111111010
0010010101010100110110100010010100010110100111010111001001111101
1011011011110001100010110100011111111110110011000000111100001110
0100100000100011001101000111001010101101100010011010001101000111
0100111010110001100111010111100000111010010000101000010001101100
0010010111011110000010110100001001011111101110011111010001000010
0001001110001100001111100011001100110011100000110100001101101010
1110000000101110000010100011010111100001110100001011100110001100
0111000000101010111100111101010001011100101001100110110011000000
0011111000000011101011110011110101110110011110110101101111111100
1011111010101011100110011111111100111000101010111111001000001101
1101010011111101011000111011001010010010101011010010111000110111
1101000001011001010101110000011000111011101101001010010100101000
0100000110110110011011110101101000110110010001100101111100000011
0001101111010101110110000011101010011001001100001011011000000001
1111011000000111000100000001111011011110001111101000101100011111
1101011000010011010100001000101100001110010000100001000000000101
1101101010000011111101010011011101000111100011010100000110010111
1110010100100000001010001010101111000010110110011100101101001000
0110010111111111000001100110101011111111001011010101100001100010
1000000010110101110001001101111000001100100001101000000000101101
0000100110011000110001110110111000111101000011110100101101110011
0110100111111100101110100111110010000100110110111010011110010000
1100100001111000100101100111100011000001010000101111001100011011
