0011100110001011001000100111101100101111011001100111111001100111
0111000111110010010111000111111111011010000001100111111101000000
1111101000111000101000101000111101011011110100100000100011101000
1010111000001000011111001000111101001101001001100011011110100111
0101111000101110000000000101100101010111111010111010011011000000
1011000011111011101001100010010000011011010010011100110001100111
1010111101001000100101001101110000100001000100011000110011001001
0111000110110000001111000001111111110110100101101000110001110011
1000111000000101011011011101111010100110000100010100110111101010
0111001101111000011011101011110011001000001101110000000110100001
1100010001100010111111010011011000010000000000110110010011110100
0101100100011011011110111100010101010110111010001111110111100101
0001010000110010011000101101111011011011010001101011011101101011
0001000111101110000000011111011111100010110100110000010000101011
0011110111110110100011101000011110111101101100101001111001011100
0011101011011111001111101110101001001011010011100001101110111111
1110101010001001100111010110110101111101000000100011100000000001
0101000110000111111111111101001011000100100000010110111100010101
0110010010000010000110100001010110000000011101110010001110001001
1100111101111110101001100101111111011011101011100111011100011111
0010101000000110110111001011100000011111010110111000111011001110
1101101110110110000001100011110000010101100100000011101111010100
0100001110000010010101011011001101010111011111001011001100010111
0001110110010100011001011101000000010110011111101110101100010110
1001111110011111000011011101011011010111010010110111111000010010
1011111011011001000111011011111010101010100100011001111010011110
1001011101101100011101001001011101111111010001001001010011011010
1010111101111101100001101001100101001000011100101000111100100111
0111111000001100101111111101010101110111001011001100110000011101
1001101000101110011100011011100011101100011000010010100110000110
0001110101001101101100111011011011101110011100101010000101100100
1011101100101000001111100110100000000011010111101000000011100000
1010010110101011010110100101011110111111001110011001000010011000
0110111000011100111000010010101101010001000100100111110001011011
0110101110100100101101101001011011010101110110111011011111110100
0101000110011111001111111111010000100001101010000101101000110110
0010010010010100000000101010100101011110100100100011000111001011
1110101001100001010010001111011011011001100100111110110011011101
1100100011000001101101011000010010000001000101101111111001001001
1010010011110001100100010010101000000111101110111010100011100110
1001110111000011110001000111001000011110011000001111010111000100
0110111001101110100111001100000101011111000010110110101000101001
1000010111110101111111100001100111101110000011101111011000000001
1111001001001000100001111100000111100101110111100101001011001110
1011001001000000100011111000010110110001111010001111101110101100
0101111111100111001000000111111010000001001011011011000110000111
1101100010111000111011100001010011011111110001000000110111010111
0111101101100111000100110101010101101100110011111010110011010010
0001000001110011001001010000100000110000100011011100111000010000
0000011000010001101101010100110000011110111111011100110111110010
0001000001010001010111111010010101110001010111011001111011110111
0011100100000100011101000100100111101101111011111110000100110010
1111110111011101111101000010100101101000111011011101100101110001
1111000001101011011101011001010111100001010110011011000011101110
0011011110000111011110100011011001011011000000001010000110001000
0111101000010100001100101110001111111100010011001101110110100001
0100110100100110001111011100011111010111010011111110011110110001
0001101011011010010110011010111001011000101010001001010001111100
