0100111001110010100101110000000011011100000111011110111111101000
1001010111011111001110110111001110010001100101011011111100011110
1000100111101001001000000010101110111111111100001011101110001101
0100011111001010110011001001101000010101000011010110101101101011
1010100001111011111001001100111011010011110001101001110011010000
0110010110110110101100001001000000111000010100101101000001100001
1100110001000000111011001001010100010110110001000000010101011010
1100101101101111011010101111100100010000110011100110010110111011
0101101110001110001000101001111011011011010010001111110001001001
0111000011101011100001001011111100101010111000101001011100010101
0010110010001001110101101101011000000100001000001000100101100001
0111010011101010110111001101010001010110110110101111100010111100
1011011011100010110100111011000101011010111110111110110001011110
1101101000111111111000001000100101101010100110111000111100100010
0011101001001100010011011101110010000011100011110111110111101011
1101010010001010011110000000011111011101010011100100110010111000
0101010110100010001111000000101010101000000010101100001100001101
1110111111100110111000011100001001011010001110011101000101100000
1010011000110011000111001000111001100100001101011101001101100011
1101111111001100100011010110010010101011001101011010110100111101
1000101011010011111110011011101100100111010000010001001001001010
0000110000011111000100000101101100000100011000011100101101000100
1101011010011111000011111001000101010011111000111001000011100011
0001011001010000111011111001010100001101110111111111101011000111
1000101010011101100110101001011110001111100100001001001110001011
1000010110010110110000011101101001101011100011000100000110010101
1011101101111111000000000000000001100001000111011100110110111110
0111001100101101101011101001010111110101001101011101010110000100
1100100110001011001110010100100001100010000010100111111111110000
1101100010011111011111100100110000101111011100010000000110000101
1011111111101101001111001010000011010000011011011001010001011000
0000110101011000111000000101111111010101101000101011001000001010
1000101101100110010000011001111001011011111011011011001110000101
1110101110011010111111000000101100001000000110000101010011100110
0100101010111010000011001011011011001100001100110100100001001011
0101100011001100010100100001101100100100011011001110001101111101
1110010100011001000011000111101110101000111001000011111001000011
0000000011110001001001101011101110011101011111110110111100011100
0001111111001100101000011101110110110010001011001011111010001111
0011100111011011110101110101000100001110100011010001001100001101
0000000100011001101111111100011110011011101010111001100110110110
1011010010000101101001010011001111101101010100000000011111000001
1010100111101001111000100010010001000001111001011100111101110011
0110000000110111011111111000111110101100110010011010001111010110
0001010111011010101001111010100011001110111011001001111110010111
1110001011100110011101111111010111101110100111011011110000111111
1110101110010000101011100100011000111100100101111010100000010010
1111001111101011000101111010011100101101111101011111100110010001
0010100101100101010110000010100001100010000001010111100010000000
0100100101100011101001110011000111001110010000101011001011000001
0011000000010000100001000011001010000010111010010110000000011011
0101111001100010110100001110111101111101011011000000100100110111
1100101010011101011010111101111111101011011100001111011111111111
0011010110110100100101010101100100010010100000001101100111001101
0101101101111101001011110110000001110100101100011111000100011111
1010011000100110000110010111100001010000111000101011110001000001
1001011011010010011011001101110011110111011010101011100100101001
0111110111110011010111000101101100010010110011110110101110001111
1111011101000000110010010010001001101111110110111100100110000011
0001010110010100001010011101011011111010110110000011100010110101
1110111011111010101101100100010100001110101100011011111110101110
0010010010011101000010000101101100101101011000101011010011010010
1110101001100001000100001110010100110010100001001010001001000101
1110011110000000001110001111100001100101101101101110010111111110
0001101110101000110000111010101010010111000000001011010111011000
1000110101011100010010110001010000100100011010001111011000000110
1000011001000111001110101100011111110101001101110000000010001101
0111111101111111111100101100001011011001010000010101111110111101
0101100000111000010100000001001101001101010101001011100011101100
0011000111000110101001001101110101000110001111110011010000110110
0010110000110010011101100100010010000101001010001011010000000111
0010011000110101110111001111000011011000010011101111111111110011
0110100011101010101101011000011010000010011011100111101011110000
0000010111010101001111010001011101010011100100110100101011000001
0111010110011010000011100110110000111100101111100110010110000010
0001001111111111000010001101110011110001101101000100100010101110
1110001101000011101101011100101010100001011111110111000000111111
0000100001110011100001110101110101000010011110111011101010110011
1001000110001100011000000100100111000111111110111001011110010101
1110001010100101111000011000000110111100110000000001010101101110
1110110111110110101110100010000111011010100111100111001100010001
1001111110011010001011101000110001110011110011010001101111010010
0100011001001000101011000110011110010010101110001100010011111110
0001010101011011110101000100100101001000101110110000000001011011
1111010010101000100010101101010111001110110010100110110101011000
0001101010101001111101111000111011111001110011100100011010001000
0100001011000100001101000011111110101101101100100010011100011000
1010001110000001101101110111011001011111001110000001000101111001
1110011110101100100110100000101101010110001010111100100101001010
0101000011101101111010110110011001011011100100111000011111110010
0000011100111100110010111000000000100111011010000110010101100111
1000100101001001100111010110111011011111010010110010100001001111
1001000110010100111111110101101111001011110100110110001110000110
1100101100101011100110101010111100001100101010111001011001000010
1101110101110001100000010000110000101010011011111101010011011101
0001001010100001001110010111001110010010100101001110101000100111
1001111001101100111101101001111100000000011111100110110110001011
0101010100101101110100011100000110100000001101101101011111100101
1011101100011000010011011011100001010000000100010011101001100000
1011101111001100100111111110001100101110011111011010111111010000
0001011010110000001111110101000000001001001001000101010101011111
0010011111110000010000000100101101101000110111001101100111010000
1011110000001101100110101011011101111010000100000111111100111010
1011001101011000000100011000001111110101111011001011000100001110
1100000111100010101110111110101100100110110111111011011111111011
1001111100010110001100011011000000100111110100001110101010100011
