1100010000111110110101101100001100100111000100000101010110011100
1000011000001111010101000011101011001101110111100011010111100101
1110000011110011111011100001010010111111101100100001011000010010
0000000100110101111000101101110100000000011000011010010001010110
0001010100100001101000001110011111000001100100111001011100001000
1100010011110111100010011110011110010011001010111110100111011110
0010010110110001001010111010100110110010110100111100100001111110
1111100100011011100110111100001000111010000111101100110000110010
0111110101101110011000000111010100110110101111011110001101000000
0100011110011110110001111111001010011010000101110110100111110100
1000110011110010001010001001101001001001011011111011010011010001
0101011011000111001001110001111111010011100000011100100011101100
0100110111101101100100001100010111010100110101110001010010001110
0011010001011111110101000111100010110110111100011110001011011100
1110111011101101100101111100111010100101011000100110110011001101
1010000101000011000010100111101111101111000101111001110011001010
1001110011000101110000001101011110001000101111011001001000101101
0111010101010101110010010010010011100000001100110101110000101001
1100110011110011001000101100110101111010111100000100100001111001
1001010000000101001001011110111010011001011011001101110111110111
0110100001110010011011010110101111011000000101110101100000101001
0001000011111000010001110111100000111001110011110111010010001110
1111101111111001101100011110111111100010011100111011110001110101
0101011111101110100001100100110000111010000010001010111100101101
1101111111100001111011001000100010110110101000011011000110010100
0101000101110101100100111100101111001001101111000011000101011101
0010101110011100000110100100110100000000001110101001010010001111
0100101000001000111111101000011100111110110011010100001011011000
1011010111101100000111011100010100100110110101110001001110010000
1010100001010111011100111110000110011100001010110111101001001010
0100111001011101101000011111111011010110100111010011011110010001
0011011000101011100001010101000010100111100100011101000010110100
1011010011111011001110111011000001111111011000010000000101110110
1101000100010101110010001101100011100110100011011100101111100110
1110011110011101010010100011001010000111101110000110110100000001
1001111110011000111111011111111000011000011111010011010011000111
0111011011101011010000011100010011111110010010101001010011111001
0010110111101111000011001001101110101110111101100110000001001100
0101100100000000001010000110111000101111100110011101011010101111
1010111001001111110111001111001011100111001100111011010101010010
0100011000001001110001101000011011000011100101011000001011000001
1010001111001111101101101000101101110001011110101011100101011111
0010000001110001110110100010000011000011001011001011010100010101
1110111011001000101001111110011100010011111010011000101001100010
1101111010011001100101000110000011111110101010001100000011100011
0000100011110110010101100001010000101000111011101001001001101100
1001011010011111010100011101101001101000111001011110110101011000
0001110011001000101110110100000011110001001110110100001000000100
1000001110010111100110011110001001111110100010110011011101011101
0011101111111111101010000010101000110100010110100100110110110001
1100100110001000011100100011111001011111001010110101000110111110
0111100001110110111100001100000100010110000011001101110011111110
1100101001001110001010011001100000110111110000001000001100000111
0010001101001000010010111111100001111000010000101110000101101110
0001011000001011001100100000100011000000011010010110010101111000
0010110111000100110101011101101010100010010010110001010010001110
1110110001000111011101100010111110001001100101000000101100011011
0011101011100001001100010111101000001000100000111010100110101100
0011111101111011001101110001010100101111100000010110110111011011
0000011011000000101011010001000000000110001001110100110011110000
0111101100010100011011011000100001100110011000011100010010010001
0110000101000101000110110000011110110101000011110110101100101011
0001111100111000011100000100101110101011011100011111000110110111
1111101100011000010001000100100010100101100101110001010111101101
1011010000000001010100010101011100101001101011100001010100110010
1000000001010001011001010001111010000011100111010101001110111001
1000101100011010000010111000100010011011001111011010000010011110
1010111111111101111000010110010011110100001001010100111011100011
1110100010010101101100101010110110101101001010000101000111000111
