0011010110011000000100010010100010010110111011001000101111101001
0101001011000110111010110111110101001100110101110001111110101010
1100101000100111110101010110111010100110010101111011010101011101
1001000111110100111110101001000101001011010111011010011110110001
1111100000010100000000000001011001111100011011000011100111101010
1101001001011010110111001110011111001100111000010100111110011101
0011000111000010101001110011101100101101100001100010011011011001
0101000111101101110011100110101001001000010110100100000001101101
1110011010110001000100000011001001111001010000100100001010101001
0010100100110111011111010011110011000000001011001110101111100010
1001100011111111111001111100011111100101101010010110100110100101
0011101111111010000110000100000000001010001001001100101001010100
0000000001000011101010000010100111110100010111011010010000001001
0011110100010111010101111000000001010011001000111001111101110111
0111111000110000001100101000010110010010101001010110110111001010
1011010001100010001110110111011100101110110110110100010000100100
1111011011011001100011000001101110000100101111001011100011110001
1101011010000000110100001011100111110001100101000010101000010111
0111100111100010110001100110100101010100000111100100010100111010
1011011101010011110010110100001001010001000110011011101000100110
0101001101011111001011110111011001011101000110101110010000010010
1100010011011101001011001000000011011110010101010101011000100010
1010111000101101000010111000011010111101010010111111011011011100
0101110110101111110110010011101001111010111100011101011110111001
1011101001111010000110110000110111010011000000001111000001110101
0100111110101001101010010011001001000100101110001100110010001000
1101011011011111100101101101110011010010100111111011001101100100
0001011100010011110110100100110001111101011001011110011110100011
1100111010111010011111100101011101110110001100100000111111101111
1010000110100001101001010001000000110010111011001110010001110010
0000100000110111011111111111011011010100000010010101101001001100
0100101100001111111010101111010011011011000011010000011010100110
0000101010100001011101110011111010100001001000010101000100000000
1011011000011010011011011010111110010011001000001100000010101100
0010001000001000001011110011101010101010101011011010110000000010
1110111100011100001001110000001100010110111101010101001010110100
0110101000001110011001001101111101101100000111100110101101110110
0000011111011101010101110110010001101001101111011010011111100101
1011111001011100000110101101010000101011100011000001100110001000
1000000101010010001111010001110000110011111010010000011011100100
1001101110000011100110011101110010111110011010110010111110011111
0000111001111010010000011001100111000100111111110000110111011011
1110110110101011111010110110001100101000111000011000011011100110
1111010110101011010110100101001110000011001111000101110100110011
0001001001101110100001101000000110011010001100101111100001000111
0101000000000111011001010011001000001001101101110110110001111101
0101111010100000001110101111111011010001010110010000111100101000
1010010011111000011111010001100011111010110011101111100010000010
1100100110000001110110100001110101010010000101111100011000100101
1110111010101010001010000110001001101001000010101001100001011001
1000011111011000000101010001111101001010011100110100100101100010
1000001011101101011110111110000001001101100101101100110000101111
1001010111110111010111101101110011010011110110101100000101110111
1000100101010011011000111010110100001111110110000111111001011111
1101100101100111000111011001001000001111111101111010001011111000
0101100010001000000010001000110110100111110000100110010011110111
1111110010000010100110111001100100100001000111001100101100111110
0100110000111111011000001111010001001010000111001101000111000001
1101100100111011100100000110010101010000001101000000001001000011
0110100111000101100000001001001111010101010101100000101010010011
0010000100101010011111000101001010011000011110110111011010101001
0011100101100001111111011110010100001010111100111011001010110111
1100000000100111100101011011001111000001010110001011110101100110
0000001110101011111010101000000100100001101110010011110011111101
0010111001100100011000010000000011111111110000011011011100100010
0000111010011000010110100000011100011000101001010000010010000000
0111011100110011110011000011101000111010011011111100111001001001
1010110101001000100111001110100101110000110101001000111101101100
0001001100101011000000000011000011010000010000011000100001100110
1011011111001111000011010011010111001101101000011011101001100001
0011011001111011101100011111100011010111100111101100010010010111
0100011000000010011010010010100101001101111011100011000100011010
0100011100011000111111000011001100011001000110011010011111001001
0110100000110101000010100000110101100101001100000100010111010101
1011100001001000001010001001010000111011001000110101100000011010
1011011100001101000000000100011110110000010011000110010111100111
0011011000000010111010001110101011000011100110101011111100011001
0100101101111000000011101000010001011011000001110111110101100000
1011000000011100001111001110001100110111110001001010101100000000
0000111000110101101010101101001010100010100111010011101111110011
0000110110100100001101100001011110111011100111101010001111100000
0101100010101010100101110101101111000101010001100101111011010010
1000000100111010010101100011011111111111011110101000011100000111
0011101001011011010100000001111011100111001100011110111011001111
1111111110011100000111010000111111001101100000100001001001110011
0001110001101000001101000110110100010010011110110000001011001001
0110110100011100011100101010011110011110100000011010000011010001
1100111111111111001000001000011101111101011111100011110010000100
1101011011110011110010001100010001000001111001100110101110111011
1011011100100110011011010110011101110000000100111101001111111100
0100111111100001010011110100101100101010100011111010010011011000
0111111000111010000001000101001000011011001110011110010110111011
0011010001011010100010011001001101000000000110110000010000110000
1000001011100010101110011111111000100001110110000000110100000100
0111010101001010101000000000101111111110100001011011001001000101
0110001010100110011101101001100010101000110010101000011100001010
1111101110011100000100101001101110011101011010000111011011000001
0011100100001011011101011010100111011111010010011111111110111100
0010001000101110111011000010110010111000001000111110101101010101
0110100010000100011111100010001000011110101011011110011001000110
0000110101110101110100001100101001111110110000001101010011100010
0100000111110110001100000000011001100101101111011100000110100100
0001111010101001110100111011000011110011001110111001100110100011
1010100011000001011011010001111011111100110000011001010001101000
1001010101101011111000011000100000001111001111101111010011010010
0011110010011000011100000111000001111110011010000111101111010010
0101111001110110000101111111110111100100000110100011011001000011
0001001000101011111011100011100101111001100111110100110000000101
0011111111010000000100001001011001001001101011011000100110100110
0100000011101100011110001010010011010110010011110111011110010011
1010110001000100101001000010011001101110101001110001110010110000
1100010010011110111111101010000011010011110010000011110000011110
1010100111010100100000111110001111011000101110010100101110001000
0000001000100100110000000010011101100100000010110010111010111001
1010101111110001101010011111111000001101001101110010100101011100
1100000101011110000000001111010000111111111111100100101100010011
1000011111100001100111011001010100111111011010001101111100111001
