1000000011101110111111101011001100000000011010000101100110101111
1000011011001111101011000010100100101000110111110011111001010000
1010110010010110101000010111110100101101111111000001000110010101
1100001000100100101000101010011010011001000111011011001100011000
1010001101110101010100110000001011111100101011111101111011001001
1010000100100000010110111101011010010110001000100101011100101101
1010001001000011010101001011001010100100101111011001100111011101
1111001001111100001100101010110001000001100101010010101011001010
0010010001111100101010100110100000000011011101111100000110001101
1011110000011111101000011001100010010100001001010101101111111001
1000000010000000111101100011011011110011111111111110000100101110
0011001111001101111010011000010111110000101111001101001011000110
0110100111100101100100100100110110001000000111001001101011011111
1011011000101101011011011010101000101100111111011011010110011011
0111100100010011111011001000000011000111110011010001001110101101
1001000010010100010101010100100100111010011001000100001110111101
1001101010101101010010101101001101001100101001010010011101100000
0100010111010110000100100110001111110110111000010011010110010111
0101011011101011000010011010111000000111110111011001101101110001
1010110100100110010101100111001010101110001000011111111011100101
0110100011000010110001100101010010101100001010100111001001100001
0101010001001001011101110010011110101101010100100011000001101001
1000001000101010110011001000110100100101000100001000100101100111
1111010010000111001011010101101111100010011011110101001011001001
1010101100010010100011010000010001100100100110101011101000100010
1101111011001101110010001100010010001101101011100100110100110010
1011010110101110010110011111000001101101110001111011101111101010
0111000101101101010101011011001010100000001000100000000000101110
1110011011110001110010100010111101001000000100101001110111110011
1001111101000011000010101000100110010011100101101001100001100100
0011011111000010110011101001110011111000101001100110101010100101
1101001011110000111001111001000010000000010011101001000101100110
1010100110010000011100111011001111101100111011010011010001110001
0100100001011010010110001101000101010101111001010001101100000111
0011101011111111110111001000101010001010000101000111100110110000
1110000011101111011010101000010101110010111110111010110011010001
1011010100001000110011011011110100111101100011010010001001101001
0111011101111110100110000010010000011000000101001101100010011000
1110011001111000100011100100010011100001110000000011010001110111
0010111011010000011110011010100110110001111000010111110000001010
0100011011000101100001000010101010000011100000000100001111110111
1000010100111101111001101010101111110001011100111010100110110100
0101111000001001011011111100000111100001000110010010011001000111
0010101011111111110100011000111010100111101000000110010111110111
1100111110111001000100000110111001100101100101100000000010110110
0001000111000001000010000011100011000001100000111000000010011001
0100110110100101111000000000001101101010111100110101001001001111
0000010010000010111010111011010100101111011011011001000011110111
1001101111111001111111010111001011000010111011010100000001100011
1110001000110100100111001011111111111111101111111000111010100010
0101011100001011011100110001001100110010011111100001000011101101
1001001100111010011100001010011101010001100010110000111111001011
0001101111101001110101000100100101100100011111001110111101010100
0001011111101101000001110100111110011000011100001001000100100000
0100111011100100001001111110001000010100110010011110110100111011
0110010100100110101010110000101110000011010010110010111111010111
0001000010100011100001110101101000001001001100011001011010101010
0011010010001011000001001111001111010110001100011001001101011110
1111101000111100001001011100000011111100101000000111011010000010
1101100011111001001011100000000011001011011001101000111000001011
1010010111111110000111011110111010010011110111010101101100000001
1011111100111110101111010010011100111001011101111001000011000000
0001100010001101011000111110100111011100010011010110111010110000
1101010110110000010101001110001110011000111011101001010110110000
1100111010011100010100011001011001000110100011110011011111000010
0001010110111001100000001110100110001100011110000010000100110001
1001010011111011101011100001010010101110101110010101000111001110
1101011101000111101100010000000010111111000010010000000010100001
1001100100100000011011011000011000100011010010100111010000110110
1000001000100000011010011100110011011100111101101111100101110001
0100011101100110100010100011111011010001010001010110100010101101
0101100001111001001000101110011000100000110110111100001000101011
1011001000010001011101100100011110100010110110110111011001011001
1111110110110010100101101111010011100000110010001010110010010110
1000110110101000000110001000000111011011110011001110110111110000
0010011011101011011100011000100100010110011011000100110101011111
1101011111101010001110110111011010001001010011110100000011100110
1100011000110110001101101111101110101001011000101100011010110001
1101110010101101101000110111010001100011100100010110010000011101
0011011100001010000011011100101010011001010100011001000000001101
1100000100111001100100010111010101011010110000100110011111101001
1001100011001001011101011111010011011010010111000111011101001111
1111010000111001000011001010000011000010100000110011101001100001
1001100101110000110100011010111110100101111100101001011001111010
1011100100001100010111010011011011010100111000011010001010000001
0010011110001100100100011100000100111110100111111010101001111010
0111010011100100000100100110101101101100000101010011010110100111
1100101001100110011100101100110001111001101011000010011111000101
1001011010100011111000011011111000000001011011100001010001010100
0011100000110111000001101111010000100001010110011011100010100010
1110100000011000001000111111010000110110111010011100100010111111
