1000111111111111101001000011001101111111110010100010011100100101
0000100100000111101110011011011001000110110110111110000111100110
1110111100110101101110100100100111101010100011111001111001101100
0001110001010110000100011010100101000111100001011001111100101010
0000000011001010101101001010111001111001101110010000111011101000
0010000001000111010101000000011000111011000101111011000001101000
1000011110001100010100001100101100111010101001010001110111110000
1010100010011100100000001101101101111011000101010101000110011100
1000010000001011010101110000111001101000001011001110110000001010
1101000010100001001111010111111100010000111000100111001000000101
0001101010100010110111001001001111000011010011011000101010101110
1011010010000001001001011000110101100001111000011110010010011100
1110010110000001101000110101000001011100110111111100000111001100
1011111111101001001000111000001101000010111010000110110000110000
1110001000000100111111011011001100111000101101001010100010011011
1101011100011101110101110010000010000011001110110001100010110000
1100111010000110111001001100000001011100110101110011010010111100
0001100110011101010100101110011011111010100100100110110110100000
0101000111101100110101101100111111100001010100110010001001111101
1001000100010001010010110000100011101001000100100001110011010000
1000011011110001000011111101000011110001011111100011110011001101
0010110111111011111001001000100011000000110010011110001101111000
1101111101011011101101100110101011110110111000110000111101111011
1110110110111011100001010110110100100100010100101101111001000010
0010110011001001100000011101110010101100000101101110000100100001
1000110111000010001001001011111111101010110010000100100000111000
0010011000111011110001000100010000111101110100010000010100101000
0110010001000000000000011111100000000100110100011101001111100100
0000110100011101011101000100110110000010100000011011110110000100
1101101101111010101001101001101001111010110010011100101111100011
1011011110111001100011100011000101000001011010111010101100100111
0100001111111101011111111000101110110000100001110111000111101011
1110001111001011111001111100000010001010011100000111111110101000
0011100001001011101110110101100011000000111000110010000010110101
0011100000001100000000111010111011000010001110110000010011011100
1001010110010011110101110111011000111100110010101101110000111101
1000110011110011110011001101110111000101100100001001000111010011
0000100000011010110000001101011000010110110111111101101011111001
0001010101100000100000101010011000011100001111110010111000010110
1010010101111101100001001010111110110011001000000011010111010011
0100000000010010100001010111001111001101110011100011111010000001
0110110001101101001110101111011111110000100111100001100111100011
1010011101000010001010001000001111000101111100111101000101010110
1011111111101000110110111100111001001111111111110110111010111010
1001000000000110000100011100101110101111011011010000000001011110
0000100111010010001100111000001011000110101110100111101101000011
0110001000100010000011111100001111100011011001101001000111100011
0111010011111100101001010100100110011011010101000100011111100100
1000101011010111011111110111000011011001011010001000001010110011
0010100100000011010110101111100011100111011100010001100010101011
1011101000000111001011101110011110010011010001000111101111110111
1100010110001111101000000110100001010111100010000001010110010111
1001111101100001011101101111011100110010110101111001111100001011
0000101000011101011010001101000011110111110110011011111111001111
0000110011110111011000010000100100010011001111010001110110010011
1010010001110111111000001100000110011011010111110110110111000010
0011011101111111110110001001010011100100110100111000011111100110
0010111001000001010011000111001111011101000110100101110111111110
0101110000110000001101111001110100100100001111101100010000000000
0000001000010111110000111110010110110100000011100001110111010110
1100011111000110111000000010010001101010100010000100111010110010
1000010101010010000010110010110100011011000001001101010001011101
0000100111110000001011001010001110101110000001111101001001100011
1100001101100001001111110110001000001001101000011101011011111011
