0101101011110001111001100110000100010110001101110110011011010011
1010110111110100111111100001101110110001010011010100100111000010
1100100100101001101001010101100000101100000011100110101100010000
0001001101101100100100101101001010101101101100100110111010000000
1101101110110100101001001110110011101001110000110000000000000110
1101010000100000101110001110001111100110110000010110000001110010
0010100101011001101011111010110000010101010111101010001100101000
1010010010101011101010111110001101110101101100100001101011100101
1101101011011101001000010110100000101011000010101110110111110011
0110101101110001010011000110111010100111001111111001010010011111
0011011010111000111100100001000011000001001001001011101111100010
0000001000010010100010101100010111111010011100101110001100001111
0101011010000001011111110000100111100000101100110101101101110011
0111001110001111110110101100111101010010001001011111110101001110
0010101011000101001011110001001101110011010111110100010110111011
1101100011110000101110110111111110110111110100101000010111101110
0010111101011100011111110111111010101000101010011101100010101000
0011101100011001010001101110010000001101010000111001010100101110
1101110111100110010101111011011101100111111011000111110100001000
1100001001011000010000011111101100110010110001000001011111110110
0111010011110100000101011011110010100101010011100010010110001011
0111010111110101011110010011001010100110011110100100100100001011
1011010101011111001100001110100100100000101101101110110101000000
0011011001000100110101100101111010110100011000111100101100111010
0101111010101001100100011001111100100111011101101100110110100011
0011111101100011010010100010011011000110010001001111000000000100
1100101001111001001001111011101011001010011001100011001100001110
0000000100110010000101000110111101110110011111010001111111010100
1010110111110010101101011100111000111110001000111000011111101100
0111100010111001000111000111100001000010110000010011000101100111
1001111101011010010001111010000001001110001101110100101010001010
0000100111000110100011101101010011010000111010000100001000100001
1110101010101000101010110101000000111010101010010000011000100000
1100110001000111101100001001110110001010111110111110010011011010
1001111000101001001111000100010010001111010100011111100000001110
1101110010101000101110010111101110001101001001001010001011100100
1000100101101100101111001010010001001000100001100101100111100010
0010011111010110001010101001111001111010101110001111010111100111
1001101101011010001110000001100011110101111110000100011001111110
0000101100110110100100100111111100010101011101011011111100010010
0110010001111000000001010010000011010010000001001111100100111000
0001011000110000011000010011010000110011010000100010110110101110
1001100110111111101100001100001110111100100000000101111001010100
1110110110100110101100100110011111000110001001111011011110011001
0000100011010100000011011100001111101101011011111110011010100111
0110110101100110010110010100101011100110100010000001001100101011
0111000011100010111111011110000100111101000100111000100000000101
1010111101000111101010010010011100000101111011001111001000100101
0011000001110000011001110101010110010110110011101001000000100010
0000100001010100000000010010110011110000111111010010011000110100
1001110100001011010100000111111101000000101101101010010110100010
0100010100010010010000011010000110000001100001101101110111100001
0001001110101110111011101010110111100111000001110110111010001110
0011101001100011111111100011111110110111111010010111010011011111
0011010110011000100101011011111001100111110101110101010100111111
0111110000000010111111011100111110101100011110110111001111110101
1001111110001100110110001111101010000111000111011011010101001111
0110110111010101001001000100111011111001000010011001011001101100
0011110100000101010101001011000101100001111101100001111010100111
0101100101101000000011111010000101011111100111011001111011000110
0110101011100000101101000100111110110000111110100001101011010110
0000000000011111000111010011011010100011100011011101100100101100
1100011000011110101100100001101000010000001101111110110100111110
1010110101100011100011110100111101100101110110110010100010111000
0001111111010010110110110010001111000101111110001000001000000100
0100111000010001110100111001111101011001111111101001111001101100
1010011110010000100011110001001111101001001111000101100010011110
0111000101011101110110000111110100110111110111111100000000100000
0101100001011100111011010110000000010111100001010010100100011000
0010101110001000110001011111011011011010100111110011000010011100
1101101000000000011001100111111100110010100110111010000001000111
0111010000011011011001101111100110101100111111011110101110100011
1010100110110011100110101100010011101010101100111000101101010001
0000101000000000001011111010010011101110110001011011101011010101
1100001010000010011011110011101010010100011101100001100110011110
1111110111011101110011111111111111111011001000100000011111010111
1100100101000110110110001100011000011010111100000111101001100001
0111000010000001010100100101100111110000101101011011001100110010
1100000001110010100011100110011000000100011101101011010000000111
1110101110101010000011000011100100000111100000111010000111000100
0111011001001101101011011110011000010110000101101010110000111000
1100000110000110000110101000100101010110000110101101010100011011
0011001111001101111000011000100011000111100011001000010101010111
0110100000100110111011111001000000011001110111100000001001010011
0001010011100000000110010001001011110110010000000110011100000010
0100001010001001001101010000001110111010100110001100110001100110
1000110011110001110001100101101010010111001001011000001101111101
0100111100110011010110011001001011001111101010100010110100000111
1010100101110100010010010001001001000001100011001010011100111111
1010010100010101100001100110101011111000010100000110110011101001
0111100111001011111101110001011100010100010111010100000100100100
1000010010011011001001111011000110000000001000100101111101000100
0010100011110010100001100111010110010110001001111101011001010001
0010000110111001001101101100111110111100010001111110110010111111
1001010000000010100010011100001011011011100001010001110010001101
1010101000000101010011001000111011000111011101010000101010110000
1011000100001100010000111110110010011111110101010001110101001100
0110000111100111101101001000000011010100110101010000110101110000
1011101111111110110011011110000111000110111111001010001100001101
1101100001011100010110000101001000000110101010100001100010100101
1101001101001101001100000011001110011111000011110111101001000010
0011010001111001011001001010000001111000010010100000011100010110
1100101000100000000010110001110110001111011011101001011101101100
0110001011010000011000111101001110110101111001001011111100101011
0011100101110010110101100101001111010010010000110000110010111010
0001011011001000101011111110000111111101111111001001001100000100
1000001100100010011101000110111001111000110111110011000101101100
1101001001011111001111001101000010111000111000001110111100101001
1010011111101101001000110111000100111001000000101011111111010000
0111001011101100111110111010110100010100001111000100100100011100
1010101011111001100110101101100101010001000001000101101100001111
0111011111001000001001111100011011011111001010100000001111101010
