1101101100011011001111011110010010100000101001000000101110101011
0011011010011110110010110011001001011011100001011110101100001111
0000101110010000110001011000100010110100001011011001101110111110
1011100001110010110000010100111111111111001110111001111100011010
1010101001111101101110000111101100110011000110111101000100000110
0010111101000000011011010001100000110011010010010000010100000011
0001011110010100101100000111001000110011000001010111000011000000
1011011111011000110101111011100000000101010001110101111100101111
1010111111101001111100000111111000001000101101000000001011101111
0101101011101001011001011110110011110101000111110100101110111100
0000011000111101101101110100010001001011110010110011111000110100
0100111000110001100000101110110010010111000000000101001110111100
0100110100100110010000101011110000001101010100101110110010010101
1011101011010100111101001110101100010111000011010110010010110010
1111000110001110010010110100110110110011001101110001011111110010
1010000000011110101111110100000010001101010101000001111100010001
1100011011110010110001000110010011101110111010110011000010011000
1100011110001010111100010011101101001110001000101001111101011010
1001011111000000110000010011000111101011011001011110011100110100
0111001111011001110011111110110011101111101111100110001100111101
0011111010000101000011110101010110110011001000101101100111000100
0111111100111101011010000010010000011101110010011011110100111101
1100101011111011100010111000010010001010000001100110000101100000
1011001111111110100101010000111000001011001111010000010101001011
1001000111010011000110010100100010110000101110101010001001010100
1000111001010110000000100000001010111001011110101001010110011110
1101010110000010110100101000001110010101011001111111000011101111
0110101011001100111000001011011011101000011110111110111010101101
0010001001011111100100110101011001010001010000000010101100110011
0000011101111111001011100010000110111100010000001001010000011111
1011111100111110001101100010110100001110111100101010111000001001
0001101111010111010101100111000001011100100011000111010111011101
0010111111100111001010110100101010100100111111001011111010011000
0001100010000010110001111010110001000011010101011111110101100111
1000101000101111100000010101000011011110111010001010100110111010
0110010100100010110101011010001111001000111100100001110010100101
1100100011001100000111010111000000000100010101111011110101010011
0010100110010100110001100001000100010001000010000011101100001100
1110100110101100101010010001011100010001100010001100010110100110
1110011111101010110101100100101110101001101000101010111100110100
0011011111110100100001101011011111001001001001101111001101001011
1011011111000001101100000101000001010011111000011101101110001010
0000101110101111001100010000010110100111110111010111100100011110
1110011001110000111101111000111001010100001001001011101101010000
1101110111110110110111001101001010001101001110101101100010110101
1110011110111000011101011110011000100111100000000001100110011110
0001101111000111011001110000001111101000110010010000001100010110
0111100000101111000110000100001010000100001011101011011001110100
0101010000101010001000001110010001101101001100111110101010000011
0010010111101000110101111001111101100010100110001111010101000011
0111101100010011000111010101010001101101000110001111100011001101
0001000111000101011001111100101000001100110000011100011111001011
0010011100100110101111001110110001101011001101110010001000011011
0101000011001001101010110000111000100110000011100011010001010001
1100010111111101100000101010000110011011011011000010000011100010
0101010001111000110110111011000011001010010011101001101010101010
1101100111000100011100010111110000000111110011110001100111000100
1101101010110111100001000111001000100100100010100010110110010011
0111101010111001101110110100100000000010010101000010010101000100
0100010000001101011111010100001011001011110000000011010011100011
1010001001110011110110100110000111010010101000110101001001100110
0000000000011100011011100010010001110111100000001110010110010101
0111000111010001010110010101101111110010110011110111110000010000
0110110110000001000110010000010100111100001010100100111001101000
0100011011010100010101100010111000111011100101000011111011100100
1010011101000110111100111001011101011010111001011110111001110101
1110010101110101101000110110001000101110100001101100001010100011
0100001011101101000000110000110101111101011010101111001011000100
0100111010010001101110111110110011011110010111101100011111100011
1110110010110111111100001001100001001101010111100100111011010100
1100100100110011011001010000110010101100010111001111110001001111
0000010100101010100011111111001000010010111100110101111101000101
0100011000000001111110000100101110110100000011001111000100011001
1101001000000010101011111101111110100101110111111001101100011001
0101111100011010001111001101010001110110000101001010111001001011
1110011000111101011011100110101001000001101100010111000011101001
0001000011111111001001110001000110101111110100100001001100010010
0111010000110100110011101100100000111001100110010101100111001011
0101111111100101110101000110110001111101111100101001001000011111
0110001100100101111101110100010101001010011110000100011111011001
0110000111000100110001101000111111100010111101011001111010011100
0100010110010010100110101101011001110100111110000110010110000111
0110010110011100100111001010000001000101000001110110110110001111
0111111000001110010101110010010010010011101101110100110000000101
1010000001001100100010011101011100000110111000101011000101101101
0101001000001001110000111010110101111100101100011001100110011100
0010010010011011100010010010111110111001110111000100101010010011
0000011010001100101001001000111001010101110110010010101001010001
1001111000110010010001110101010001011011100101110001100111101010
1110110101001111101001000011100101110010111000101101100110000101
0100011101101101110110001101110011101100000000100000101000011010
0011111101100101111100100100101111000100001110000111110000100111
1010000100001101011111111010011001001101100110111111011001110111
0001000011100111111110010000000010110101010001100000101001010000
0101001011000010010001110101100001010000110110010000000110011010
1001100110000110000110010101011101110010101000001001001101001001
0101011111110101001101001111100110110101101100010100100110000110
0111111101001110011010001100001011011101110100011001111100011100
1101010110001001011100000001110100101001111011010000100101001000
0011101000001110001101010101000111100101011010011000000001111000
1000101011011111100011000110110000100001111001010100100001100111
0110010001110110011010100110111111011010110010101111110001100110
1110101101011011100011101010110100100101011100000011110111011011
0000000111100001000010011101111111001010101101101000000010110100
0110010100000001000110001000100110000010001110010100001100001111
0101111010010001011000011011100001011110010011111110100001010010
1100100110011010101110100111001111001101100011111111010111000100
1100011001001000010111101101100110000110101101000110011100000111
1110010111000101010100110101010011010100101101001010110110101111
1010001001100001011111100000101010110101110110000101000010111001
1000011101101001100010101111110000001100011001010111111010011110
0100010010010010111110001010110000010101101110110000100000000101
0110110000011001100010101111110110100011000010100110000011101010
1101001010011000100101101100010001110001100001111111011110011111
1111100111100010000010101111001011010000110110100111111111010011
0001000000101111010111011001111110111101000010110100010101101011
0111111100001100110011101110101111000111011110100000110011110000
1011010111110010011101110110010011101011001110011100010010100101
0010111001111000011111001110111110101101100011101110010011101110
0001101010001101001100011110001100001110001101011010000110100110
1100000011110110010010110001011100010101101010011111110100100011
1100001001011101101000100100000010111110100111110011101001010101
1111011111101111111110101100100011001001100011010100101010000011
0111100010101101011100111111111101100110010101110001100101101010
0111001000010011100101110110001111000101100111011000100110001011
0010111000101101011010111111010011100100110000001011101110111101
1000000000010001111010101111001100111110100011010101001101000010
0000100101001111010110001100100100001101010010010100010000000101
1011100110010001101010010100100101110110110001010111100010110000
0010001100101111001010000001110000110011111110011001101101001000
0100101001001010001001110110001001001000010010010001011111110010
0100011111000101110010000111110100101110011110111001111111100000
