0000100100000111100111101010001000101001111101011011100001111000
0100100110000101101011001110000110110110101110001111110100111010
0011001001110010101000101001111010011101100000110101010010101000
0101101100101101010010001111010110000110100110100000010011110010
1001011011101011111100000010111001111111111000000101101110011100
0100000000111111010100100101101110100010110011101011101110111101
1101111001000011001001000001101111101010100110101111000111011110
0010011010111000011001001000001101100011010000010011000110110011
0000010010001110010000100101010011111111101101001010110000010100
1110010011101100110111100010110000101110001100100001001101110010
1100010111101001101100000001011110001010110111101011011000110110
1000111101101100011100100111000001110000111011110001011001100000
1111100101101100001101000101111110111000100001101010100101101010
1000011110001111011111101100001011111111111100000011111001101001
1111100110101000111000011010111000111000110000000110000000000100
1100000101010111001111101011000001010100010110101100000010110000
0110011010110110110100000101010100111111000100011101110011010011
1111000001110010110010001011011011001111100101001111100010100000
1010011011001111100110101010000000110100011001101011100110101100
0011001110000010001101101011010010001101000110001110011111010011
1111101011011110100010111011110111110110001000001010011111001001
1000011001000101101000010101101010111101111000100000111001101100
0100111000101101010010101011101100010111011100111010001110010100
1101001100011000111010110110110100010010100101111010001100111110
0000001110010011011010000001100100111001010000010100110010101101
0101010101001000011010011011110010111011000110011010001011010010
0010011100011101111101011011100100001001100000000110001010101111
0001000000011011001000100000011000010110111101000100011001011100
1101000100110010111111000101001110101110111011100001101110100111
0110010110001011000010110111010111010010111000010101110001011011
0101001100100111001011100001101011111011000011101010001111011110
1011100000110111110101001100100101110011111001010110000101110010
0001100100011010000100000111000001011011010001010110100111110001
1101111111110001001110001110100100110011100111001000110110011111
0011000000011111100011000101100001100100101001010111101001011001
0101000111100010110101011111010100001110110100100010001111110001
0000001101000000010100000100100010110110110101111000001100101011
1110010101110010110010000101011000010101001111000010011111100100
1100111110001100001111100100111100000011010001100111000010011011
1010110010110011000000110100010100100001100001101000100101100000
0001001000001111011111111110100110100110100010100111100000010100
0000001000101111101010101101101011000011011010001000010001010011
1010101010110011000010100011001000000110111110110101111111010000
0111110001011111100011000101011001011101010111110111011010100110
0101011111110001110101001011111110110111110010011101011100011011
0010001011010001000010010010001001110011100100101101010100000010
0101111110110000100011001010100010101000100010111001110001100001
0100111110011100011000101000000000100000000000001000011101110011
1110011111110010001100110100010011011000000100101100001011100010
0011000011000011100000011000011110101110011010110000111010110011
0011111010111111011111111010100011101111110101110010000011001101
0010011101010000110011111101001011000011101111010101001011101110
0101111000111111110011000011000100101010011100010100010010010100
1001001100101110100111101001011110001010100111011110101101111110
1001110001000100001101111010101111101100011010010010101101101110
1000100000001010100100000011110100101001001000010100101110110100
1101100100100010000001101111100100100011100010100010111110110000
0000000100110010101110000001001000111100100110101110000110010111
1110110000000000001000001011011110000100001010011110110111100001
0001101001101101101010010001001010001010101011110101011101110110
1001110001011000001100011111100111000101110110011101111111011000
1111101001110011100100111101100110010110010000101001100111000011
0001011011100100101010010110110001101100111100101100001001010010
0101001101110111001011011101000000001101100011000110011101011010
1000010010101011101000001111101110000000001010001111101001011000
1101010010111110000000010001111001011011010010011000011100110001
1011110010001000110001100001011101001110110110101111001101011110
0000011100111111011101110101111111111101010010101111011010011010
1001100011011110101101111101111110100011110100100100011010100110
1111101000101010110010100001000111110111101101010000011101000001
0001111101111010000111111010110110111001001001100100100000100111
1101100101100100100010011111001010011011110010011101101111010010
1111111000010100111010010100010101101100001010110110110110001011
1100100001010100110100110010101100011010100010001001000011100101
1110110010011111110100111010111101010001001100001100011100101100
0110001011001100110100110100110100100111101011100101000011000110
0011000111110001101100001101100010111001010101111101111001010000
1011101111111011001110110101001000110001100000000000101101101101
0010100011010010100011010111000011101111010101010010101010001010
0110111001110000110110110000111001101111111100000111101011001010
0011011110101011100111110100110010001001010100000001111110110001
1100111101001111111111101010001011100100001010010010111111111101
