1010001110100000110000100011001010011011010010111011110010010111
0110111010000000100001011100000000100011111100001110110011001011
0001011010010001111001110110010001010100101010000000101010101110
1111100011000010010010000010010011101100010010010101000001110011
1111010000001010001100010001111001011110101001101100111000011111
0010111001000100001000010001101110100010000111011011110111001001
0001000110001111111111001101000111010000101011011010111010000000
1010000011111000111110010111001001111110111101100110111111101100
0100101011010011010001100010001001001001101010010100010100100011
1011010000101000010001100110100111101101100110101100101110010011
1011100101111100010111000111011001100110011101011110011110011101
1100010011101010010011000110011111000001001100100010001010011111
0111100111101100001111010100110000100111001000100011000001100001
0001001111011111110011110100000010111101101011111110011111001101
0101101001011101111111010010011101011110001101111000000101010110
1101000010000011111100000000010110001011111011100000111010100000
0001111011001010011010111011001000100011010000110010101100011000
0101001110010010010100000001001010111111011001100001101000101101
0110100011110000101111100111110000101001101110011101110000111110
0010111110001100100100000110101010011111000110100011110000011110
0010010011111110101000111111010010100111000100010101011101001100
0101001111111110000000001001100110010001011101001111010101100000
0101011111111111000111001001011011011101110000010011000101011100
1100001101110011011000001101001100101100011111000001101110011110
1001101110000101000010101110001111110010010011000011010010101000
1111111001111010000100011000101100011110100011001101000000001010
1001001001111001000010010100011100011001100001111010110100111110
1101000110000000100110000111101101011011111100000010110011011000
0100110111100001110011011010010010111111110110100110101010010100
1101110000110011001110101010001111001110101110100000011101001000
0101001101111000001001100110111011010010100100111110110000011010
1111111010011101101001111000111000110001010011110001110110110100
1000110101010000001110100011000110001101100101000000001111011111
1100000001111110110101001111100110110001010111000111101010001100
0010011101001010000101111010110001101111110000110100101010101110
1111100111110111101001010011010001010110010100110101010101010101
0110010110001101100101001101100101001111001110001010000000111111
0001000010110000101010100101100100001011110000111000101101010011
0111010110010010111100100100001000110110101111011010010101010001
0111010101000001101101001100100111100100100101110111011101110000
1000101100010011011101111110100101000101100110111001010011111100
1000000001101111110001111100000001110111111110001111011101111011
1011111000101101100101101111000010001000011101010011010110111000
1001111110010111001000010111100111111100111111100101101000100001
0101101010011000100100100100111001000110101000100110001001110001
0101001010001001011010000100111111100001100000001011101100000100
1010000011100100111111000010011101000101100101111010101100111010
0010100001001001011101001011001101011010100010000000000001010010
0011011111011101101111001110111111111001100110011110110011001100
1111111111001000000001011100111000000111010001101011011001111101
0110001101011100101001010011000100011011100000010000000110000110
0100110100111101100011011110111101001100001100101011111010100001
1000001011000011111110100001010101011100011011100000100011000100
0001001000100010111111011011111001001111101001111010000001110011
1000111010010100101000001010011100000110101111111010100111111101
1000001001011111100100100111011111010111101100101110101100101011
1000010111101001001111001101011001010010010111100001111001111010
1101110100101110010000110100011010101001111101001001001000011110
0110011111110100100001000101011101100010110101001110000111101111
0111111001110010011011011110000010000001101000111000110110010001
0000000101110100011110010101010100110011110101001011101011111001
0111001110010001011001001100010101111100111100111100101000010101
0000110111100010110011000010100011010010011100111100000000110100
0100100101100111011101001001100011100101001011011011101001010001
0111001111010111110000001011101010110101000010101101111001011100
1001111001001110001110001011001011010000011111111100101101001010
0100100011101100100001110110000100001000110000001100101101111100
1100010110111000010000010110101010011101000011001110100001011010
1010001001010010110011010111010110011000101100010000001101010010
