0110101100111110111111011110111111011111000100000110011000110110
0101011101011010111010110000111110010001000011011001111010101100
1111101010010110010110100110101001011101110011001101011011110110
1111110011110101110110110001111010001100010001001000011100100000
1110100000001010010010111101011110010001110100100001100101100001
1111001100110010011011010000101110000011111011100110101010101001
0011001111100010000110011111111011110001100110000010011100010101
0100001001111101011100101111101110111101001010001111110000010001
0001100111101000100101100110111100101110110001110000101011010111
0000000010110110101110010101101100110000000011111100110110110000
1011010000100110000110101000001111000001101000010011101110111110
0111000100111001011111101101011110000100010011001010111101100110
1111101010111100101101011001110001111101001110100000110010000000
1110111101000110001100111001001011001100010011011111011100100110
1000100110000001011011010110011010110000110010000111001110110001
1000101110011001110101000101101000001100011000000110000101100111
1011000001001001110100011101101110001100011100001000010000100110
0011101101001010110111110101100000011101110000000101001100100000
1010010010101100010100011010000011001110011001111111001010111010
1000111110111000001000100100001110000011010000000010011011111100
0000001011000010100100101111000010001001110101010010010010000011
1010000010111000111000110010000001001001101110001010001011101001
0100010000111101101010110100010100111011101111101110011011100110
1010001011000110000011011011111001001011001100000111101111101100
0001100001111010010000111110110110100001001110000110001100001010
1101010100001011010101001111111110111010101001001100000100001101
0101001001010000100111100100000011010011101001011100011111111111
1100001110101010001101000101001010010010000001010010010111001101
1010011000111100011011001101111001011011100010000011000010010100
1111010010001001010101100111001111001000111101100001011110010010
1100111010000110000111100110001000111110100011000001010111001110
0001000000001001111101111000110000001011000100101000101100011001
1110001010000111111011101100010111001101101101111010011001011111
0100011010111111011010100110000110001111001110100001000111100001
1001010010111100101100001000001000010011100110011110110110010101
0110100101000001101010011100000000010101110000001000000110100101
1001111010100100001000010010001001100110010001011010100000010001
1000101010011000111010000110011100011111001000101000101011001101
1110101011010110100100011011110101010000100101110100011010000111
0001100000110010011011000001100110111100001101000111100110011010
1110101011001111101110100010100111000000101000110100001010000010
1110100011000100101010010111100101101110111001001111110011000110
0001111001010001001000011101110110110000100101100101101000110101
0111100100100001010001011110100010011110111111111000000011100000
1111100001111001010001100101100100100010100110010110011111011111
1001001001011000001111100010011101111101011111101110100101010000
0010010111011110110110110100010001011111010111110110001111011010
1111110100011011001101111011000111100010111001000010001001000110
0101001111111110101100110011001001010111111111111000001011111100
0010100010000110111001110100011101111011010110100010010001101001
0011011110101000111110011111010011110101110010111011000101101001
0100101110100000001111000000001011011010100100110110111100101111
1001000001101110111010001110101111100111110101111011011100001100
1110100100011000011101111100011001011010010010110000001111101101
0001110111010101100101001001010110001100011101010001010101011111
0000111001101110000101001010001100111111110111110011101110101100
1110101000111000010101010000000011001011110001101000101001110011
1011011101101110110111000110000001111101111101111010010011001001
0111110111000111011110000100111010010011010001111011111000001101
0001100000110111011011000000100000011010101000000001111001000111
