0010100101001011001001111100100001011011001111111011100001101101
1000110001110111001110010111111000001101011000000111010110000101
0010111101101111000010001101101010001100011100100100110001100011
1011100110110111010011001010001001111101100100101110000110011001
0010111110011111000110111010011001101010000010010111000100100001
0100110111101111000100010110101010110010111011001000100000101000
1110101010110110110110111001111111110110001110010010100100011011
1100100101111101101111010101101001000110100000101110100000110011
1110100101010110001101000100010000111001000001100101001101001011
0100000000100111111101101011001100010100011011011111010010100100
0011100100111010000000111000111010001111110100000100101100100011
1110010000110101011011011111011100100010101101110001011111010010
0111001001110010010001000111010100101110101110111011110000000110
1110000001110011111001110111110011000011110000010010100010011010
0011110011011010001001111010111000111101111000001101111011101101
1111111000100100101011010111101001110001010111110101001111011011
0011101000100000001101011010100010010111001100010111101111100010
0101110011100011011001001001010011011111111000111100001000100010
1010010011001101001101100110110101000010110110001010011000101011
1100110011000100001111000001000001111100101111110011100100001010
0011110100000001110100010101001111110011000010111001011011110100
0011110100010000000100001000110011110101100101001010000011100011
1100111100010010011001000001110001010000010100110000010100000111
1011010001101001110101100111000110011100010100001111011000010001
1001100011010011011101100000000011000110110001100001110010001111
1111110100000001111101010110001110111000100000011111000010100110
0100101110000110110010101001011011110111000001101000111100001111
1001110100001011111011000000100111110001000001010100110110001110
1100000000101110110010110110110000110010110011011011000110000101
1000001010000100101101111010101001011011110011011001110100100010
1001000011001110111001001000010001000011111100101100111100011101
0000010010111101011111010111111101101000010000111011111111000110
1011011001001100101011001100001100010110100100011101111100011010
0010001100111010010100111011100001001110110000101011010111000100
0101111111110101110101100100000100001111101100110011100000111111
0000111011001100001110001000001000101110110101111011100000100101
0001010111010111010111110000000010001010101101010001011111101111
0001000001000111001110011010001100101010111111000000001110100101
1010000100010011000100101111000010111111111100000010101101001100
1010001101100000001010011110100000111010010100010101010110000101
0100011100000011101010000110000111111001011001000111111111000100
0100100110001010111010010001011011011010110001001011111101011110
0100110101000001101100110010110001100000010011101110011101001010
0011011011100011000011000011000011100010000111001100100000110100
0011100111000111001000110101110110000101001011000011010111110011
1001100001110101101010101101010000011011001100001100101110001101
0001100101111010011101011100100000100110110001111111111000100101
0101001111011011010111011011000100000001010111001000111110111010
1110101110111101110111111100100010110111001000001101000100011111
0111110001000111001111001111011000011111111010101011010100010101
1101100101110010001100111100001001010101011101100111110010100011
0101110001011101110111100001001001001101011010101001110100000101
1010110001100101101111000110011101011100100011001100000010010111
1000011010101111101000010011111111101010101110101110111000010000
0001110100110110001011011110010010000110101110001110001000010100
0101001100101100001100001000010111011101010111010000010000101001
1010101010011001001000000101110001111110101001110001000001001100
0110000001101101110111000110000101100100000000001110100101110001
0101101011111001000010111001100000110101011001000110111001000100
1111111111010101001101010111100100110000000100111011100011110001
0101111111110011001011011010011011101000110011001111001100101010
0111001111110011010111001001010101110010100110100111111101101111
0101011001000010111100111000100000110100101011011010101010010111
1010000001011111111110100100111011001101001010111111010110101000
0110100100100111111010111010111100100010111000011111010110101100
1101010011011100000010001110101011110011011101111011011001001111
0000100000110101111001010100100001101101101011011100000111001000
1111110001101000100001110111001011111000001111111110100011101111
1111110111111000100101000010100011011011010100100111011100001100
1001000000000100111011010101011000011111011111001111000000110010
0100000101001010101101010111011000101011011100001110000001001100
1000000000111110111011100001100111100001000110111010111010001000
0100011100100101001101100000010100110111000000101100101000011001
1111101001110010010000110000011111101011100111101101110001011111
1110110000010010110001001010101110101010101000010100001101110010
0011110000111101010001011101111110000010111101100010111011000010
0110111100010100111100101001000000100110010100011110010000011101
1010001000101110001011000110011110110111110000111011011111110001
0110001010101101011110010010000010000010111000001111000011010111
0011101001011011111110101101011101011010111110100000010000011001
1000101101110100001011001101101001010111111111110111000110001110
0001100001100101010001100110111101000000000110010100110101001100
0000110110100000011000110010110101100011101010000110001101010011
1100110011001010111000011110111110110011100101100010111011100010
1110001100101110011001010111001110101001110001011101001101111101
0010001101100110101100000011010010010011000101110011101110111110
0000101000010111111110000111101011000010001001110000001100111110
1011000111101100100001001001001110100100100010000101111100110011
0111011101000011100111011001111111000011110010010010110100010100
0100101100010100111111111011000100101101111100100111011111010111
1001010000101011010101111011111101000110001110000010000110100010
0000101110011111111100100111001010101011101110011110110101010110
0010001101001101110001111101110001001000011100001000110101011010
1100100001101011100100011101101001011110000101000111110110000101
1010111110100101111110111011001101101011100010000101011110010110
0101100110100011111110010100000001001000010100110000000010000011
1010111110110000011010010101010110101100001000001010110000110010
0010000110110000100011011100011001011011000000010111100100010110
1111011111110001100110110000100010111110110100011001001011101110
1100101001111001010011011111110000000000101000000010011000111111
1110111011011000010011000101011100011100100110001110111100000000
1000001000100111111001000010001111101101000011100001001110111101
1001110111100000101100101000101011010110111011000001000000100111
1001101000110010000011101111100100101011001001101001110111110111
1011011100001001011011111001100000001010101011111101100111001000
0010011111110111000110000010101001000010101110010011110110111001
1001111101100000100010110011101001110001100010010000010010111100
1110000110011100000000111100001001001000010010100110011110000101
0110111110010101000011001000000100011010100111011001000000100011
0110101101101001100000100100011010010111110000011110111110101101
0000001011010101010101111100100101000010000010011010000001101010
0101110101011100011000011011000111010111111101010100011111010010
0000111110111110001111011111010111011000111110011000111010001110
0000111110001011101000010100001001000101010001011100000010011111
0100011011000100001011001010111000011100000011110011000100001110
1010010111100111101000101000110111101001010100110011101000111111
1000011000101110001110100111100011110000010011101000011001110100
0111111010110001011110111010011001011010101001010011111000100010
0001111001001100000001011010111001110001001000101010011100001010
1100111011001110011010101011111101011110110011000000111001111101
0110011000110101010101111110001110100101011101111001000000000010
1101100101010111010000000000100001001000011100010100100011110011
1001101111010111110111110111111100101000011100001011001001110111
0100111011000000001011001010100101001100010110001001010110010110
0011100100101101011111010100001101111001010111011011011100010100
1111010111111011110101000111111000101110010110010110111100010010
0100011110011101011110000111000100010010011011100011011101001001
1001000110101101100001001011001001000110010101100010110100000100
0011011110001100100011011111101011111010010101010011011100111000
1101010010000001111000010101000000110010111111010010000001101010
1100101111100011001000011001000001011111101000001100101010011110
0101111101000000000011100010100100111100001010010110111000010110
1011100001000100001110001010110100011101010100100101100001101111
0101001011101101011000010001011100111001011110000101110101011001
1000011011111111111110001010100110101011100111100100100100010010
1111100001111011000011100010100011101101000110001011101011011001
0100111010111001101110111110110001101101101010011100000101100000
1100000110010100011011111101110011001000100011100010101010100101
0001001100110111011001001001100110111001001000111110101010000101
1001100001001011111001000000011100101010000101110011001111101101
0100110001111001001000000000101000000010111011100101110010101010
0001000110000111100101111000001011010011111101010111100010101000
1110110101100000110001010111110111001000100001010001111101101011
1100110110000101010000001000101100011000011110110001011111011011
1110100001111011100110011011111011101101100010101011010011001011
0000110010111000111001000110011011001010011011011100000011000010
0101100111011110011010000000111010011000000010001000101001000011
0110110011001101011111110011000101100000100101111000001111000111
1101110011111011001101110110010111111000010000001010001010101011
0101010011100110100010110111110111110000111001001110100110011110
