0101001001010110100101110001100101010111011011100001001100011010
1111111001110101000110010000001011011011111110010011100101100111
1111100011111011001101010101010100011110000110111110101110011010
1110001111010000100100100100011001110101101111011011011001101011
0000101100011100000110010011001111101111110101000010011001110101
1000000000101110010011001111011011011011100000010001101111010000
1001100010110010010001100001000010110010001010010011010110001111
0110100110100001111001001101001011111100001001100110010001100010
1001100101010111100000101100110100111010000101011010011110110100
1100000111111000110111110100111011101000111000011000110010000101
0110001001010101101100110111011010101111110011111101000010000111
1010001011010010101100010110011111100100111111010010110101011001
1010000000011011011111001000110010010111111001010110111011011111
1001110111011100111111011011111010100110111101110110011010101100
1010110011111000110001011110100011110110110000100111001101101000
1000111111011010010110111010001111000101010011100011111100000001
1000011101001111011110010001111000011111100101010011010010010011
0111101001001100101101101111011110011001011011010100000010110010
0010101100011110000111000000101010001010100110011110010001111001
1010110010011001011110001110100011010000010001011111110010101011
1001011110111111010001010010101110100000101100000101101001010100
0000010101000011001111100000101100100001010010010101111111011101
0000001011111011111000100011010011000001111111100010100100110010
0110100011000110010110000101010101110001000010101100110111000001
1110101011100100001110111001111110010101110101001100111000010011
0001000100110011000001111000000000000010110110101110010001110011
0110101101111100000101000111100000000010110011101011011100001101
0010101010100001000010111110101100111000110010010110000100000010
0000001111100111001011010110011110110010101011010011001110010100
0100000000100101000101000101000100010101111010100001110001001010
1111010000110010101000101101000001000100101001111011101001111010
1010111100101000000000000111111011111000101001011101100010000101
1000111010110011001101011100111011001001101001011001100111101101
0110001101001010011111110011111110001111111001110000010001101110
0101101001111010100010000111000010111010000100111001101110011011
1111110011000000111101101001111110000110001001100111001101100011
1110101110100011101001100000000110111110111101100110000001100101
0001100000100000011110001100111101110001101000111000101101011001
1111110011011000001001010100100010010011111101101011011111111010
1010011111010100001100110011000000111110110100001010101000101000
1000000101100010100110011100011110011011101001001000000001010001
1001110001101110111101110011011111110111110110101010010100111010
0010101011101010101101000101000011001001000110111100110001000000
1110100101110110110010101010111100010000000000100111111011000100
0011100101011111110010011000000101100101010011100111001000110001
1011110000100011111111111000001111100110001101001010101101111101
1000011111001011001001100000100001110100110111001010110101110000
0111000100110110000110111101011011001110011100100000001110100111
0000001000001000110000101111110010110110000110111010011011101001
1111100101100110000110100000001001001010011010110111000111000100
1100111100101000011001110000100011011011001010010011111010001111
0111111101010011011010000110110111011011100000101110001101010101
0001011101111010100111001101011101011011010001110001101011110011
1000100010001110111001000011011111010101000110010011000001010110
0011111101010011110011101001111100011001001011100000011011000000
1000011111010011110101010110010011011111001101110110101000010110
0110101000100000011101100101010000101101001100000010001011010100
0000001001100100001010010001111110111010011110111000000110111110
1001000000111001010010011000001000001001101111110001010000100011
0010011110100101011100100101110001011110000100000110101110101011
1111010001000001011010010101101100101010110101010011000100111010
0100000100000101100000100001000111010110010100110011111010001100
0011010110111001010000001101111001010111001010111111000100100111
0101000101010011010000001011111000000010001110000011110100111010
0011001010000010101001011100110111111111101111110010110111010110
0011011011110110010011100100110100010001101011000111000011100010
0101101100111000001001011100001101100110101101110111000100011010
1001101011111000111001100111100110110101110001000011110110101101
1000011111101110001000000000011100111001001001010110010000110000
1101000000011110001011110110010001011010010100001011010000110000
0100011001011000001110010110010101010000110001100001001110000011
0011010101001110000111011001111111111100011000110010110110101010
1110001001010001110111110000011000101111011001110000000001000100
0111101100000001001010010010001010001000000001100000001101001011
0110110111101010110001011100001101100100100010110110111011011000
1011110011101100101000110011000110101000010101100010000100100111
0111010101101101101011000011011001000000101010110111010001011011
0010101110111100010101001111100111111010101001111000110101010110
1010001011101011010000011000100100000110110000000010111111100100
1000000100100010000111000110011110001000001101110000101010000011
1001001111111000010010011001110010111011001010100111100111001011
1000001101111110011010010000101110110110101111010000010011100101
0010001011001011111011010011001101010010011001000010000011101001
0110110001001010001101110101100000011110100000101011000101110010
1100010011011001000101011100110011000111010000010111000100100011
0010001101100101100100001100001100111100000010000000001111110101
1011111110001110111001000101111010100101010000100000000011110111
1000011011101100011101000000111111110111101100001111101110010010
0101101001101101011100011101010000100000010100110000000000011100
0110111111000110011000010101110010101010111100100101001000100100
1100010111111111011110101010000001100011011101011010111011111101
1110111110000111100011100111101000001100101111110111010001110011
0000010110111010011100010101110001010100000010010011011010010101
0011010010000100010110000101011111101110001000100011001101000111
0010101110011010000100101100101101011010111001011100100000101111
1111011011001001010100001001111001101100011110111111011110010100
0101100001010111111000001111011001001010100000010100100101100010
1110000011100101011001010011101000110100101011001011101010100011
0000011101101001111110011011100000000001001011010111011010010101
1000100010011010010100111101100001111100111001110000011101000011
0001110110010001011111100111000100101100111000100101101111111010
0101000111000100000110110001100001110111111110110011111100101010
0101011001000010011100110110101000100011001111111010110111001000
1100101110110011011011101110100101111100010000011110110001111000
0001000101001010100110111011101100100000011010110100110111111100
0101010100100000001000011000000001100101011101001111101010101111
1100101100101000010100000111001110001000000000101111001001010001
0011111100010100110011001010101011110000100101011000010111011101
0101010011111110010111010010010101100110010010010001111001011010
0111111001010111111100101010111100010110100011011011100000100000
1101111001000110011001000100011001101111011000110010011110111101
0011011011110010101111010110111000010010110001011110110011011111
0110000000001100111001111101110001010010000111011100011100011000
1101110100100100100110100101001100100110000010000111011110011011
1101011010111001000110100001011111000101011110010111101111001011
1100000101000001100001101100101110110111001110101110001011000001
1000001100110110010101111000011111001111010111011011001110110101
1100010111111110010001100000011011001010010011101000110100010000
