1110001000001111100110000000010001010100000000011010001011100101
1110011101101110111001110010010110101001000011100001010000011001
0001100011111000001100000010110111010010011111110001010100100001
1010000111110101110010101011000100010100111110000101001100010100
0011111100100000001000010110101000110110100000111011100100000101
0011011101001111001000100101000100011111111000001101100110001110
1111001111010110101011010000110100100100010110101111101000100110
1101101101100000001001111010101101110010100010011010111001011001
1101001101011110101011111111010101110101101100111101010111111110
0001110000001010100100100001001111011000000000111010110001110101
0010101000101111111101011111100001001010000001001001000110010011
1100000110001001011110000111001100111100000001011110001001111010
1011010100010000010010010000101000101111001110111110110011100001
1000110100110110111000000001110100000100100000101100000000111001
0110011001010110010001101011000011100010111011011100011101010100
1101110011110100101100101100000010011101010110010001011000010110
1010000101001100011010000000111110111011100011000000011111010001
1100110110101010010100110001110111111111110100001001010010001010
1111011010111011110001010110011111111100110000100101010001010100
1011000100010110101011111110011111110011101010001010110111001110
0100000100101000111100010010001111011111100110001110011111110011
0000000111101100101010000001001010011010000010110101000010100110
1011100011100010010100101011111010100110101110001010001001110111
0111100110111100010000000001000010110010011010101100010011010000
0010000010000001001011001101000001000000010111000010011011011001
0111000111001101000101100101010011101011000011010011111111011111
1000011001010001111101001010001000000110000110101110111010010001
1000011001000001000100010101001100000110100100111111010011011100
1010011001110011110100010001111100101110011111011100000111101110
1010101100000111110100110110011011001010111001010111010010011000
0011100011000011001100001010001011111101000001011011100110001101
1000111010000100110001101100000001000111101010110110001001000100
1101100001010110101010100100101110011111001110100001100010100111
0101001000110001010010000010101001100110101011110011000110001101
0011011101110110000000001001100010111011011100110010110001100110
0101111100011001110100101100000101001110010001001010011011101000
1111010100010110111011111101100111111101000101101110011011001101
0100010100110001011011101000110001111011101101011011100010101011
1110110000110010001100110011100101000000010011101100100010101100
1011000000101110101110110000010000100111111101111000001111101001
0100010100100100001111010110011001101000110111011110001111111010
1100100101010010011010001000101010100100100001011001001010111011
1000010101111011001100101111011000001000110001000010001110011110
1011010011010001101110110000101001111111010111010010000110000011
0110111011110100110000001011111101001000111000010011000111010001
0110111110001000001000100010111100000000111110111001111011011111
0000110011000111001001100100101100000111000101001101010001110101
0111000111000011011000101000001111100100011111000011000100110001
1000001101101010000010001101110100110101101101010101001000101111
1001000011100000101110111101100001010110111011110011001010110110
1100101001110010000000011111111010100010100011110001011010011011
1101011000111010000111110110110111101010101010010010011111111111
1001001000010010111011011001001011101011010111111100110101101011
1110100000000011011100000000110011010100111110001110000001100110
0100000010111001011100111100000111110100010100010101110111110111
0111110110000101011111111111111101000000101001110111011011111011
0111101010101000001000111101010001110010111001011111110011110011
1010110011011100001011111100011000001001100011010100001100001101
0011000001110111101111110001101011110111111000001011001010111001
1010100100110001010000100010110111011111010000000000100111010000
0010100110110010011100000101000011111010011010101010000110110001
1111001111110011000001100010110100111011010011000100000000110101
0010000111101101001111000101110001011110101111011001000010101100
0101111011101010010101111001011101101101011011100001101100011000
1101001110101001000010010110010001110011111101000100000111111111
0011100010010100101110111111000000111010001101110100110100010011
0000100111100001101111010010101011101001111111010001111000111001
1011100100110111110111110111010110111010000111111110011111111011
1011011110000000111110111101110110110110100100101100000110101010
0101110100010001010011011110001011010000101010111001110110001101
1010110100001011111001010011001010100111101111011010010101111011
0010001010100101101101111111001011000110101001001100101111111011
1100111111011110100100110011001100101000101010110011101001110000
0100101011011010011111010101101011010100110000101111110101111000
0011010101111100101000000010010011101101110101011101110000101100
1111110000000000100101111111100100100000111001101111000100010100
1010001100000110111010100111101011011111001001110000111101011100
1101011100011111010000101110000100100101001111110100001110001001
0101000110011100101100011100000110111110000111111101000111000011
1101111001101000101011110110011111011010101111010100101110011101
0111100010000111101010101000001110010100010100000111110001101010
1011111110010111111001110010110010111111001011011100100000101110
0100111000111010110100010001011010111001001110110010001100011001
0111100000010111001001100011111001110110111010101011001110100001
0011000001110001110001111010110111111011001100001111110011111111
1011100001111000001010110000110010110111010000110000010100011000
0000110110100001100001001001110101000101110100011111001101111110
0100100000011100101110011100110110010000011010011010110101100101
0010001101000010101001000011101000111110000001001001011010010111
1110011000100010111110001011001110111000100110101001001001010101
1001100001111100010011011111011110100110100011100001010110000101
1001110110100100100100100101010111001010110011110001100000000111
1110011111001110010100101001011101000011001011110001011010000100
0010011011101011111110010101000001100011100010100100100011010010
0110111110111001000011101011011101100000101010101101011011110101
1110100001000100001111011111001111000000110111010100010011110001
0111001011110000111010110111000101101001100100001001010000100100
1011111101110000010100111100011011101001010011010011111110010000
1001101110000111011110011000011111101100100111100101011110001101
1000011101000001101011111011111000100101101011000111110110100111
0000101111010010000101000010100110011101000001110111111100010000
0000110010011011010100111100000000100101110110101111010001010110
0000111110110011100001000010001110010101010000011101000011011011
0101100010001010000001000101111100000110010011011101111110100000
1101111000011000100101000000100000101000000110001010110100100000
0011100101000001001000010011001111010101110011101010101100011011
1101101000001110111101001100101001101001010000111011000011011101
1110000110110101000010011110010100111101011110011001011100111101
0110001100111000101101110001101100000011011100011010010101010101
0110100111000001101111101110000010101100100010100010011001101110
0010001101000111011101101001001010100101111001010101001001011110
0000001111010010101000110001010010101010111011001001101010011101
1111001000001100010010010001010001000100001101100110001011100110
1110100100011110110101101011011011010110100011000101100111101110
0000010110001101100110001001111110000111000000001001000100100010
0110000010010101100000110111101011111010010010101011110100000010
0011111010100011111011100000101100011011110101011101100100110110
1101111001101100011010111010100000010000001010111100101000000001
1100001110101010011111010001101011100010111100000010100000101100
1100011000010111010010010101100000110010011111011110010100010101
0111000110100011100011011111001100011110000101100010100100101011
1000111000110100010000011000100000000100111111000100011111000101
0010100000111100011110110100110111110011000011001010011110100010
0011001010110000101101101101100110100010000011110001000101000010
1011001001011111100010000011110011111110100111000100000011100111
0111100101010001011001010001011101000110011101111010000110101110
1111111000100010011000101010001110111101111111110000110011100101
1011010000011110010011110111011011010000111110000111111010100110
0000100001101100000011110011011001111110111000111011100001001001
1000101010000101011000001010010011111111010101000101001111011010
1000101111100101111100001000101001000101110101011010001100011001
0001101110101000010001011101011101100101101001001100101110111001
0110001000000010111100011100011000111100001011010101101010001010
