0101010111001111000011100100000111110010011010000011011001001001
1000010111110100101000001101100001101111101100000101111111011111
0010100010110110001010111001100101100010011010101001110110011000
0110001010001000110010011101110101001000010110110010000011011110
0110001011101110111100011010011000000100011000110001100000001001
0001010010010101101011010001111110101110101101011001011000110100
1101000111111000110100001011010011111011111000111011011111111101
0111011011101001100110110010111000011011011101010011010000110011
1001110000010010011010111111111001011000000100100010010001110100
1101111111010110111010000000010000000101010111001010111100100110
1100111111011110011000101000111111101100111001011000001010010011
0010111100101010000001011000001000101011101100101000100001000010
0001111001000001000011100011111111111111001000010010011010001100
0001000000001011111101011011101011110000110110011001010101011011
0000000001100001001110001011000110011100000110001010111010100011
1111000110110000101000011001100011010110101110110110110001000110
0100000101110101101010011011000010111000101101000101001010000010
1001000001000101111011110011101011000101000010000010011101000111
0111101110111111100011001101011100011011001110111100101111100001
1110010000111010011110101100100101101000111110100110101110001100
1101111011110011110100000010001110000010010110011001000001100011
1000111100010110101010101101011111010110101100100100010101010101
1111011101101000000100111011110110011011011111110101010101101011
1001010100000000000001000100101101000011010000110111100011011011
1010000101101001100000010000110001110111000010000010100001100010
1111101000110011101110000011101101000111100111000011111110011010
0000010101001110001101101000100010001110010101011111011010110010
0011100001101000001101111100011010001100001001010100100001100100
0010000011110101001001100101100010110011000101110111111000101010
0100000110001010111011101110100111110101001011111111011011110001
1100011010001110111111010011101110101100110010110011101001101100
1111101011001010110000011011000100100010100110011100100110011001
0010001000010010111111100000000011101111111000110111001111001011
0111101101011111110001111011100010011101011100000110011000110010
1110000100001101111010001111010011100011000111101100101000010011
0000101110110110010000001000011011110010100110000111010110011100
0111110000100011001110110101001110110111110100011010110010001010
0100100010011110011100100000000010010101111010111010011001100100
0101010101010011100110110000101111011111010111000111100101011100
0011110101010110100110101111101100001111111011001010000100011111
1100000111110110000101001011000011111100001100011000010011101001
1110111010100101110110010101110000101011111101111010100101001000
1011111011011101010010101101110101000101111110111011101010001010
0001111111010000100110110111001010100101000000000111010011011001
0111000101000101111110100010010110111010001100110100000010010010
0010001101001001011100010100000101111111000001111001010000110110
1101001000011010100001011101000010110010001000010010010001001100
0001101010010101001100011010100101111100111011011101100001110110
0110011110111000001001110100111101101100011000100011100001011101
1100001000011101111101001100111000010011001100011111110101000000
1010000010010010000011100010000010100001001001011000001110010110
1010010011001110100111110001111010111000101001111101000111111110
1001000101110101010111011001000000100101111111011111000000100101
0011111011110110000001101001010010010011010010000111011000101110
1101110010011111010011111000111110100111101110100000001000100000
0100010101000001010100111110111110111100111001000100110010001111
1101011110100010011101111100010011100100111000101011011101011000
1111111101011101101111010110000011101000011001010001110001001100
0110110011100101111100010100101101000111111101011001000101011101
1000111010101110000111010011001110101101001111011110110000011011
0110110000001111011111001111010001010011000110001110000110100111
0011110100010010011100101011100010111001110100100111010001011101
1000001010100010101110001011101100000111010011111000011100100111
1100100100101011011111111110001001100000000101010100110000111000
0101100001010100010101110110101010000010100110111111000001010111
0111101110111100000000111000011010110000101100011110000111001101
0110110110010010000011111000111011010110000011110011111100010110
1101110010101101000110111110000100011111011110100001000101001111
0111111010010100010101010101100001111101110010100111101101101101
0010011111000010101001011000011110111100111101011111010100100010
0101011110101110010100001111011100001001111000000111011110110101
0110100101111000001110001011001110111111110100011100001100111001
1101101111011010011011001011111010100110001010100100001000001000
0001111010010010110010010010000101110111100101100100111011000100
0011001001000011011000010100000011111000111011100110000010010110
0011011101110101111111011110101011010101111011000001101011100101
0001001111001100011001101100011110010001110000110111010110101001
1000011010011000001111111000001110111110100000000000001111101111
0010011111110011101000110101011110100001010001010111001111100101
1110111010001000010111000010101111111111111000011100100001110110
0011001111001001100111100100011101100001110000101111111011001000
0101010110000101101000111100010001010001111101101000111001001101
1001001101000010110101001001110011110101001101101010110101000111
1001110010110100011001101000111101111100111110011001111001110011
0101001011101000110100110001100111111010110100100010010100111111
1111001001111001100100101101011111111001011111101100011100000000
1100110100101011011110110001101101101000101011000111111111001011
0010110000101011000010001000110011000100001100111101101111101001
