1001001101010101001101000000100111011000000111011001100111101000
0001111100010011110100001110111010100001011011011101110101011001
1110100000110100111111100111101010001100011001000000110101001010
0011011001111010100110000111110000100011011001000100110100111100
1111110010000011101101111011010001101001001000001011001101010101
1111100011000101010110001001010001111111011010110110011110100001
1110110010000000011101111000100001001111001110010000011011101010
0110011010001011000010110011111111101101000110000000010001101101
0001101110001110010001000101101011010100110010100100110101001010
0100110101110100111001000110110110111011010100000001010110100010
0111000101111000000110100111000001001110101000001001111001111010
0101001100010100011010101110111011011010000010010011001000010101
1010010001101010001100001100101110100000010101010110110100001110
1001101110000111001101101010110110101000001011010011111010001100
1001011011111111011010110111000101101000010001001011000111100001
0011110100001010101100100100000011001110000001011101010000100110
0001001001110011010111010000001111011100010110101101000000100001
0111001000100001000000010000100000111111110001011001001001001100
1100101010110000101000110010011101100110101100100101101000000111
1101010000111000000110110011111010110100011011000011110111001011
1010100110110010010000010100101101111001011000101110011011011111
1001000100000011000100001101101100001101001111101111010011101101
1101011000101011000001110100001100111100110101111111111100100000
0110000011011011100100000101100111101010110001011100000000001110
1110110100110100011000111100010000000000101011001100100010001111
0110101011101110010100111001110110100011011110001111110010110001
1100000101111001111010100110000011110111001001100111110100110011
1001101100111011011100010111101111101010101101001010010000110110
0011001111011110111011110000001101001110101100001101101110101001
1101011110000000010111110101101101100000110000101101001011000110
0110011000000011110111011100110010000000010011011011001100110000
1111101100101100010101001011110000100101001000111010111010010100
1100000010111001001100100011101110001110101100010001011111100000
0001101101011010101110100011110111110010100110111101111001111001
0001011101010101100100000010001101110000110011110110010001011010
1100011110100001010010000001001001010001111111000100100001101100
0111111100010011011110110000010110001100111000001100101110001101
1000100010011011000110110011101101000011111110011110000100010111
0100000000111000100010011111100110011101101000111010001100110000
0011011000110100110100011011111001000100001110100100011111010111
1010000101001111000001011011101010110111111100010110000111101010
1000100010110001101011010000000010111110001101011100011001000110
1100111111011011001000000111000010111110111110101100100101011000
0001110011010110101111100010011010011011110111100000110101001111
1101010011001000100110010110101100001011010001001101010000100001
1110011100001110000101101101000111100011001001101011100101010101
1010110000101001101011010011001101110100011111000010000100110101
1010001011001110010111100011011001001000011101110000111111110101
1101001111110101110010011110001111111100111101111110110111111101
1011111000100111110001011110101100101100111100010010101011010110
1110000010000100011101111000101101110000100110110011000001100100
0010001111001100111110000010100100010000000000011110010110010001
0110000110001011111011011101101011101100100001000001001001011100
1001000111011110000010101101001010100100111011111000000010000011
1011101111001010100110110110101100101011000011000011111111111101
0000011000100000110000011010010011110111011110010111001001011111
1110001110010001010101011001011111100011000101011110110101010110
0110011110100010110001000011111011110100000010100010000101101001
1110000011111000000011001110100111001111010000001110100010111101
0110101001011111001000110001101100010111010111100000100001100110
1011111100111000111100001110101111010111001010001101010011110110
0100011110111001011000011101010010111000001011001000000010110001
1010010010110011010111111000100111110001110000101101011110100110
1111101000010010111000011100011110011010001110000110101100000011
1110110101111010011011111011010101111000010010001011010101100100
1111011001101000110110111000000111011000100010101010010001001111
0101110101000100110010000111110011100000100101001001110100000001
1111110100001111001010100110110001100101010000111101010111111100
1011110101100100101001001000011000100011000100000011101001101011
0010100000000000111110000101110110101010110111011111110110110111
0001110000000000000001010011100100110001110101010110100010011001
0001111000111011010011010010011010110000100100111111010101111101
1001000001100110001101111101111111001010000010011010011010111001
0101100001001001001100100001011000010010111110111001011100110100
1110010110001001111110111001010010010110110100100010000100101101
0100010101000111011000010010100101011000001111000101010101101000
0000000100110000011100101000111011000011000110101100101110010101
0100100110001100101101100011101001000100100010111011101010010101
1100101110111110100110101010000110110101101000100000111011001001
0111101000011010010100010001000010100001000101010011011011110011
1000000111011101111110101001000111100100100010110100100001110011
1010110011110110000010101010110010100001001001011101111110000010
1100010000100100111111001100111100000000111000000110011101000110
1011100100001011110001010101111011111010111101000111101100011111
0100110001101101000000010011101110100001001100101011110100010001
1110000011110000001010100101111010001101111000100001100000101111
1111011001010100110110111010110101101111100000010100000011100001
0111101100011000100000101011000100011010100110001011110000111001
1110100001000011010000010011000000001110001101101101010001101100
0110110100110100001001001110000011010001100110000100101010001110
1111110010110000100101010101101110010011010111111100010001010001
0110001101001000000110100010001011001111000001101000110110111011
1101111110010100000010101001000100110010101100101110011011001111
0010111011101000000101100010101000101000011101011001010111010000
0010001110000100000101110010000101110001010011000110000111001001
0000000010100110000000001010100011110111010110011101001111100101
0010001000010011110001000010111000100000011001001101000111100010
0111011110100101011000001010000101001011010101010110110101110110
1110010000100010110000110001111110001101111011100101010010000011
0000001010000101111000110101010101101001100010011110010011100110
0001111110110001101001101010101001110111011101100011010100110101
1000010100110100000110010110000001001001011001001010010101011110
1011011111110110001101001011100010101000010110110000000010010100
0000110010011111011101001011000100011000100001001001111010001100
0100001101110010110110011010010101000111000011110100000101110001
1111111111000100111100001111000110000010100000001110001010001001
0010111010011001001100001000100100001000000111111100101111111111
0011010111001101000100110010000010011100000101010110011010110111
0011001000101011000110110110110111010001000001101100010010110001
0111100000000010010110100100011110000110011111011001011110111111
0000000000001100000111101100001011010010010011110110110011111000
1111110011110010100010011011101100001111001001000100110110000100
1010101100111001110111111100110010000000011010100011111001101101
0001010010010100101110001101010100111100000101100011001111001011
1100101100000010100100001010110100101101101101111011000110100110
1000110010001000101010010100100111011110110000010001001011111111
0111010000111110110100110111111010100111110100011101010101101111
0111011011011111000101010001111101101011101110111001110101111011
1001001000101011000011111100000100111000000010111111000001110001
1000111101101000011101001110101100010000010001000111101001110101
1010110110001001111010001001111110101111101111010111010101111101
0011111001100010111101010001101000000000100001110101011001001011
1111110110000001001010010110000010110111100000110100111010010011
0010001001011000001101000101001010100011000110110010010000100010
0001100101011100110110010011100001000010100100110110000001100100
1110010010001101001000011111000100000100011100111101010111011000
0111010111101110111011100110001111110110010110111010101000100101
0100000010001111011010100111000101101000110100100100011011101011
0111111010101101111101101110011001010101010001110101101100101100
0100111000011001110000101101000010000010011000001110110101101101
0111010011001011110111100111000010101001010111110010001000011110
0111100100101010111000110011110111101101001011101111001001000001
1110011001101011111110110110001011000010011100110011010011100111
0001000101010111011010100001000000100001101010010100111111011010
0011101111011101101101101111010000110111011011100100000101100100
1011000110110100111010101001111001011011110011101111100110100101
1000001011101101000010011101010000101010101101110100001010101110
1010100010110001100110000111000100001101100001100000011001100101
1010100101101101011100100011010011100101110000110001011110000110
0101101000110101010010101001010101011011000110100010010101010110
0111101110010101000010011101001010001110110101101010000110101111
1111110110010000010111000000100100000011100100011010010001001000
0010010010101011001011100101011001110100100011000011011011110101
1001101001010010000110110000000111011111110000010101101111000110
0010110001111011011011101011111111111111011001100001111011111011
1111110101111000010110010100101001110110000000100111100100110001
0011111001011001111001000101111010010101011111101000001001100110
