0101101011010110001100100001001100111100101111100010100100100100
0100001000000000110000010101011100001100010011000001011101000111
1101101110111111001001010100001001001100001011000101011110000101
1101101111001010100011110100001111010111000011001001110111011001
1000000111011011000001001000010010011100101110010110101101000110
1101001101000010010110100001011101010101111100000010001111001011
1100100011111001010000110010110110100010010100110001011001010010
1110010001100111101000100111011010100001010111011011101100110000
0101110011110110010010011001111100010010011111111111101101111101
1100110000010001001001000101110001101001110000010110101001011010
0110011100010011011011101101000000110010101011100000001111001100
1000100110101010111101100111010000000101110100110111111011100001
1001101010001101110011000010100101001010101010111000111011011101
0100100111000110000011001100111111010100011110000101101101001111
1110111001010111100111101101000011111011001001000011001101010110
1000100101010011111111000111101110010000100011000011010010011010
0101111010000101000010110101100101101010101100001011000101100010
1010111011110101111100000000000010011110000111011011100100011001
0101100100001010111011000110101010010001011000110001111000101011
1100101001100110101011001001011011111101101011010011010101111011
0111000111111101010000001111101101000101001101110100011000011110
0000100100101001000010110101100001101110011011000001010101000110
0011000110101011101010010111111000101110110110000110000111000110
0010100101010011001100000010010010111111001011000001010100000100
0011110011100000010100100001010111000001011110110100110110110111
1111001000100011011000010011110101000110010011000101010001001000
1111111110111010011000000000011011011101010011010101100011001101
0100111110101110100110000001010100101010100001110011101010001101
0011110001111111000000001110100110101011100001011010011111101110
0000011100001100111000011000101001110011110110000010111011100000
0111101110011011011010011101110110000111010001010000010010000001
1100000110110011010010110011000010101101100001011110110001000010
1100010100110110110101000111100111111011100001111000101101001001
0011110010111010110101110011001010000100101110111001000100010001
1100110010111010001011001000001111000001110100011011111101101010
0010111001111000001101110010100101011011010101010101011001110101
0011101100100000011101101001011011001110010001011101011111000110
1000000000011100011010000111010011110111101000111100010010110110
0011011100110111110111111000000111001110110111000101100011011011
0010001001100000110101111000101100001101010111110011010001101110
1110010010100011110001000001011010101111011001011000001111001001
1100100111001000110000111111001100011111100101000110110000110111
1011011000001011101010001101101110100101011000001001100111000110
0100100100011101011110000011100111101110011000001100111101100010
0110001110001010000110001011010000100010110101110001010000010000
1000011110111110011011010001111101101100100100000001110111110000
0100110110000110111100001101000010110100010000100010101111111110
0011111101111110100100110111100011110011101100110001001000101100
1001110100010110101001010100110001001010100101010101101000011001
0010101110100100111001100001000010110001101101111010001110000011
0100101011010011000000011110110111111010011110001000010110001001
0010101001010100111011000100011111001110101001111101110000001000
