1110000000001011011101000110011101001001101100111011101010000010
1010111100101001101000001101110011001101100111100101110011100001
1011000111011011011000101111011011110100010101001001010100111011
0110001001111010000010100100011100110000011001100111110000111010
1001010010001111111000101000111001101101101000100000001010101111
0100001000111100110010000001000000010100000000011000000110000111
0110011011010111001101001110111101110001000001101011001101101000
1000101000111010100001101001111110010010001100000101010101110100
0110001100101111010010010101000111100101111110011001110000001000
0001000111100001110100010001010001111101101000001100101111001100
1101110001110010010111101001111010100010000110101001010101101101
1111110110100010001110100001001001100000110001101101111101010111
1110110111110101001000101101110000111110010010011110110101001010
1000100101011111010011110101101110111000111100011001011010111001
1011110011011111001110011001001100011111011110001101100000100101
1110101010010101101100111000101101111010000101100011010111111101
1100000111010000100011011011000110111101000110010000011110010000
0100101111100100110110010100000011110000110000101010000010110110
0000100011101000101010111111111110111000100111111001101011100100
0011011000111111000101010010100110001100001100100000110100100100
1010011110001111011011001100001110100101000100010011100111101011
0001110011111110100010010011010011101011000110101000011000101011
1100011011101001010010011110101111101010001111000111010100101011
1101010100000011110100101111000010001100001111000011111100111011
1001000000100010111100100111010001000100111011010111101110010110
1111101101010011011100000101101101011110010000010010111111101000
1011010010111011100110111100110111100001110010001000000110000100
0001100010010000110010000001011101001001111101010010110100010100
0000011100001111111100110111101000000010110011101000010010100101
1010010010100001000111010100000010011101010111000110011001110110
1010101011100110110111000110010010000110101011111000001110010000
1101001011000100010100110011100100010100011001101010000111101011
0001001101010111100000000110110100110101010111010001110011010111
1010000010000111101110101001100011111110010001111111101010111001
1001010010101111000000111001010010011110011010111010111001111111
0111111011101111001101101011001000001011110000011001101111000110
0010011001101110001001010010100011110110000011001001011010001011
1010010001001011010110110100100000010101100011111001000110010001
0100101101110100110000010000000011010010111010101001100100010010
1010011101011011100110101111110101110101011100010000001101011110
1111100100100101101111111010111100001001010110101011101111011010
1010000001011111011100011111001100101111100001110000111101111001
0101101011110001111110101101010001110001100101010100101111000011
0100000101100110001100111010011100100100001111100000000000101110
1110000011110110001101010010100111101000101110111000110100110010
0100010001011011001111100111110101010111100101101101011110110100
1011011000100100100111001111001110101001010010010100101100000000
1110101100001110101011110000010001010101110000100111101100011110
0111001101000110001001111011000001110010111101100011001101000001
1011100011001001010111011010100001110110111001101110001010101100
0100101110010110010000111100010110100100111011011001110111001000
0011001100000111000001100101100010111101111000011001110101101100
0101011001010001111111110001011001110111010001101000010000011010
0101100101001110110100011000110110001011010010111110001111100111
0111010100110101001110000100010110000001101011111100010110000001
0110101100011100100111001011010110010001011101011111111011011110
1110011110001110110111010100101010000100110101110011001001100000
1100110110010000011100101010100100001101111010101101110111110000
0011001101111101100001111000010010000010010100001101000101000110
