1111010100010101011001100100101010111010111011000000011001110100
0101100100010010000101010101111010100111011001101011110100111010
0000001000001010000101111010001001011011001001100000011111111000
0100110011111001011111010000011011010000111011011101001000110001
0011110111110001011010010011010000101110110110101100110101000110
1010000111000110101000010111101011100100001110000000000001100010
1011010100111111000110110000010111110001011101110110000110101001
0111100011010111011001001111101001000110000011010110111000001011
0101100001010011100101001101100101011110110011011100101100001110
0010101000000010010010011011011011101100011000110101000110100100
1111001011001101000110101101101101010000000010111101110000011011
1110001110011011100000100110011100100011001100000100111001000000
0110101000000111111001011011100011110100100010010100101000101101
1011000000101101111111111000011011100111001001000100001011110000
0011111101010000111100111100100001011101110110101001011001110111
1111100001110011100001110111000010100101001101011110110100100100
0111111001000111110110010111110000001110111000100011110101111010
1001011110100001110111100000000001011000110011010111000001110110
1101010000111010001000010111110000010001100000010010000001110011
1000101011111001111010111110010001000111100000110110000010011011
0111111001100101000100001000111000000001000011100000000000111011
0101100101011010010100001111001001100110111111111101010000111000
0100011100010110110000001110101101100001010000001011010101010000
1001111010010000010010011111111011010011100010111011111110110001
0100000011101001010110111101011000101000000000001010101000111101
0101000101000010001001100101010001011101111111001110110001100111
1011000001000110111011111000001101010011001101010100010111010010
1011011010101011001010000101101110010011100010001000110010001110
0000010000110111111101010000001111101111001110011010111101101011
1010010010010011000000100100111101110000001011101111010001110001
0100110010001110011000110110100111000101000110111100001011000001
0110110011111000101001001011110110011011101111000101101111010111
0000100011010110010010001011110100101001101111101000011100000111
1111010001010010011111011001111110100000111100001001110011011010
1101001001100000111100001000111100011110111001011000100010010111
1000010000100010101111101001100000110110101001000100010011000100
0110010011110111111011100100111000101011011100110011011100110101
1000001100000110001101111010010001111011111000011111001100000110
1100010111110001011111001111011000010111110001011011100011010111
1010010100000101100111001011000100100110100100110011111000010101
1001000001010000000010111110010111001100111101001000100010100110
0001100100011111010000001110010101000001100101000001011010111010
0011011111010111101100110011000000010110001010110110011111111010
1100100000100111110111011010100001100000000101101010111011010001
0010001000011001101110010111101111001100000000110100111000100101
1111100000111101100001110101011001001101000000111001100101010010
1010010100001101100011000100000010010110000101011110010010011011
0010110001101010011100010011000011110000010101001100111100010100
0000101110110001011100100000100111111100101110001110010111100110
1000000110010100011110110111001111111100001110011111110000110011
0101110110111011100101110000110100010110010011100100010110000011
0011101010101111011011101000010110001001010011110010011111010000
1010001101000001111011011000101101110011010001100101011010011001
0111011111111111001010110011100110111101010101110011100011111001
1111001000000001101111100111011001110000010010000110000011001101
1001010111101000000000000101100101011011000000000110100011001010
0010001110000010001001010000101110001100111100111100101111001011
1010000011111010000111111100111101101100100011010100100010000101
0100011000101100111111001101101011011110101010001101001100100011
0100001000001010100101001111010010000101110011111011100100000000
1100001011110100111010100101011010111110100001110111001010100100
0111010111100011101100100011010111101101011010101000100110000010
1111101011110000101101010011110000110000010100011101100001010111
0001101101001111100011110100001111111011010001011110111000011100
1101010010000010000111001101011000001101000011001101001110010010
0000111001111010000100001111001010011000010110110000001010100010
0111100010000100101010001001001100100101110100100010010101001010
0011101110110110010010110110111001011111100101101111101100100011
0100100001000000110010001100000001010000011110011001101111110100
0011000010111010010011110000100110110000101110101100010101111001
0010111000111110101110101010001101010001001110111110011110111100
0011000001101011010000111110011010011011111110010110101000000001
0100101000000110001100101100101011010011000110100100101111000101
1011100111011011001110001001010000110110001101110010110110111111
0011110100101110111111101011010101000111111010010011101100100000
1010100110010000100011101011100011001101100110001001010000111010
1101001101011011110111010110000100000111000010001111001100100101
0101100101101101001000110100011001011101011011001110110000101000
0001101100110101011010011001010010110110110101011001110001110100
0111100000010111110010111000100101110011101001001001111011101011
0101011000100010101101111111011101000000010001100000001010111111
1000110001110011101001000001011100100001101101100101110000101100
0011010010101101101000001100110111111111001000101000101111000110
1100111010010000100011100101101100001000010101100100011010010100
1000010101101000101101011110100010011101100011000011010111110110
1011000110011001110100001110100111110001101000100011000111001100
1100001101001011111010100001000011010001011011101001110100000100
1110000110011001111000110011011011000110100100111000100111111111
0001111111000010101010000010010001001001110001100010010100000000
0111101001110111111010110101001011101011010111101001111101111001
0001111110110000111010111001111011111011001100001001101000110100
0101011000111001001101101100010111001110001001001010001011010110
1110111000100100100110011100000001000011011001111001011001001101
1000010100100111011011100101100001011100000001001001011001110100
0101101110100111000010110110010111000001101011000111111101110001
1010100100101100111001000000110000000001100101000011111110110011
1111110110000011111011100010111011101011011000011110010110011011
1110001101101100011111100110111001011000001110011110011001010101
0110100100000101010010000000011110111011011101100000000011100100
1011100111101111100011010000110100011011010001001101001100000001
0000001110100100101011010001010100011011011110110001100010100110
0000001010011001011000011101011001110111101011011001010011111111
0110100100110101110010100100110011100011100010011100110100111100
1010100011110011001110100100011001100111100110001111110001111101
1001011101011001101011001111010011110001010010001111100011111100
0000111101001000100011101100111111001110111001101010111001110101
0101011010101000111000010011000110010100000001111101111010001110
1111111110100100001100001110110111010011010001100000100000111101
0010111110110011101111000100101000001110111001001101100001110100
0000101110001101111010110000010000100001011011110000110001111100
0011111110101101110001001010011001101111001101010010001011111011
1010011101110011101001101100010000001111010101001011001110101110
1000010010100011100000110101111011110001111000111000101101110111
0011011010011010010110010110101100111110110111101110000110110010
0010101010100011010111101010100011110110001101100001111000010000
1001110101010010110001111000111110001000010000001110010111100000
0100110000110101111100010000011001111011100101101001000100101110
1010111110000111011001111010111011001100000110000111100100000010
1011110100001111001110110001100110010011100111101010101000100001
0111101110100011101111100100001010101100001101000111001001000100
0100001010001100001101110011011001011011010010110110001101001101
0100011101110011111000101100000101001111111010100111000111101111
1100101001110111100010101000000010001000100000111011001001000010
0001100111110101100110001000110001101001001011110000111110011001
1001110000111011000010011100011010000011110001011111101100100011
0001011011010100111010011010000110001100010100111000010000001001
1101101111100000010100011110000110000001000011101111100010001110
1000001010111101011001010100010010010101100111111111000011001011
0111010111111010110011010001100111101101000000110001000010101001
1010000110011011100101001011111010000101101101001101101000000110
