0000100011110011010101110101111010000110111100110000100101011001
0000011011100011101010101011100011000011001010011111011110111101
0101100110010100001111100010110001101100001011100100000100110110
1000001101101110111100110100111100011100000111001001011000000101
1101010000100110001101101110010111011100101001011010001000100001
1010010011001010111111100000001100001100111111001000010110100111
0111100100110111011111001000001010110000100010100011110101111010
1011010101001101111101011010010001110001001011001100101101010001
0010110111111101000100101100001001011010110000000001000011001110
0110001000001001011111110000000101011101100011000010100111100111
0011000111101000111111111001100000111010001100100001100101111111
0111001001011110111111100111101110000001100101001000011100101011
1010001000101011000100100100010000110010000110001000100111100000
1010110100000001010100000000100000100010111100010100010000001001
1010110100100001101100010110111010111101101011011011110011011100
1100010111111111111111000111100000010100111101111111001111111111
1111000000100011010000110000101010110001101000000010000110010101
0001010010101111111010111110001010100001000010110110100000101111
0000001100100100101000001011000110110111101000001010110100100100
1011011001110110100110010010000100010001001100011110011110110011
0111000101010010110000100101011011000101110011000101010101001000
1011110010000011010011100101101100101001000110101110101110010110
1010011111110100000100110111100110010111111111011001101000110000
0001000011111011001111111110001000110100010111100010100111111011
0101011110101010100001011110110010101011100110001000100011111010
1000001110000001100111110001000000110111011001100001011110101101
0111010000001000000111001100111010011100000110100001101101001010
1100111001100001110000101010010011001110110101000000111101010110
1010100111010011011011101011110101000010100010011101110000101010
1111001011110011010001000000000001011101001000101000011110000110
0101011110000111111011001011000101001001111111111000100111011010
1100010111001010100010011110010110110100100010011010010011000010
0000100100110010100001110101011011101000101111100110001001100100
1100100100011001001110111101000001101110110000101010111111111011
0110101110011101001001110111001100110101101001010010100100101000
0000101110011010101011101110000010110110111010011011110101111101
1001100011101100001110010101111010101111000111110100011100110110
0001110011010101001110011000111111001101111011111001011111001111
0001100000001010111100011011000110111011100111011011010111010001
1001001110010000011001110000110111001010001011010110110110110100
0010100001101100110010011111001000000111101101100011110001000001
0001010010101001010110000011110111010110110110100000101100110110
1111010000001000010100110110010010100111100010110001100001111011
0011010001011110000100001111101110111110010110011110010110001110
1111001001010011001101010100001010010001111101000011011000010000
0001000010000110101100111100000000101010000011100110001110011001
0001011101111011011011011101101000101001011110111100110010110010
1000011010101111110111010110100101101100000011001101010001000100
0111101001001100001101010101100101011101010000101011010110001001
0001001110111011111111101100001010010001011100000111010010010111
1100000100100000110000111111011111111011111011110100111001101010
1001111000101110100000100101010001011011110111011000001110011011
0101001010010100111000010101001011010100010011101010101100011110
1110001000001100000101000100001110111101100000100110001111100001
1100111110011001111101001010011010111000011101011011111101011101
0111100011111010001000110111101100110001111110100010001000111110
0111000110110011001111101011101100000001110101111111111000000000
0001100101100110011111101100011111111001101100100010110110000111
0010010111111101100000001101000110011010011010111000111000001000
1010010010001111010000101101001000000110010011001110101100111110
1101010000101110000100101001010101000001001111011111101101001101
1110111000011011110100011001000101111100100011000111101000100000
1110111000010110100110001010001001001010011000010001000010111101
0111100101100101111000010110011000001100000001011011011000101111
0111101111100001101101001111001101001010010000101011010100100010
1011000001010101011101011100000101100101111001111110100111101111
1101001011001101100001110010001010111101010101111111110101100000
1101100000111111110000001001010111010011001111011111000100010111
1011101011010101101010100100011100001111111000100111110000101000
1101111100110000101010110111010000111000010100001010011000001100
1010011110100011101010110000001000000100011111000000100101001100
1110011100011000001111110000011011111100110000111110011111101000
0011101101111111100000101001010111000111100010001011010101000001
1111111110011100011001111000111010010111001100110001001010001010
1100100011100010010100101100011100000010011001101101011101110011
1100010001101101001001110100010011011111101110000011100001011010
1110111001110110100011101101001100110100111101001001010100010001
0111011101111001010010011100100011001000010101100001000000011000
0100100001111000100100011111000001100010010001100101111001100011
1110010101101011100111111100000001100110001011100001000011100010
1100001001111101000000111100001101001011000011110000110011110011
0011001010001110111001111011000100100101000010111000111100001001
0110000101101110010110101101111101011110101000001011001111011010
0101011111110110011100101110111100110110001011011100000001010110
0111001110111010010111011111101000000111100000100000001001111101
1111011000110010000101000111000101111010101111001011101111111001
0101010110001011110111000011100001100110000100001111000100101100
1100110101000100111101101101111000010010011011000001010010110001
0011000000011101111010011100011010011000001000001100101010100010
1001010001101011110111000001001101110110001011011011111010110110
1010101011100000100111010101110110000110100100110011010010000100
1100011001010100101001100100101000000100101001010001001001010010
1010101100111001101010001110100110101101011111100011000011010010
1101111100111000010110001001110100001001100110010101010110010110
0110000101111101111000010111010111011101011111011011100100001110
0000111101011111000011000101000111010110000101001100100011100101
1100001101101000011100010100110000011001001000110100101110000001
0100000010000001100110011010011010110111001111110010000111110001
0010110110010000100111101010010000101100101110100101111010001101
0000111000101100010110111001010000010100110011110101000110110100
1100011000011001100101110100111101111001001100001001110000011001
0010111010010101101001111100011011110000111110101100010001101011
1101111001101000111010000010110100011000011000011010000110001101
1000000010100001011100001000101000011011010101011010010010110001
1111111011101110111001111000001110101100100110101101100001100010
1010010011111010010000000101010001010101111100010001101010111100
1010000111010001101000111011000010101111000001011000111101100110
0101111010001001100101111000010110111001110111010000000011000010
0011001001110000011110100001110100010101000110100010111110001011
