1011010100011101000011011000110110011100100011001000111000010101
1001101011101111000101100010000010010011010010111001110011010001
1011011000100111101000100001110011001011111011010010010111011011
1101111010100001100011011100011101000101101000100010101011010110
1010010000100000001000101101000011011111011110010001111010011100
1100101101100101011010101001101001011101101011111011101000110100
0100001111101101110011001101111111101010010110001111011100010001
0110101110110001011001110011011111011001110000100010101111000011
1111111001001101011010111110110000111011000001010111100000100010
1000101001010000111100101110000001000101010000000110001111010111
0000000001011101011000111100101111110010111110000110111000111110
0001010000110110000100111010000011010111100011011000000101011000
0011010001111101000111010101110010011111111011010011111111110000
0010100111111111000001100011010110011001001001110011001011100011
0000000100011010000010101011101010100001101111000100011110001101
0110010011111100011011100110010110001011010001111000011100100010
1101101011011000100111111100100000010010100101001111010011011001
0000100011010101011101010110110110000000010001000011100100111000
1011101101000001011100111000000100010101000010110101110110001000
0010110000000110111010111101100010000011101111111101001110000001
0000010100101111011001110001100010011100010000101110100000111110
0001101011111110101010101000110010010110100011110001111100110011
1111011011001110001100000011000101110111110110011110001101001010
0011111001011100000000110010001000101110011110010010100001110101
0101111001110011101110010011011011010000000010010110110101110111
1100010001001101111010101100010011011100111011010001001011000010
0100000110010010111111011011110010111001111011011001101100111101
1100111010101100110010110010010011001001010110000010110010001001
1001111001111011001010011001111011100011111110001110001011011011
1010100100101000100100111001110011110100111000011011111110100001
1110011011111000001001010011111111011101100111111011101100101011
1100000011000010100100111100101000110101010000101011110000010001
0111000000100110110001010111111011101100110111111111100011100000
1000110100110001100010010101000011010000010010101111111101000110
1010001100010000000011001000101001101000110111100100100111011011
0001111111010000110111000101011011001011110101000101100111001110
1111110100010101100110111010001100100011111000001111010011100010
0100010110100011001100011101110001101111000001100110010100100010
1101101100001001011100111111100000101101010000011100111000011111
1111000001011011011101011111111011010011010010101011000100011011
0110001010110100000000101111100110111001110001100100110011010010
0111000100100010111000001000110011110101011000101111101100011000
1001110111011100110101001111000100011010111011001101000111100110
1110111001110110110001000100101011110100010100101100010001001010
1001111101100011111011011000101101010010100110000011101101110011
0001110000001110001011001000001101111110110110001011001100001101
0011001101111010101001011001011010000001111011001111011100111111
0101001000110001101101110000011100101011000111111111101010001110
1110011110110001000111100100111100000011011111001110011000110110
1000000111111010011110101110000110001011101000110111000111001001
0111100010111110100100011100111100110001101011010100100110101100
1010100101010100111101100010001010001000010101000100010100010000
1101110000001111010110111001101111011000111010000111001010100001
1010110001001110101011001011110101111001110001111101111011100010
1011100010010001111110101000011101101000111110001000000101000001
1000100001111101100110011000111001010100011101001010100010111000
0011110110101011110001010101100101100110010011100000100111010101
0010000011101100100100101101110001111011010010011100100010101010
1001001001001101110111000011001110100001101011110100010111100100
1000010001000111000111011111001110011100111010100010000001101011
1111110101111010110001001111000110011111000010100000000100011110
0110011101010000100110111100001100110100100110111000100101001100
0011100101110010011111011100100110110110010110010001101110000010
0000000110101101010011101101011000100110100100100101000100100110
1100000001100001001010101110110110100110111001101110001111111011
1010000101010110011101010110001011101101010000001101001100010000
1011100111100001101011100011011000011101100011101000000001101010
0010000110111001101001101011010101010111010101001110111101010001
0010000101100011111110110011000010100010111101011110001110111111
1000001001010100010000100110011101100000111101000111101010110101
1001100011010110010100100110100001111011001101010000101110111111
1010000000000000111100011011010100001001011001100011101001011011
1100001000001011111010111100011111101100111100100111101001110100
0010101000101000100100000001000101010110000010001100100010000110
0111001100001000000001101000111000011011100101100010101100101100
1000001011111111101001100100000101110000000011010001011110010111
1101010011001011010011010111011101100011110011001000101110001100
0001010101100111010100011110001001010010011110111110000011001001
0111000101111011111100010101100000111100110100110001010000011011
1111111101101111111000001001000101011111111011110001000001100000
1101101000110101110000000100010011010101010111011111110100111101
0000010001111000011001101001101110101010001101011000001110000111
1001010110110011011001011100001011111110111011001101111100000101
1101001111100010110111111001010011001110001000111010001000111110
0110111000001111011010110110011000011100000101010110100000111001
1101001000111110100100011000010110000111000111001100010011101110
1111111101010011100100110010011010000001011011000111011011000110
0001001101110100111110011110011000011110111110110000100001010001
1111000111111100111001101010010110000100100001000011010110000100
1100010111000000100011011001011011110011100000111110100011110110
0100010110110011101100000101001100001100110101001100101100010001
0101100001101100110000001010000000101101000111101101101010001101
0101011101110101000100000111010110110110000100110100110100110111
0011000101001010111001000010101100110110000100011101000100111011
0010110001000100101111011000111000010100100111101010011110010001
0000010110111010111110110111001001000101100100010111000101000011
1111111111000101000100110010000110101100011101101100000101100110
0101111000101111001110011010001011101001100010011001101111010010
0111011010000001001000011000010011100100011010111010000010100111
0110101000011011001010111011101111001000111000010001110011111010
0101001110000111100111110100110011011100101110000110110011111001
1011011011010010110100100110010111111001111110011000111100001101
1011011101110110111000111010010001111101101101101111001100010111
0101111001000101011100001000001111100100011101111010111110000011
1111100011110110000111101010101001111100000010010011001001010010
0111000001001010100011110100010100000001111101100001110010001010
1111001001110110000011111011001100100100010110100100110110110000
1110010010110100000010111010011010011101101110110101111111001110
0101101001110001011001000101000100000100110101011110110001011111
0010110110001001110111111010110100010111101000100110110101111100
1000011110110100111100111010010100000110100110011010010100011011
1100011101101100000011011001111101001001111111001100000111011001
0101010110000011111110000011011011000111001101111111111100111110
0101001010101011001100011100101010101110011001001100110100000000
1010101001001111000001100000100000001110011111100110110001011000
0101000000001011110100111011111001111011001000010001110010001000
0100111110111001110101101001111001010011011000110110100000010010
0100010001010000100111010111100100011011011101110011010000000100
0010000010111111000111111010001000010001101001001001100001001101
0001110101110111111100001101101100111011100111010000101001101011
0111101010111100100001101000011011111001010000001011101000111001
0110111001010000100111110001001001010001011011000101111111100000
0010000010111100100110001101011000100001010100101001110000010101
0001110101011010111001010000010010100111100100101111101000011000
0000111001100110010100111100001101011100000110100101011111011110
0011000000101111101100011010010000010111001010011110001101011100
1101101110100000010010001010011001000100111101100010000001100010
0011100100010111011110111111111101001110111100011100110111001110
0100011011100100000010111101101011010110010101101010110000110101
1000011001100001100000101010010010100111101101011000100011001001
1100101100111100001101101100010010001001110110011010011111000100
0011000001010001110011101001001111100110101000110000000001001001
1101100010100010101001100111010100000100110011111111111101101001
0110101000110110011101100101101010001001110101001001011101011011
0100001010111100010011001000011110011110010101001011101110111000
0000001000011001010000011101000110000010010010010000001100010111
0011001010001111011010010010001001010101110100100010110011100011
0011101001100100000100111100110110010111001001000011011001100000
0101100100101010001001101001001101010100100100110000111010011011
0100110000001111100001100010000010010110000110101001101110010010
0010110011001110110111001011011100010011011110101111010011101010
0011100011011011010000000101001001101111010000010101111100010010
1111111110010000110101101110101011100000000011001101111001001110
1001100001010010111101000001010101101010000001101111000110110011
1100111000110000001110001100011000110011011011100010111101111110
1001101010101011001110100010010000100000100110000110010110010010
0001100101110010100001001001110000100111011011010100000110111011
1100000100001111011010011101101011000110000000101000000110001001
1111011111010011100011000101010000011101000100111110111111111000
