0110010101101010010111111010101011101000110011100111010010001111
1011100001110110101000100000000001101101111000101011100100110000
1110011000000110101000101111000101010101111100100010111010110101
0100000100011001011000110100100111000101110101110010110101110011
0111101101101001001010110111010001001011011111011000000000101010
0000001011010001011101110101000010010100000011010100110001111011
0001001010011010101001010111000111110110110010111101110010011010
1101001011101100000000111110001110110001010010011000001101000001
0101111001010101111011100110100100010111011001111001101101100110
1000101100101001011110101011001000100001111100001011000111000001
0011111100000101101001000010001101000001110011111001010000000000
1000111101100110110010110101100111110011010110101111001101010101
0000100100111010000001011001111001111000111010101000000111111011
1100010100111101100010001010000110011000100001010011010010001100
0100110100011010100100011100110011111011001011010010000110011010
0001100110000101001010011101111100111001000001111011101010010101
0110110001000111001111111001100110101000011011010101011110001110
0111011011100111000011010001100001001100100111011010000011101101
0011001000000001101000111000111001001000000100101111101100100001
1011100000000111011100000000111010100111101011011110011110101011
0100111010100101101100110000100000101011001101000010000011110000
1100010111100101100100001001110001010100011111101000110001010011
1110110001010111101101011100001011001110111111000101100101110110
0101000100100111101011111000111100010000011111011000010010000100
1011100001100010100001111001010111011001000101010011001011101100
0001010111110100001011111101000111110011101110110111011111010001
1100010110000010110001100111101110100101010101000110001010011000
1110111011001110110001001010100111011000001111110101101110010100
1000110101000110011001000001000001001011000111110100111100000011
0000110101010100010110111010111001001110011101111001011101110010
1101111101100010001101001010011111100100000001000000110111101100
1011010011110101110111100010110110010110110101011000101101101101
0010010110101111101100010101011011010000010111000011110001111100
1010101010011010110011100100000110110111100111101110111001110001
0110011100011100010111100101111100100101001010010000110000001110
0001110011101101111101011001010000010111101000000000001001000101
0101110001010001110101100010000000000001010010100011111011101100
1011010011000111111110001010100111110001110100011111101010101001
0101100000110001000111100011011110000011101011101010000101000010
0101111011010110010010111100011100011001001001000111110010110011
1001011010010000100010110010101111011100101101111001101111100100
1110011101001101011011011100111110010000001000111001100011010001
0101100011111011001010001101100101011010100011110111000001001101
1011110000000111110111010111011110001000011110110000101000110011
1001110001000110001111110110000001001000011000101000001111111110
1111100011101110101111110010001000001110010001111100100001001000
0100011111100101101101100100101001000110101011111001011110001111
0001100010111101111011011101110100011110100111000100010110101100
0011101000110100111011110111010010010010011011011110110011010000
0010001111100010001111110100111001110001100111001001101101010110
0100111001100010001000000100110000101010100111100000111010101101
1100010100011111000101010101011011101000110001110100100011000001
0011110111101100001100100100110011001001111011100001111010111111
0000010101111100000010111001101100010011110101101010011100110010
1011111001101100011010110010001010011100011010100101110110110001
0100010010100101101101101000000110011101000001101001010001011111
1110100001011001011010011100011111010100011011011001100101100110
1110100001000101010001011111001110100011100100101101001100110011
1000110100001101100010111010001011110111110011101010111000010111
1111101010110111111001100010011010111011000110100001101111100101
0110111101110010001001001101110100011110100111010010111011101100
0100111001111100100101000011111000111011010001101011001001000110
1110111010001100110111111010001001011111100101001111101000011010
1110000110111100001100101110111111001101110000010101110101001100
1100100111101111000101110111011000111001000000010100100100101011
1111000000011111101101100101100100100100111011000101000010010000
1011010001001000100011000101111000000001101111101000100011010110
1110011000101111010110001000011110001110010111100110110111100100
0000010000011010111010110001111101111100100101111101010100111000
0001100011011110101001001010011110000111000100111001010001000100
1001111111010110100000111111111011100111100101011111011100001111
0100010100000100101110010011001000101101001101100110111110101111
1100101110110011100100110011011000111111001011101101101100101000
0110101011010010010111101011000001010111011110111101110010100110
1110110010110101101110010000011110000000000111110101111000001111
0100010010111001001011110001000011100101110000011010110110001010
1010000111001110011001111100011111011101111110111011000001111000
0110011011111110101111011010001101010001010011110010100101110111
0000000011101101000011011001001111000110110110000001000100110101
1000000111111101000001000110100001111101001010001011111111000110
0011010000000010111100010100011010000101100010011101101001101111
0100101000101010010000010110100001111101110111011001010110111001
1100111111011101000110011111000010001010110111110010111011011000
0100100100101100001010101001010000100111111110111000101010101010
1001011101111111010010100011100110101100011100010000101011100101
1000111111111001101110101000110001011100100111110011110001111111
1111010110111100010100001101110111011111101000011110101011000110
0010110011110100100100000010111011010110101000001011011101101101
