1110001100110000111001011000100110010000000010110100001010010110
0010011101110010111001000000100100111100100110100101110101100000
1101100001001010000011010010011100101011000100100010010101101001
1001101111000110000010010001000100100011101000101000111010010001
0000111101111101110101000101110010001000000110010011010100000100
1010111010100010111111000110111000110001011101111001110000111110
1111101011010000110111000010110000111110000110110001010000101001
1111000000111100010011011001001110101111110111001010110000010110
1001010100100110001100100011100010100000011101100000011001001110
1010010101101000000100110101111101111111111100100000110010011101
1111110111110000011010011101001011000011110111000111111100101000
0011011101110000100000000000010000000001001000101010010001000100
0100100011100011011000011110100101100110010010001100101111111110
0111100010000110010101000010100001111011010101101011000000111011
0100100111110111001010100001000111011101000110011000000011000010
1011010011010000101010010010111011101000000000000111101110111010
0110011100000010000101110100010000001100110110000100011111010100
0000011011111111111011110100101000110111011010000001100010101101
1001110101001110101101001000010011110001111101101110010111001111
1100011010010001111011100100000101100110110110010101010010100010
0100011011001100101100111000100001001010111100000010111111011010
1001111010110010011011110001000000110111111101000001010100010100
0001011000101101111100101111100000000111000011000011110010010110
1101010110110011010100101111110011010010101010011110000010001101
0101101101101001000011110101000001110000110000000100100110011011
0100111100101000110011110100110100010110101100101011011100010110
0001111011111100001100110110100010100110011011101101011000000010
1110011001100011100101000111111111110110010001010101100111101101
0001100010000111100111001010101101110100001100100110111001000001
1010101100100001010001101100001001010100010001010101110101101100
1100000011010101101001111001000011100011001110110011100100000000
1001110101110101010001100000100000010100001011110000011100010011
0011100111010111101101011001101101001110001011111011110110010111
0101000001110010110101011011000000110100011001110001001110011000
0101111011110010101101101111001110010000000000011001111101111011
0011100001100110011111010100001111000010100000011001011010000111
1011100000011110100111100101110101100111011011101001001110111001
1010111111101010101100011010000100110100011100000010001110000000
1110010010101111001010100010001100110010101111101101101000000000
1010101101110110110110111001100010000111101010000111111100000101
0111101111010110001100101101001111111011011101110011011010101010
1111110111011001000001100110010010000011111001101100010001110100
0111011111000010000000001110000110101000101100010010110111110110
