1001111010111001111011011000001011110100000000000100101000100101
1111101000010001011001100001100110100101101100010001101111001101
0010000100001011110111010001010011111010110100111110101010111001
1110001111010101110100111001100000100101110110101100001001011100
0001010100100010010101000100111100101000101101110010001110010101
1110000110110010011111110010000101010001111001111000000111111100
0011100011011110011101000000101001100010011001110011111100000001
0000010111100111111111000100010110101011000101101100111101110010
1110100110111010101101001011001010110110010011011110010000011111
1010101000010000110110110011000000000111011110111101110111001110
0100100101001111010110100011100101010011001101001011000101010010
0101100110100010000011001000100100100011011101010111001000100110
1011101111011100001001111100001100010110000111101011101011001100
0110011100011011000001011100111001010011011100100101001010000100
0001100011010010001000101010011011001110100010100110110100010001
1101001010001110000110111001001010000100100101111001110000010001
0001010000111010001110000011000100111011010011011010000001001001
0101100100000100110011011001000111001101010100111101000111100110
1110001100100110111110011110000010100011101110110110000111110010
0000100111010011010100110100101001010100111001101100100010000101
0111001001011110100001001010000001000100000110100111110011100111
1110010000110101001001100100011000111111011001101011000010010110
0110001001010111011011000001011000101001100000010101011101110001
0011010000011101010100001111000111110101110101001111101010000101
1111110001101000100110101111001000111100011101100010100001000111
1111011111001111011001101001010111101101100000011011000100001000
1011100101001000110110011001101011100100100011110100000111010110
0001010100111000010010010101000101111011000011101101111011100010
1011011101011011010011101010010001111010000111100000110100011010
1111011100100100111111001010010010111110101111011110100101001001
0001101110010110010100100110101100000101011011001110000000001001
1010010001110011110001010000101100101111011011010011001100110101
1001001101010001110110100001000000110101101101111011010100000000
0110000111000101000001000101110101010111101000111000101001001110
0000010000001100001011010001010010010011001101101011011000101101
1101011000010110110100111111110100001111100011011100101001101001
1011001000010110100000010100010010011000001000011010100001101010
1101001100011010100100111101101101111010011110100000111000100001
1011001001001010110011010100010111011100011111011110101111001001
1001111001110001011101001110010101011011101100101011101110001100
1000111001110100010001010011110110011000010101111011010100011000
1010101101010000011111011100101000011111101100111011101010110000
0001011101101110110111010111111001010000110100111110010011101011
1010000111000011101011100011110110010010001100011011001011001000
0000000011010101001110111110101001010011100100000111111101000101
1011010111011111100101001001011100110001101010110101010011001011
1000010000010010110011100010111010101001001010001110111110101001
0100000010010011100000001010001100101000011010101011100000011100
1011011110101011110111101111001010111001110110110101001111001111
1110111111000101000100000011001000000010100100100000001110111000
0111111100101110110100100101010101110011010110111001111000001001
0001001111001010010010010011101100001010001011001110110111111111
0011101110000111011001001010100001110000111001010010100101101001
0110010000000111100001001110110011000111111010110001010100010011
0111101011010100000000111000110011101100100001001100101000111010
0110010110010111011110000111011110000011000110000110011001001011
0000101111110000000001101100101110000011000001010001100101000111
0110101000011101001000000000101110110101101110100101111111000111
1100100111101101111100110101101001010001001001001100100001111110
0101000101110011001011011101110010000100111110010100001111100111
0111010010101000011110111111000101001101100110101101010000001110
1010010111011011010111110110101011011101110001001010010010110100
1010111011100010101000001100100111000101010100110011011000001100
0000111000011110101110001011000000101101000010001101101111100001
0010101001000000110000111110101101000011001001000101101000111111
1010010100011110011000010010110110001100010001111000010110000011
1010010111100111000100010101111001010101110001010000000101110011
0001110101001010100001011100010010001011100100000110011100000011
0110011101011110010000000110101000101101000011001100010010010010
1010010001111101010001101100100100010111011111000101101100101000
0100011110010011001101101110111101101000000010101111011111010111
0010100011111101111111101110100001101110100101111001001101001101
1011011110110110000100000011000101100110000010011101011010001000
0001110000011000001000010010110100110010010110111011110111000111
0011110100001011011100001110010000100001100111101101001011000110
0000101000011101100100101110000000100100010101111011100111010010
1111001111011011110001000100010101110010001101100010110110110000
1111101101010010001111010101111011100101000000111001111111011000
1001110111110111110010100001110101011110111111101000011000001111
1101011010011111011000001101101100100011011000010101111100111110
0111001011101111010111100011100000101001101010100101011111110000
0001111000111111110100001111011111000010011111111101101100101110
0111111111111101010010001011110110001100011101010001101000010100
1010110010011100000000101001001101010000111111000000011000100010
1110011001010001101011010110011110000111000110000100100111110011
0100000000000011001110110000010100011110100000100001000001110000
1010101100100010111001011011000101010000010110100111011100100001
0011001001011000010100011110101010111000101100110111100001001110
0111011101111000111110101110010000011110100100100101001111101001
0010100011001001110010110010111000000100011101101010011111011000
1110111111101001010010101010110100111110110001000011001011011111
1100010000011100010101100000011111111011011100000010001110100011
0100001010001101111111111011111011101101001010110010000010001010
1110110101010011001011010001101000111000011000111001000111110011
1001111100111010000010010101010000010011010011101111111000000100
0111001110111101101010001001000010101100011110110111100100101011
0000111110001110100101100001011000000000110110001101110111010111
0000101000011001111011001100110010100011010001111110111000100100
1010100011000101101100011010011001110100100110010111100110101011
1001101101011001110111011001100110111010010110001010100001011011
1011110111111000000001110101001110101000110100011000110001101101
1010100110001110001111110100110011110110001000001010111010011001
0110011100110000001000100110100011001001101111000010101000000010
1101111011001101100001100001101101001001011010000100110111110010
0001010001110001011011010000111001000001011111110000110110001100
0011110011111000001110000000001100110111001110000101010100110101
1101110010011010111010100101101110101011000011110111100100101101
1001110000011010000010101111110111011001101100110010000000001001
1011101001101110001101110111000101100110000000101101011011001010
0100010011101101001010011011000010101010111010011110101010001111
1000111110111110110110110111100111101101100111111000000111001001
0010110010000100100010100011010010110011000001110010001000000111
0010010100011111110011110000011111110010100001001100100101100011
1011001100011000010111011111001011000101111001110010101100100110
0101100000011110101100011100110110100011100010001101011100101011
0001001010110100100100011000110010101010111111011110011101101100
