0110011110111101100101100001101101000000101110000100000111010011
0100110100011111100111110110100111011110110101101100010111101010
1111000001001111011001111010001111011001001010000011110110011011
0101000011000100110111100100011000100101010111100100100101011110
1000100111001110111100000001000000100101110100100000110111101000
1011000100100111111001100001110001100100110101010011001000101011
0111101101011000101111001001111110001101001011100010000001011000
0010011110110010101100010100111000000000110110100011001110111111
0110010100000110101010101100101010111001010110011001101101100001
0001111111101101100101110001110010000001011010100010100100101110
1111000101000010101101010001111000011110110110110100010101101110
0100111011110010110100011100001011110011100110111011110111101010
0010100101001100001100010000100000000010010100010001111001011011
0011111100000011111101111101011000101110000101011110101001001010
1000111000110010111111110010011110011110111000000111110111001110
0001111011101110101011011011100110001011101011011100100001100101
0101010011010110101010100111111001101011111001011111000100100011
0110101010110101101111101000111110100011000010011110111001010011
0000001001100010111101000000111110110110101001111011010110110010
1111110000011011000111100101100010010100101110101011000001110011
0100000101110110110111010110111010001000000110011100110011001011
1101011100010100100000000110011000010100111010011111100011001001
0001010110010011000111101111100110000001110100011101000010110101
1101101110111110101011100000000101111000101001111010010010001110
0000010001100010001000110011000111100111110011110010100011101111
0001011111101011000101000101011110100000110000101011001101010100
1001001010110101010011011101000010000101110101000100010100010011
1111100100110100100011000101110001001001111110000001011100000111
0000011010011110010110010001101011000110100101110011000000010000
0111101100111110111000001010010000001101111011000110000101110000
0100111011100101110010000100101000101111000111100000101111100000
0110111111101011111111100010001010010101010110010110111111001010
0101111111110011111100100000111001100101000110001111111100101101
0110100100000101001110010101100001111011001001110011101010001001
0011000101111111000100110011011110100011000111001010001110000100
0001100100110010100000100101001010010110010111111111100110100011
0000001111001101110001000010011101010110000000000101111011010011
0111100011100111001001001101000000100100000000000111001010111000
0110001011110110001100010101011001101000101001000000101011101101
1100010111000100000011100110101000010100100111001000110010111000
0001011100111110001001001111111110001011011011011100010011101011
0110000000111100001010011000011000010100011110101101110111101001
1010100110110001001110101000100101110011000110111100110101100001
0010100000010001101110111100111011010111110001010000101110111011
1110101110100110010111010100100110010011101100101010110000011101
0010110001110011111111110011110000010010100110010100110000010011
0000110100110011101110100010101101100111110110010101010010110011
1110110000010111011011001110100110111001000000011110000000111011
0110111101011100101001101000100000011110100110101011110000111010
1111101111111100101000111100000001010000001011101011011100000011
1010010011100111100110111101110001111111000111111000101001110011
1110101100101110100100101111110101011010101000011000110011101110
0000000010010001010100110110110100111011110101110110011111011101
1111010000101001110111001000111101001101011001010101010010100100
1100101011101001011100111111101000001000011011101111111011000100
0101111010111111011010000111111010100000110011001010011011000010
1101110000111011001110010011000010000111000000111011111110100110
0011101111100011010101011000010100000000111111100111101110001011
1101010101010001111011100101010011101000101111011001010011011010
1010001100011110100001111111101000100011001110111000100110101100
0001000001100101100000011001001110111011100100011101010010011100
1000010111110001001000010011110011000110000011110110001101110100
1110010111111111111011001001110110001111111101010001010101100001
0011010101111010010100001100111100001000110001110000000100101010
0011111111101110100010110001001000001011110110110100111101100100
1100110111101010111100000100111010101000111101101110100101111101
1000010011110001000100110111011001100110100110111111001101011011
1010111011001001000011001001001011100010000001111001100001101010
1100010110010011110101000111001011001111011101010111111011101001
1100111111110111100100110111001110000011011111111111101010010110
0001010100101110111111001100111110011110010011011111010011011011
0110110010001001010011011010001011000101100100111111011010001101
0011011011001011100110001010000101010000010001011101000101011010
0001011000000110101110100101001010001101011001111010000110000000
0000110011100100101001100001111100101100110001000011001000010110
0101001111100010100001110111110111100110000110101010000011000111
1110110111010010000000001011010011110000001010010111001111000001
0011100101010111001000100011010000101100110011110011001101010110
0010010010101101011000000100011111001110101000100100110001111111
1101111000101111111101111010011010101010000100110001010101001101
1000110001010100001110110101111111101010000111100101100000001101
1100000001111100010101001111100111001100101011000100101111111101
0000010000100101111000111010110000111001001001111011011100110010
0111011011010000000111101110000100010011001100111100011001111100
1101101001010011100001000011010100101100101000111100000101001100
1101010111010011011111100010000100100010010100100010000001000101
1100011001011110100011000100111100001010100011100000111100011000
0101100010100001001001011101000011011011111000001011001101101010
0011001100000011010110000110011111000101110011001000101100110111
1010010111001010101100101111001001001011011000001100001010110111
