0100111111011101011111000010011010100110010011100011110101100000
0011010100101110011010010100100101010101011111101100111001111110
0011010000111010110111111110011100100010001100001100110101011100
0100101011001110111011001001010000110111101101010110000000001111
0110101100110011011100111000110101011011110100000000001100111000
0110111011001110000110110011000000010001100100011110100010010000
1111010111100001110110101000110001100001000100000101101110001111
1110010011010110001110110011001000110011100100101001010011010010
0101011111001100010100010111000011010110001000000011100001111110
1010111101110001000010110001111101000111100000111001111100101110
0011101100111000000111111011010111110100000100100110011001001110
1101110100101101110111100000010001111010000110010010101111001010
0001011100011110010010010010010000100101000100000100101000010010
0100001000010001001101101001111100111111000010101101111000100101
0111000110100011001111011001110011111100011110101111000010001110
1010110000000101011100011000110000001011100011000101100100001000
1110110001100111011000111100111110000001100111001010111001000111
1100011100001011011011010011100100111011110000111000111101100110
0110100110001011010100000110111001000101100110010001110111000010
1110000011000100110000101001100101111101100111101011011101110101
0101001001001111011100011000011110010011001111101011001011001011
1000000011101000110111001011010111011001000111101001100011010111
0001111101010001100000010101110110010101010101101101010110010001
1011011011101000111000000100110000010110111100010110100111001110
1010011000100001111001100000100111111010010111111001111011000111
1110010001110101001001001001101011101001110110111011111001011110
0110011111101100011001100001011111010100100101101010100101011010
1101010001100111100001000110010111010010011100111011110001010111
1111011000000101001111111100011100101001001100010100110001011011
0100010100100111110011111110001111110010000000111001111111000000
0001101010010110110101101100001000110111010010010111101101011110
0000001100000100110110101000110110001001010111101111011110111011
1001100110101010110111101110101001000011000011001010101011100001
1110110100111101100101000001001011100100100010010100010001101110
1011001101010100101101010000101111000000110100011100101110100100
1000000100001000101011010010010100110110100101111000011001101010
0110010110110101010101100111110011101111111111110000100000111010
1001000001100010000001000000111011101001110110010000010001101001
0001011110001001000101110011100000011000000001010010100100000010
1100101010111010111110101001100101010111101111100110011011000110
0100011000101101111101101001010001110100000011101110000111100011
0000100100000011110101000111010101101000010110000000111111010010
1110101000101100101001101100100111100010110100011110010010110110
1011011001110100110110101010100111011010011100010000011000101010
0000111001010001011000101011111100011101010110000100101101100011
0101110011110101001100110100100100110101001001001000100001010000
0001111101000001111110001111010010001010110001100100000100110010
0001101001001100101111010000111100100000011000010011011001011100
1110100010101110100001001110000100010100111111110000001101111101
1100010000011110100011100000101000000111010011000001111110010101
1011010101000111110111111110000111010001011101111111000011110001
0001100011100011101111001110011101010010110101101011111100010111
1100010001000111110001010010001011011010111111000110000110111111
0110111000011000011011000010110000000010001011001111110001111111
0110010000100001000001101101000110100110001100010001011000011001
1100000010101100001010010011010111001001111001001011110000100111
1101100100011101010011100101101110100000000011011010101110011011
1010100011101011110100100000101101011010101100110111000011000001
1011010000010000001011100110101110000011100111001110101011111000
1100111000100110010010001101000000000001111001111100100011101000
1010100000010010111001110111100000001100110111001001111001001001
1011000110110101010011000101011010100000001111011101110011011101
0011110110010001100010100110001010000110000110001010001101000000
1001100110001001100110010000010000001000111100100010100101000001
0111001011000110101000001000110011101111100011001101010110010011
0011101011001000011111000011110001010110010110110110010110010010
1010001100110111010101110001111100000110101001101001001110100000
1100101011100010010101101010111011110110111011100111110011110111
1001100010000111010100000001110000110100011001101001001111110010
0001110100010011110100101000101100011011001110010011101011100010
0001100001101010000011001000000111110010000011011100011101001011
0101111111000101101100100011111100100011101110110001100101010110
1111111000101111011001010011101011010111101001101011011101100100
1011001110011111100000000101010100000101000010111010101101001011
1101101101111111111110010000101101011110110000001000010100001010
0010001010011110101001101010101100110110100101001010110001011010
0001011110100010101100000010101110001110110011101101101101000101
0101000001110010101100000001110101101001111110100101111111111000
1110010100010010010101001010011010100010011011111110110010111101
1111111000110010011010110110110000100111111001100111111100110110
1100111000011110101000000110001100110000101110111101000011010001
1101100111001110110111101111000010100000101110100010000100111001
0101001101001000000101110000011010101000011000010101101110100010
0011110001011101000110110000000011101100010001000101001010011101
1111010100011000101100101111110100011011100110001111100111011100
0000101001000101001001011101111010010000001010110110011100011010
0110001001000011000111011000101010000000011111110000010110110011
0010110101010010100011111111101101010110011010101011111110010011
1010000111010100111110001010100001110000010000010001000111001110
0111100110001011100010010111001011011101010110000001010111110001
0011011111110101111110111001011001001001101100111100101010011010
0001011000000011011111111111110111101110000101110000111001001010
0010101100111101110111010101010011100111110011011100110100101111
1011100000111100100100000000100011000011110010101111001110011111
1000000000010100111000110101010010110011000010000010111001000010
0001001000111100110110000101010010010110010100101100010110101110
0101100001000100101010110110000111010001110111001111101011010010
0100110110101100011111110011001111010001101011011011001100010111
1010100110010010000010000000111001100100011110101011001000110011
0001000001111011100000011101110011001101100101110111100111111011
0011110111001010110101001111110100010010011010110001101010111110
1110110101100111000001001001110101100110010010011101101110100001
0000000011110100011000110001010011010100000000110010111110110010
0101010001100101101001001101011111000111100101010010111010010111
1000100100010011111110001111011101110110011101010000011010011000
0111001100110100011100110101110000100000111111000100110101101000
0110101000011000010110100100000111111010000101011101110000010101
0101100110101111100111101111110011100100011101100111101000001100
1101111101000010100011111100010010101010110100010100100011011011
0110000100011100100101111111010000111011000011100100110111000111
0111101100011101100101111110110010111010001101011111110101000100
1011111011101100001010011010111010101100000001110000001001000000
1101010110110110000110110000111000100101111101100101100111100100
1110010001111001101011111101001111000111001011011011001111100010
1110010100110001101010000110001101001110001110000110011110011101
0100001110101010110011101101011101001110010100011011110101111011
1010111110100001101101001110100111011111100010111101001110001101
1111010000001010100000111100011101011000100001000011100011001010
0010110001000110100110111110111001101010110111000101100001110000
1110010010011001001011001101011100110001011010101011000011010010
0011111111001100000101001100111101101101101100101100010101000000
1111011100100110001111100010011000110001001110010011010011101100
1011100011110001101000110111011100001101101011101011010010001000
