0000111101110000011110010100110110011101111010100101101000100011
0100000011001010010000110111111000011001111101001111010010001011
0110000100100101000101111111011001101110101111111111100001001111
0110000100001101010010110111110011000000111011111110000000111110
0101001101011111100000110001000101111010101101101111111100111011
1011010110111000111011010101110011110100000011010111101000101000
0011000011110010110001011010010001101110110011011011100000110010
1001000001001011011000011001100110010000011010111010101001000011
0000100101000110000010011001101000010000101011101110111100111100
0101010111100101100010101011110001110110001001110101000101010101
0000111100111110001111011001101000101111101011011000100100001110
0101110011001101110010000111001000010111100010001100010111111100
0110111010111000011110011001011101100000110100101011000000010100
1011100010101011010111001000110101000110100111100111000011010101
0010000111111001101010110101011111111001011001000011111110011110
0111110010011100000001011000000010001010111001001110110010010011
1011110110100100001010010100111011111110110100010100011100011110
0001101100001010111110010011110111001110100000001011001011111011
0001101110000011010000100110100111110001111010001011011100011110
0000110110001101011111001001000110111001000110111001111011001001
1001101101010011000010100101101111100110111110010100000011101010
0101001010101100101000001101110111000000011101111001001001001110
1100100100111111101010100011001011111000010111010111110001001000
0001001100000110010010100110110000010100001000110011000001110011
0011001001110010001111101010110001101010000111000001111110010111
0101011010001110101011001011111101101101101000011001000110001000
1010001110000011011100010001000101011011110100001010011001110100
1010111000100111011101011001011011100010100011101100110111000011
0011110101100101011011001000000001111011110100000101100100111000
1101110101111000101111110000011010101010111111001100100010101101
0000110100110010011011011111011000011011010001110010110000111000
1110010000011000101111101101010100010011110101011010001110011110
1110010111101101100001010101111011101100010001011011011010111010
1100001011010001011111000001110001010101110001011110111000010100
1110011100011100100101010111011111100011111111000101110101011000
0101010111001110110100111110111010111000111101111001110111011111
1010111001010111011001110000000110110001000111111011100110000000
0101100100001111101001000111101101111011100001100011010000000011
0100111001001101111001110010001011101111111001001100100100101101
1010010100101010011010111110110010101110010001000010001111000010
1101100111011010111111010001111111011010111011000001101111000100
1001010111001010111110111100101000110011100110000110010110111011
1100111001100000111100101001010001100011110001001010011101111011
0110101010010100001010010001010111110111101011000001100100010000
0010011000100110011111001111101101001110110000111000000111101110
0001010000001011111000000011010001010101001111000000111110010100
0011000100001101100100010001011001010011001110100000011011110110
1110010100011000010100110100101110001000010111000000100110100011
1111110011110111011001101100101011010110011010011001100010001101
0111010001110101001110010100100111001000001110000100111110100110
1111111110100011111111000100000101000011000111110110111101101001
1001010010100001010011110111000011100011000111001010010111110110
1110101101110101100001001101010101001010001011100011010010100110
1010101000011000001110010011010010111000110011011101000101011001
0101111101010001101111000110000010010111111011011001000101010110
0111000111101000001111000110011010110011001010001100111100000101
1001111111111111110010010001000011001011010110000100001100101111
0001111000011001111101111111111011110100101001101110111111100000
1010110110110100001011000011000111001010110011011110101011001101
0110010001101001100000010111111100011110001010100000100011100010
1010000000111000011011101110101010110000010010110111001001100001
0110001010101000001100011101001101011101100101010111100001111011
0100001001010111011100011111111000010000100111100111100011101010
0100001000000101100011110110110111111010001010110110000110010111
1101000001110000001111111011110000000101111001100101111110101010
0110011001111011011101101111101100110001110011111011100010000011
0110101001110001010000100011011111010110100110011110100101011001
0000000001010101100110011111001100010010100101111000000100010010
1111000111100110011110110001110011100101101011100011100001010010
0111011011010001110101110101110010011111100001101100010000100011
1000000010001110010100111111000001000010111101000010100101000001
1101011000001011011011110001111101011010011001001100111011100011
0001000000100001011100110111001111000010011100010110100000000111
1111011110010010111011100101001011011110000111100100001010111010
1001101110110001110000111110111100110100000000000011001111100001
1100111110001010110101000100000111110010110101111001001100110000
1010000101001110001111110011101001101010100011100011101111001110
0011001111000010010100000010011111110010011011001101001011000010
1011101000000000001101110011101001000101010101101101111110100001
0101101000011101000111011001100011101110010010100110101101100011
0101100100110101011000101010001010111011011000110111111101100010
0110011110011111101010010101001110010001001110011010101001101101
1010110010100010001010111100001110111100100010101110101010111000
0111011110110011100110101010001110001110100111011001101011111001
0010110100111101101100111011011100000111000010000110101111000001
1000001100001101001110011010000011111000100011000010110110101001
1010000110000001101001001001101000111111001001010010010010010000
1111001001010010101111110001110011100000100101011011101100000011
1101010010111111010100010111001110000100111001100000100011101011
1000101110100101011101001010110010110001011101011101101011001001
0100110010111000011100101101010000111111100000100000101010001010
0001100010110011101100111001001110010001111111110000100011101011
0101100010100100000010000110001011100101011001010001011111011110
1001101110110110000011111000010010001101101001101001110101101111
1000100010100001011101101011101001110100111111100001110110111000
0111110000001001010000110001010111001110010000001000110001110110
