1010001001111011001011101001100111100000100011110100010001000000
1011010000011101110101001100100100100010001100100111001001110011
1011110011011111110111011111100101101001000000010101100010101111
0110110101110100000011101101110000110010100110100101000101011010
0100101111011001100101001000011100000010111000001111100100000011
1011100010100011101110000000011100110011111011100111011101110010
0010001111000110011101100010001001101011100110110011011110010000
0100101111000100001011000110011111000100011110110001001111010111
0111011111110110110011011100101101100000101001111101111100010001
0110101010100000001010000001001011110001110111111100101101110111
1101010000011001000100011000010010001001000001010000000001011010
0001110000101110011011110100011100101111100000111011011001001001
1000101010110111100000010110100000011010100010001000111001100001
0111111110011100001010010011011111010001101110000011010110101101
1110101101010100101111000100101101011101010100111011111110011010
0110111010000100011000000111011101001000000111110011001001101000
0010111000011001011111101100000110100001111011001010111011110100
1100011111100001110111101010100010100101001010110101010001000101
1011001111010110100110001100101101110001011000000110110111111101
0111011010010011111011001100010000110110111110011101001010100101
0011110000100000110111111100001010001000101001011011000010111111
1110011110011010111111011001101111110011001111000100110101110111
1001010000001100101100000101011011001110101111110110111110111010
1111011110111001010101100011011101101011100000010001010011100001
0110101001010001110110000010010101100101110110010101100001100011
0110000000010110111111010110100111100111101000110100001001100100
1010111011110001000100111011111101100001111110000001011010001111
0100010110010001000001011001001001010101011110000100011010010111
1010011100110111101101101010110001101000110111000010000101100000
1111011000001110011011101100001100010110000101110100111010101000
0010101110010001101100001001101100111001110001011011010101101100
1001001011001110011100110100111011010011000001111110010110011001
0101010101001100010011111010111101010110000010011000010101100111
1111100011101001011010101111100001000011001110111111011100011111
0011010111011101111001110001110110011010000010101000001100110100
0000101101010111110101011000001010010000010100110001110100010010
1000100111110010001011111110011110100001010011100110100111010000
0001011110011110111011110001111110000010110011111101011101001100
1001100011001010010110100000010101101011100101001001000000101101
1101111011110000101010001101110011000111101100010100101100000100
0101011011111011111110111001110000011101010111011001011110000111
0100011110100111100010100010001010110111010101000011001000010111
1100000100011001001100100001001111010010100001011010100110010100
0000000110110101010101001011100011001010001010000001000110111111
1101010111001100010010000010010110001100010110100011011100111010
0111000010101100000011111110111011100010110010000001011001010100
0100000101001111011010001100010111101010010111101110010010101111
0110100011011000000101001001100010010000001110111100011110001011
0110010111110000101111010101100011100010100111111110000000110100
0011011010011000100111111011101101011010001010001111011100101101
1111010011101101111010110100101001010111101101101001111110001001
0000111001000000010000110010000101111111101110101010110110010110
1100010001010011101000100010111101010101100001011011000100110011
0100100010001001111011010011100011100011101100100100011001000101
0111011100001111001001011011110100100000110010000011010101001000
0011111001100101111100011100101010001100010001011001011101101111
1001101111110100100110000100111011011100000000010011100011110011
1110100000000100101011100110001011000011010101001100001001111100
1010110111100001010100010110111001001111110101010010001000001001
1101001100000101101010010001111001110111010001010101100011011011
1010111100001000011100011101001001100001001101110010011100010010
1101001001101011101001100110111000000001000000001000100010010000
0010110001010001000111010011001111111110101111000100011111110111
0001111101011111010111010111100001110110010010010101101001100011
1100111010010001111100110011001001100000111000110100011100001110
1011111111101101011010111001010110100011110001001101110011100111
0101101111100000110000101100010101001000110100011101111111100110
0001000111100001111100010001011001000111100011100111110010100101
1110011010010101010001110101101110010000100100001110110000011101
1110000000100100100100100111010000000110010000110110001101100110
0000010110001000001111110000101111000100010001101010010101010010
1001111101111110101011110101111000101101000000110010111110011100
0001100001100001000011010001111011110111111011100111001110001000
0110001111100100100000001111010100000100101110001100111000000101
0001110010110111001100110111001101100110110101101001100111010101
0010001001000010111010011011100111100000001011111100000011101011
0010000101111001010111010001001100000000010100001101111101100010
1011010010011101010000111001001001101110110001111000111110101010
1010011100001010011111010110101001010011101100101010110000011010
1000011011010101110011001010001000001011011100110011011010110111
0100100011010000010011000000000110100000010100111101111000101101
1100111010111011000001010111000001000101000100011101101001011110
0111000010011111011000010101001111011000010111101000001110110000
1101011000000000110001000110011000011011010011001110110101010011
0111101001101010100101001100110110101000000000010001000000100110
0010111010111001001010111101111111010101011110110000000101101011
1011000011011000000010110001001100011011110111001100100011001010
1001111110010011110110000001101100011011000111000011101101010000
1111101010011001101100100110001100110011011110101000000001100000
1101011000111111101110011111111101110011111010010001011010000011
1011100101011001010111101011101111111101011011110110101000110100
0000110110110111101001000000011111001101110001111000111010010110
1110011101111101111001100110011111000010010101000001100000000000
0110100100000101000011101110001010001110101101101111111011001011
1000110010111001001011100101110000001000010110000111010001001011
0110011000001011111100100111000010011010111000010110100010011101
0010111011000101000101011110100010000101000010111100110111101010
1110101000111011010001101001011010111001000001010110001000100101
1001111011111101000100110000101101011001110110110011000010111000
1111010110001110001100101010011000000010110010110111111011101100
0010100010001100011101000000001011001011100100101100110110001010
0000010111001011010000000001111100001111011011000100000101110011
0011101110010101011101000000110100010110011110001000100001100111
0110111011101111000101101001100011101011000011101000110011000110
1001100001000011010101100111010101101000010000101000101010011110
0100001001011010010001000010011111001101100110001110111100011100
0100100110111101010010000001100000010010101011100000011000000010
1110100011101011011100000010110010100100000001110011101011000100
0110011111011101101000011100011000110100110011010100001101110100
0110101111001001101111010101110010000111111011100000101011011011
1110010111110001110000101000100010000011000001011111001000010001
0001101110001101010001111000110111010101011111111001000010110100
0000011001000000101010000011101100000001101101010000100100000110
1100011010110011100001010111111111010000110010010101011001111101
1110000000101010001011001100111101011110110000101111100111011010
0011100010000110111011010000000001001011110101010111010100000001
1000111001000011001111011110111000011100011111010011110001100111
0101001001010110000001110010111001100000001100110011001101101100
1101000011001111100111110101100010100000110000110010000001111101
1010111000010001011001101010110010010000101010001010101110110010
1100100001010101101001011011010100110001010111101010010001010111
1000011001111111101110010001010110011000111101010110001101010100
1001100001100011100001110010011100010000011101001011000100011011
