0111110000000110010010011011011101100010000001111110010010000000
0110011011100110111000001011010000100110010010010101110100001101
0101001000011001111010011111111100001110011101101100001110001110
1101000101011110100000001110000100010000111101000111001101100001
1101000100011011111000110110110000010010000001101010000101101000
1111101101101111000110011101000111000001000111001100111111010110
0010110011010100001011000110100001001100010011011000011101010010
0110010011000101100101011100101101100000001100000000001011110001
1001001010001011001101000110100011111100110111111011100011101111
0110100010110000110101100011110001110110100001011001100110011110
0100011011111001110100110011111011100111101010111110100100111101
1001110010100100011101001110110101010110101010001100101110110101
1011110100101010111010111110010100111111001111111110010100100011
0110110110101111100011101001011111111000101100110100011110111010
1101010001111000111101111001101011010001110110111110111010111100
1100110000001011000110110101001010000111010000010010010111100100
0001101101000110110000100001000010111100010000100001110100101011
0110100000000010101101010010101000010000001010110110111010011111
1011011100011010111011000001000110001010010110111000010011010000
1110100010011100000100001100110001011000001100100110000000101100
1110111001101001100100111010010110100101000110011111001110010001
0010101000111011110101100110001001100011110100001111101010110111
0001101011000010011111110110110100101111010010100100111101011010
0110011000100001110111101011100110111101101100001001000100110011
0110011000000111100010000111111110110000110111100110101110100001
1011110101001111101110101011000101010001011011111101010100000000
0011001110000101010101101110000010111010111000000011110111111101
1100101011000100000111011000100010110001111101000100110001110010
0011001110110101101100101010010110110010111110001010101111100000
0100000000100011110010010011010011111110001001000111111011101101
1000111000101111000110100101011111111000110000010110010110001001
0100000111111010100011101110010100100100111000000011110110100010
1001010111110110011001010100100001011010111101111100011110010001
0001101100101001100111011010110100110110111100110111111011011000
1000001000011011001001110101101000011000110100101010000010111000
0000001101111000000001001010100001101000001001000010100110101100
1101100110111000100100000100100001001011110111001011101000110000
1110000001101001111011000010101000000011101100011110101111100010
0110101100111111010111111011011101101001000111101110100110000011
0001010001100000000010111101010110010010110111110011100010100011
0010011010111000000100111001100101110010011101111100110110010000
1110011101101110000010110000001010010000100000111110010011110111
1011101001011010111110101100010101010010101001000001010100011100
0000111111011110000111100010010001010101111010000100001100110110
1100100000100101111100101010011001000001111000001000011100010111
1100001110101111111010010000010001100000011111110010010011111001
1110100100000011010100011000001011000010111111100011100000110110
0100111101010101111010010011010010110001111000110010111100000011
1011110011110001101011000001011010101111010010100110101011010100
0100010010001000011101111001011000100001100010111001000010100101
1001111111111101001001011000100100010111000000001011111100100110
1101110001101011110000010101110000101111000000010110111101010110
0010001001000001111100101001010110000010011100111011011000000010
1000000000000100001111010100011000000101011111101110010101000111
1100110101011101011111000110111011001010001001011110010000100000
0111011010000000101110000111010000001111100110001001111101011110
1111100100010000000101100010011001010001001000011011011111101011
0111010111111000000111000001101001111010110110000010001000111000
1101011001110110001101110100011000011110000010011101111110001101
1010110100100001011110000110110100111111000110000110100101011110
1001100101010101110001010000110110000101111110110010010010101010
1101010001100010011111110001010010001111011010001111101010110001
1110010101100110101010010011100110100001101101110010011100111111
1010010010101101111001011101111110101111010010010011111101110110
0000101100100000111101101101011101111100110011111010010100000010
0100011101110001001000111110010010000110101001011000011000001111
1101010000111100110110010100000110000011010001000110110011000100
1010110100100000110111010110110100101001101100001100100111000000
1100000101001101110110011011011001011101011111010101011100011010
0010101001101101101110011000101010111000010101010100110000001101
1111111111101010100010100011100100011111111100110010010000000100
0101100011000000111011101110100001100100111101110101011000110100
1101101100011110011001010100011010000001001001110010111101010011
1110100000000011110010101010001111010010001011010001000001111111
1111010011100010100010001110101111110010010110011100100010000111
1010011111010011001011001110110000000000111111000100001011110011
0000000110011000111110001010110001010011011001100111101000001110
0001001001001110101101011010001011101000110111101100111111011110
1101100001011011011100011111011010000011100100001111111101001110
0001011000111010111101100001000100000010010010001101001100110011
0111111101100110000000111101100100101101000100101010011001101101
0011000000001101010110010010001111100101101011011000101000010110
0111100011111010011101001111110101110001001001101010010001000010
0101111001000111100000111011110001111111111010001001101100000011
0100100110111001110101001101100001101001100000101001011001011010
0001010111101111000101000010101001000011100101111011100101100001
0111101111101001011111100100111110101010001101001101000110010010
0101101100000111011111001000011101000111100011101100000000001000
0001100010100111111101110101101101100001011000110101110111000100
0010010101100001101000101001110001111000101101010100110001110011
1011000010001000001111100110011110010100101000111000011010000011
0011001001000000111001101010111010101110010010011011000110110101
1010001111000100001100111111111100010110101000000001011100100010
1111010010100111010000010011010011001001000100000001111011000011
0000110011001100111110010001001101001001100001110100001001010100
1111011111101000001011011101110100001101001101011000101010011001
1100010100000110100101000111101010100011110000110111000010000010
0001100011110011101000000011000011001010110101011001111101011010
1101110011111011001101101111010001111001001110100100111010101000
0011010000011111110000100111100101010001011011111101111110011111
1100000111000100111010010101010111001000010110100011100111111110
0111100001000000110110001100011110000101111000011101111010010100
1100111101111101100100110101100001111101111101110011111101101000
0110010111110000100100111101010011100001010100001001110000101101
1101001001001000010100101100100111100001000011001000100100111010
0010000001000011100110111100110110010101010111010000000110111101
0011001111110110000010111000101011111010100011011010100110111111
1100011000001101011101011011000011010000110101101010101110001101
1101000011110111001011010011100010111000000101101010110100100101
1000111100011101100100110011011110111011001111100011010101000111
0101111111000001111001111000100010111101100010101000100010000011
1101111101001110011010101100011111011001101010010001001110100010
0000111111111001111001100101111110000001011100101100000001110011
0111111011110001100010111011001010000010011111101001110101000000
0000110000100001011100100000011010110000101001000010010010100000
1010101100011010000110100001100110100110110010001010000010010001
0111001100011000111000000101110010100011000001111111111111011011
1100001011100011100001111010011010101001001100111111101011110000
1100001000001000111111001100100111001001010110100001011100110101
0111100110010110110100100011010110111111000110101101101001111111
1111111110100011010100110011010100000100000110111000010111111000
1011000101111111011110010011100110111101010111000110000101110111
1011100101001101100100000100011000101111001111011011011010101101
0111100110111111001110000101000000001010000100100000001100100101
1011111111111111100100001011001000010100010000000010110010111100
0111001010100011111111011101100101101101100010101110100011111000
