0111011000111001001000110100010100100011100110100110100001101110
1000001100011001111111000011101001100011101001111011011011110111
0100101101010100000011100000001101001100111010011001101101111001
1000011000100101111010000111000100010010111010111001010111110101
1011001011111010001011011000110100110101001110111110110111111110
1110101000100010001110100110000010000110101010100001111011011010
1101000010111001101001010110110011010100010101110000101100100101
1111010100111011101011000011101111010010111100100100111101100010
0000011001011100010010011110011111011001101010000100001000101011
0100001010000101111100101100010100010100100101110011101001000100
1000000101110100011011100001110010000111111010001111011111110000
0110011000111011000001010011101000101001100111111001011010010100
0100010011011101111011111000000010001111111010100111111011010100
1111110101010101011110100101000111010001001001000000010110000010
0010011110011100000111001110101101110101010001110011001100110010
1111011001101110000001101110010000001011100110110111001011001010
0110100001010101101101001110100010110110101010000001011100101101
0111010110101100101010011001101111100000011110110000110110100001
0000011011110000111001010111011001111111101000100011000111010101
1101100101101100011000011010011110110100011101010100001101010000
0000001001000100100000111100111110000000001101011001100100001111
0100011000010000000000000100010101001011001101101010110110011010
1110110010010101101011010111111011000100011001010000000001101000
0111010110011010110011000101101111110100000100110100000010011111
1001110110001010011001111011010011011010011111100011111010111011
0100000010001011001010111000101110110110010101101000110001010111
0111001100000101101100100001110101101010010000001001100010000011
0110100101101100111001000111010100000011100000100010001110100010
1010010001100010110100011001011111100110010110110101010101100101
0001001011101010100100001111000001010110000011001011011001011111
1101110100010110000011010110111000010000011100111001011111000010
1011001110000101110011110001111101100001000111110110110110110100
0100010110101011100001111001011011101011011101100111101110111110
0111111100110010011110101010010110010110011000000100111100000011
0111011110010001000000110000010100010000010101110111111001101000
0100101000011100100011101010010110000100101010100000100100101001
1001110011100111101010001011001100110010010001000100010000111110
1101111100000101101010110111110010101111001010010000010001101100
0010011010000001011100100001001101011000010011000011100111111001
0110101110010011011000100001111100010110111011100111111000101001
0001001010001110111010000100100110111001010101001110111110100001
