0110110000000101011101000011101110001100010001011101011100101111
0010001100101111111101010100001001010010011011000100000010101000
0111010100101001110000001100101001001101100000000101011010001010
0000010100010001011100000010010101011110000111010100101100111101
1000100011001100000101011000011101100111110110010101000000100100
0011101001101000011111111011011110000111000111111001100001100000
1100011010111001101000110000010111110001101010111001111100011011
1000110010101000100110001010110110100000101101100111001001001101
0100101101010100010110111000010010101011110001100100001110111001
1001010100000000011001011100111101111010011010000000001100111100
1100010001111110111101011010110010011001101101100001001010011100
0010100010100100000000000110100110010000001010111101110011100100
0010000000111110010100010001011111100110010100011011110101011111
0111111110010110101101001100011010101010010001101010010010010111
1001010010010010001110011000011010000101101110011100111011000010
1011011110100010110101001101010110110111101001111001011100000101
0010100101111101110100111110011100110011010101011000000010101111
1000010111001100000101011000011101011101001010101110110101111001
0111000001101111011011100111110101110111011010111011100111001001
1101000010010100111011001000011100011110111110000111001111001110
0110001111101000110101001000100101100001100101110101000010110111
1110111001011001111000110011001111100110010010101010111100000000
0000111011110110100101111111010010101110101010010100101010010011
1010001110000001010111000100011101100110100011100111000100111100
0100010101100111000010001001110010001010001110000001111111000010
1110011001001000111001011001001100010100110101101000111010011001
0101111011010101001010110101011101101000000100010000101000011011
1111010010110101100000010100111100101011001001111111011101100001
0001001010110010001001110001001001100100100111100001100000011110
1000110011010010001111101010010110101011100101100110010000001010
1011101010100111010001110010010010001100101110100011101111111111
0011000011110110010010101000100100000110101100000111101011110011
0000111101011100001011111001111101110010001110011110010000110111
0111100011111110001101011011011011100011100010100111101011101001
0011101011111000110100011011110010100010111001001001001000011111
1111000111111110100110101101000101110001100100111011111100101110
0001111101111100001010110101010101011011100111110001000000100001
1001111110010000111111101111001001110010000110011101000110101000
1100100101111110100110111001111111001111000000001011011111111111
1010111011110100111110001110001011001010100001110010101111100001
0010011101010100100000010011000101010100001001111010001000110110
0110000100100001111011000110000011101010000000101001101000011100
0010011111010010001010011101010011011001011010101100101101101011
0010010010101000100111100101100111001011101111011011101001000111
1101010100110100000110100001011001100100100100101101001011010111
1010111011100000111011100000111011000010101101011010010101111001
0111010000111010010101101100010010011110100111001100000111001100
1000101011100111111000100101111110010111001001010001100100001100
1010011111011111011100100101001100101001010011010010011110111110
0010111110100111100010100011100110000010001000110000111010000111
0010100001100011101010110011000010111011001110110111111111001110
1111101101010100011010001101000010001110100011010101110100100011
1011011111111111000101001100001101101101100100110100110101110111
0011101011100011010010111101010101100101001110101110111110001101
1100101000101101100010010011101010000010110001110111100111011111
1000010010100001101111110110011011101101111011101011010000011011
0000001001111101101011000110100100111000100101001000001101110011
0011010101000110101011110011011000000100100101101011101100101001
0000010100001111111111110010011001111110111111101000100011111010
0100011110100000000001001011111001000111011111111010110010111110
1100111100011010111101101101100111001111110111100100001011001100
0011001000000001010100011000100000000001011011001000100100110001
1010011110101001101001110000000000001101010011101011000001010010
1101110011111100000101010010110010111011111001000011010000110000
0001001000011001101010110000111001010010000001001111101100000010
0010010101001101100110111110100100111110100111001100011000001110
0101101111010110100000110010010100101110010010011001001111101001
0111001100000000010111100010011000111110100110000100011000001100
0001101110100100100111111110111000100101111110011000100100111101
0011001001010101000000101011100011100110100011001101111000001010
