0011111011101100110101011110111110001000000101110010100010000001
1111010100111010011110001011110111100010111000000001101101110101
1111110000110111011000101011111011111110000111011010111011000000
0000011011000111000100101111011011011100010011100011010111011011
1100110001101111000100101000010111001101110101000110000010111100
0100001111001001100000011101101011001110011011101001000011001001
1100110001101100110001101011000011011101100000110001111010111010
1000000110000101111010011101111000001001100100111100000000001111
1101011011000001110000111010101000111011000011110101111101101101
1111111011111111101001111111111110110001100011011011101010001101
1101001011111101101100001111100101101000010111101100001101010111
0010100001111111111110010010110111110011111001011110101111010000
0010110000011011010111100000110100101101111111000100001001101001
1110111010100100100011101111011100011110001010000111111010110000
0101111010101000011101110101001100111001000100111110001011010000
0011001100011000110010111101011000000011111000001100011011110100
1111010111000110100001111101011010111101000101100110001111011010
1101101001111000100001011011111001011001100011101101100000101000
0101001101011111010000111000000000001111010011001111011011001011
1111111100110101100000000011010011001001101101111111101100011111
0111011010110110110001101100100101010101111110111011010010110001
1001001000111001010010001100010100100110101111010111011111000010
0111101100001010011010110111101001000111110011001001110001111000
0101000010011010100111110011101111110110011011111101101000000011
0101110000010100110110101111100111010011111000000010001110110101
0110110101111101100000110000001101100001010101111010011100011100
0100001001101111011010011000000010111110011010100011110101111011
0000101100100010101110001101100100100010110101111110000111110100
1001001100110011010110110100101100100000110101100101000001110101
1011100001000101101010111000010111111001110101001010101000001100
0010111101001000111100100011101101011110101110100110000010110111
1000000111001000110001111000101110001000001101101110011110111101
1100110010111001000010100010011100000101111010111001110100000001
0001000110111011101100000111011001110101010111110111101011100111
0010011110101010011010000100001000101000000010100001111110001111
1001111111011001110001100011000110001111001111001101001111101100
0010100000000110110111011101101010111000100000011000111110100101
0011011101111010100010011101000000111000100001011010001111011010
1000010101001011110101111110110110111000010001101001111100001001
0100111110010100001010000101010010001100111001100011011010000000
0101110011111111010010111111111011001101111101101101100000110101
1001100000011110001101100100001110001011100100101100011000111111
1100000000111000010111000110100011011101110010000110110011101110
0100010101100001101011100011101101111111100010011100111001010101
0101000000000001101101010100001011011011100100110100110011000111
0001111101110010110011100111000101000100000001111001110011010000
0101101111111110011011011010111100110010101000110101101011101111
1110100110100000110010101101111001101100101111100100001111110001
1011100001010001000101001111111111111110001100100001011100000100
0001001111011000111110110011001000010011101010110010100000111111
0000011010100100101001100100010000110100110010110001101110111110
1000001001010110101000010000111110001001000000101100110001111110
0011101101110100111001101001100001011001010101110010010011100000
1100100001110010000011000011111001110111001000111110010111000011
1011101101110101101111011111111111110011010110111111110101101010
1111011010010101101110110000011101001001101001100010111001000000
1010101001011111111010100100010110000110010000001110011010000000
1000010100101101101001111101111001001110010110011001110000010110
0001001000010011000100110000110110010110111000001000000110010010
1110000000011001000110000111110000110010010100111101000110101111
0011010101011110010100000010100110100100000110000001110011111001
1101110110001101100111110100101110001110101011110000001011111110
1010001001101001110100101100110101100011110001100010111100011001
0111101101111101000101100001101111110100010110110110100100110111
0111100001001011001001111011011100110000110111100010100000100010
1000011110000001100110100000101100011110101011100111011001011000
0000010110100010010101100111010101100101111010100100111110011101
0110001101000010001000101011000100000001101110110101010101000001
0000011000001010110111010010001010110100001010011000010001001001
1011001111110011011011101000110011101000000101111100011001111101
1011101100001011110011111100011000100010100010011010001011110101
1111011111001011001000100111001011100010111100100101000010110010
0011001100101010000111011100011001000000011101111111111110101011
