0001011011101010010101111000111111000110010010010110001000111001
1111101001011100000001110100011011001100100101101100001101001000
1000110000010000100100000101000001001010001010011110000101000101
1110001101001100110000111101010101100011101000101111110100101111
0100001010100011001101010100101100001010101100011111100100010010
1011101001110110010111011100011000111001111110011011011110001101
0110101111001110001100000111001110000100010100111101010000110111
1111101011101001100010111110001101000001010101101110111111100010
1101101100011110101110011010100010000110011101101010101110111010
1011111100101010101111010010010001100010110010011100001100000100
1100010011011110011101110010111101000000110011110100100111010111
0100001001011000010000111110011100110000110111101110000111011100
1010001110101011111101010000000110000111001010100010000010011100
1001101010001001110010111111110110110000001000011010110100100101
0111110101011111110111110000101001010000101101010001111111111010
1100011101110110010111100100101001110100000001111010001001110110
1111101000011110000010110100110111000100111011011001010100100011
0111011110001101111000111101000110111111010001110110011011000010
0001111000011100010101100011010001010011100110101000100110000100
1110000010101111100001101100010001011010001100010001110110000111
1101001000011000100100110111110010100101101111101111001110101110
0001010101101101111010011001000111000011011000100011000011100100
1001100000011001110000011101011101011010001100010111110011100101
0111011101100110100001010101110100100011000100000011011110010010
1111111010000110110101010111011111011010011000000010101110010001
1111011111110001101110101000111100100110010111101101011001011010
1000001111100000001011101101011011100010111101100010101011100000
1110111111100001001111111100100111100100010110110100010111110100
0011100101110100001110010101111101000110001100000101001110000100
1101111000001111011011111011000010010000101010111001100110111100
0001101011010110111010010100111001011111100000101101010000000010
0001100111100101111011001000010010110000000000000111001011001111
1010001110111000100110111110001011010100101000100111000001010001
0100100111111001001110110111011011010111010010001100111111001010
1010110001110100101110000100110110100011000110110101110010011101
1000000010111100001111011000100110101001011100100000011101100001
1000011011111001000000000010010011000011010011100101010001100100
0111001101010101000010100111111111111010000111011001011001111110
0010100100000000101110010001100011000011001010011011010110100011
0010001110111101000111110011001100100000101011111100101101101100
1110011010100010011111111110001110011110001111100111110011001100
0000111101001110000100000000110011001011111110111001111100001111
1001100011110100100100101100111011001001001010100000001110110100
1010110110101111110110000001100111111101101111110110010001011011
0010110001011010011111101100110101101110100111001111101010010010
1111001110111111101010011000010100111001010101101110011100000011
0011100001111101111011111001000011010001110001110010110100110101
1100010101010011000011111001110000100101000011110101101010010010
0011100011001011110111001110111011010011001111101010100010100011
1011011110001010100111100001011101010010010100111111110000101110
0110010110010100000110101110010110111101000101001110111011101110
1111010010111010100101101101100010101001100011010010111101000101
0100111101111000111001101101010100101111010110111011001001100100
1010111010001000000011000010011101111100010100111001111110101101
1000101011011111100011011101010001100010011011001100101001110000
0011000001101000000101010001100101110010010100000001100001001010
0100110001110000010111111111100010000100001100000011001100100101
1101100001111010010101001100100010110011000100111011100111011110
1000101000101101011000111000011001101111111001101000001100101100
0011110101000111011100100010011010110110101000011110110100111000
0001001011011011001000011110001100101101000011010111111010000000
0110010110111101110100010010001101101000011011111001100010110010
0100100000111011111001000001001100001110000001101110000010101110
1000110101011011101101000111110000111110110101100110011110111001
