1110100001010111001011010110001100011101111011001001111110101100
1101000110001010101011010001100100101101000000011110110110111001
1010110011000001000001011010111010100000000000000011011001001000
1110000000110111000001100101110101000011010000100100111100010110
1111000000010110001111000011101000000011011001001111101011101011
0010101010110000101000001010100101001010000100001100100011111000
1011100101011101111000000100101011010110000001001111011111111110
0110100100000101110010010111000011111100010000011111111001000101
1110110101011100000010010001010101110010010011001101101001001001
1000010110110110010101010110101010101101010010110100101010010111
0001011100000101001111010010101001010011100000101001111010101011
1001011100011000111000011010000101110000110101100010100011111000
0000100110101101110110001101110101111110000000000110101111100100
1000111010100000011111111000000011101010000111111000011000101001
1100000100001101110010011000101010100111000000111101111101110100
1001001111000111110101110101001011111111011000110100111000100111
1101110111111000001001010010100010001000000010001100111100111001
1111000100000000100100010000111010101101100001000111110111001001
1111000101101000100001011100111001001010101110001100011011011111
0101110010101101101000001011100001111110000011000111110000000000
1001100000010011001111000110011100101001001010110010100111001101
1011001010100010011001000000111110001111101000111010001111011000
1000010101101001000110001110111011011101000101001000001001100011
0110101101001110111110100110010100110111010000101011100101111100
1001111001101110111110011100110101001011011100110010000010001101
0000100110001100000000101111010001111011111000111010011100111111
1100111011101010001110100111010101011111011001001101011110001000
1110101001010011111001010111100101101100011000001101111011100010
1101111110011110100001011110000010010111101110111110011101001100
1100001100001000110010111000011100011000110010001001000011111101
0010010100011111101111001001001001000001011110101011001100111000
1001111111111101101001000001100111100000010010010001111011100111
1000101010111011010001100011100111000100010100011010101100111010
1101000100001010101001010011000100001011111110001011010001101000
1001111100011010011011111001111010101010100100111111011010011001
1001001010101010111011111110000010011101011011111111101000100101
0100010000010111100110000010000001110101111000100001011011110111
0110001000111111100111100101100111011011100111011000100001000001
0000010000000001111001001001110100011101100011010111010011100011
0010111100100111101011111001110100010110101101110001101101110111
1111100011100101010010111110101110001110011000010011101110011101
1000011011110001110001001011100010100001001010100000101111100011
1010000000001000011000111001100100111111110001011100110100110010
1010111010101100010110011000110110101101110100011111010011010110
1001111000010000010001101010010111100100100100000101100001011110
1101111011001010011110001111100111101010001001110011110101100000
1110101100101100000111101100101000010111110000100001010110111000
1011011011000011110100111010010010001011100001011100000100100000
0110010111110110111001111101001001010101111000000110111111000100
0001100011101010000111100010111110100111001000010001000010001110
1000100110111111101010111011101110000101011011001011111001000111
1101111101010100110001110011000000111100111011000100101110100110
1000111111110101101111100010110101100101100011101001110111110011
0110000010111000110100100111101000000100110011001001100010100000
0100011101101010100000110110110000001100011100101001101101111000
0110100111001100111110010100111010100111011001011011110111000001
1001110011001101010101000000001010100001100101110100101101100011
1011101000010000000101111001101100110001001011100111001101000110
0101110100110010111101110010011001000010100111010111000001011110
1011101110000110101111010111110010001000111110001001000010110010
1110110111110100100001011100111001000110110100011010110100100001
0111000100001010101110111100110001101100011001100101000101001101
1001011110101101110100000110011000001110101111001111101010001101
1001000110011110100000110010011110100000100110010111001111000111
1111111110000101001001000110100111011110111010010001111100001000
0010101110001010011000010010010101111110001010000011000001111011
0000001011001101101101011100010011101111101101011100000110000111
0000001000010111100101101010101001011100010010011100111101110010
1101101000000010001111111100010000111110110010111011000111110011
1101010111011110100100011011001101101111101110011000111101110001
1010110100010100000100001011100101011000010001000101000011000001
1111000101011010001010010100111101100111100111001110101110101100
0110011110011111101000111111111001001001011001101010111100101011
1011101001010001011100101110001111001010111000000010000110010100
0000001111101111010101110000010010000001101010111111110100001100
1001010100111011110100001010101011110111010011001111001010100111
0010100001100111011111000000111001001110010101011010100010101111
1010111110000001011110010010000101100011000110001100001000100011
1010111001101011011011110100001100100011110100101100110000011110
1100100101011100000111111011001010110100011110101011010011010010
0011101110001011011111001001101100010000111000001110001000110001
1111110001110110100001000010010010000011010001110011001101100110
