0001000101100111100101111011001010011100010111111000011010010110
0010010100011110001010000101111100110101010010010010101101011110
0011110011111100010010101100100001001000101111011011101101001101
1000110110100111100010100001100011101111110001010011001111001011
0110010110110111101100001001010010010000011110111001111011001010
0111010101000010100010011110000110000011101010000111110010010101
1000010010110011001111001101001000111111000100111000100111011111
0011000110111011001011000011010100101111110110010001001011100101
1011100010010110111011011001001111111110000111000001011011100011
1101001110001111011011001101110010010101101101110001111011101101
1011111001001000010111100111101001111010000000101101010001010101
1010100001100010101101001010101001000000011001111101011100000000
1100001000100000101001011101111011011110111110001110000100101011
1100000001110010001110110100100101110011110010000110010011001100
1100000001010100011001000101000110110110101111010111000010010000
0010100010000111010101011100011000111000100011100010111011011011
0101010000001100011100101001101110101101000111011010111100100010
1110110110000011011100000101110010000001000010101011000100001011
0000100010011100110101010111111001000010110010000001000010010001
0111000000011111111111111110111111001011000110110100000010000010
1110101111111010001100101111111100000011111010111111101001100010
0011010010110010011110100001100001011000000101001110000011111110
0111100011010101100101000011101111100101111110100001111011000100
1010010100111100100100011100011010100000011010100000100101000001
0010000111010100111011011110011110100111111001110010011100010000
0011001010110100101010010111001010101111010111010010100000000111
0101000111110100111111111110010000000011010011110000011110111100
1111101001110111001010100100001001011011111011110101011111101010
1011011011001111101101100100100100001001000110100000100001001000
0100011100010111111101100001000010101010101111001001110111010000
0000101101010110000111010010000010000110000110100000101111010011
1110110000010011011011001100001101110001111111000010010101111111
0010101101101010000011111101111101000000010111010011011011001101
1111100010010000100001001110100000110000001011000001101100000111
0100101000101101011011001100100111000011001101110111000111100010
0010101000011001000000100111000001111010111101010100100010101100
1100110010110001100011101110010010101101111000011110100000101010
0011111010101110100111111011001000100111110011011101100010001011
1101000101000111000001110100111000110100111010101110100100000100
1101010010111011001000001000110001100111000111001110111100011101
1111011011000001000111011010011111110001001100100111110111010011
0000001101010011000100000000111001011111111101000100011100101010
0110100100111110110011111001100001010110111110101110101110110110
1000001101111100101010111001011000001000111010111001110101010111
0001000110100101001100110100010001011000011000000101111110110010
0111000001111000111001000110111101010101100000001110101000000100
1010110000010110110000001111111010111001000010011000011000111011
0001011010010110100110101111011110001011001100000101010000110100
0110001010000111001101011111000010111000000000001110101110100000
0101000100001100100101111000101110101010001011001011001000000111
0110100110010000100110011011101111011100011010100111110111010000
1101111001100100100100111111000001001000110111100101001111100000
1000001110001010011011010011101101101111011001111011111111101110
0010111110100101000101001001100000011101100100010110110110100001
1100010001000001000010000111010111001101001101110001011111101100
1001011110101110000000000110001111010110001010011001000000010011
0001110001000011011010111101010011000010010101111111000100101101
0111101101000001110001000100011000110010110100001111110101111110
1111100100110100101000111100111100011110011010000001001001001100
