1110111110010001100000010110011010000010000101011011010110000100
1110001101100101101010010110011101100011010111101111001000000001
0111110101000101001001011111110000110001111111010000110101111001
1011100011010110101011101001111011010100101101111100000010110111
1001110011010110110111110111110100110000111001010011010111100110
0100110011101001110110100100110011000110001010011101001101111101
1111110011110111101111001110101011100001100101010001101111101101
0111010100100011001110001110001001000011100110011000100101110110
0111110101111010111100101000000001010011000100111001100001100000
0000011001101000010100100110110110110101101010101011001011101011
0000000101001010010000001101100100011010110001100001000010111110
1100011111001111100101101111100000000100110010011111011011001110
0101110001111101101010001011000100110111100001000010010001100110
0100011011001101100011110000100000101010011101010101111110011101
1001101111111110111011001110000110010100101000001010111011100111
1111011010100001110111001110110101000111111110101100001001011000
1100111101111011100110000101000000101110101110001101100101011111
1101011010100100101000111010100101001100101000011011011110111000
0100000000100100101101000111111001001100100100101110110010011010
0000101111000000100110101011111001000001010001111110000100100001
1001011010101111001100000010001000011000011010010110000101011000
0101001101001100110111000110101110010001011001110011001110100001
1010011100000011110001010110100010001000101011110011100010101110
1011011110000000001110101111100011111000000010100110101111000110
1000101100111111000100111111100011101110001011110010111000111000
0110011010001011010101111111010010000101010010000000100101100101
1100000001000000100111101000100001011011000100101110010101110101
1101001100000000101010011011100011100110111100101011110001011011
1001111110110111001110010110000101010111100110111111001101000111
0000100110001000001111110011111101011110001001111001100111011011
0110001001111000000000011010010101011011110010011000001011110010
1111010101101010000000010110100001101010101110101100000100110110
1011110001011001011101110010111010000111000001110011010000000011
1100110111111111111010110000111010010010110010001001010111010110
1000011110101101101001101011110001010101111101010101000001101011
0111101001100101101000100100001010010110001110010100001011111000
1011100001101001101011001010001110100110111011110110111111111001
0110100111010000100001000101110001000110100000111000010101110111
1100100111100110011110111111100001111011011101001100000100011000
0110001001110000110101101011100101000011100001001100110011010011
1101101101110111011011010111110010100101001001010010101111000011
1001101110100000011101010101111000111101010010011011101110010101
1000011100010101001110011111000111000110001011100001000100101101
1111101011000101111011101011000100110011111110001101011000001111
1100000001101010010100000111100010111001011111011000010101011111
1110101010011001101110111000011110111010100110011100101001100011
0000010001101101101001111011101101110100110011111110011110010011
1100010111100011100001010011010001000101001110011010111000111000
0011110100010110001000101111111010010111111100111111111000011100
1001101010001101011011100111101100110110110011000001001111011001
0010011111010000000100011010011000110111000100011110101110110010
0001011111101110001010100111111001101010110000100000011110100101
0100010000110010100011010011110111001001010100000101110101010011
1111000000011001011101001101100000001010101010011110000001001010
0000111000101101000011111101000010110110110011101110100111111000
0011110000010100011111010001001100100111010010110100101001000100
1101000000011010001000110001001000011001110100010001101110111001
0101111101000010101100000000111111101100101100111110000100000101
0100101000000000010001010000011000100100111010001111010110110101
1101111101010110100001010101001111101011101001110000001110110101
1100100000011101111101101001011000001111011000100011010011010110
0001101000111100000100000001011110000111010101010111111100011001
0001000000101101011100100000110011000111100100111001010101001111
1101100011111101101110001011111111111011000110000010001100011111
0110100101100010001100110111101000111111001110101101111110000000
0010010110001000111111011011110000011111000010001000000010010100
0001101010110001000100000110011101101010101010001010101001111010
1000011011010100010001101000011000010011010101010101111110110001
0111010000000110111011000011001110000111000001101101111000111101
0111010001000010011010111001011101110010110101000010010010001011
0100111011011110010111000100010100100001010110111000100110001111
1011110100000110111001010011010001010111000111100011010010001010
1010001110101101100011000011100101100101111111111011101001011100
1010001011110110010111100111111010010010011000100100001110110011
0111011011000000111100100111110101001110111001101111101100001001
1111010111111010111000001100100001000111001001000010100011010101
1111101010010001000010001010100100101000100101101011111011101101
0011111001111010111100011011101101100011101010011111010101010111
1100000011101010001101100101101110111010110010011100000110110100
0000101110001101100111011110110100011000110110001000111110001001
0010101011010111010010100111111110100100000111101101010100111110
0011111111110011010100110011000000011111111011011000100110011011
0110000001100011110010101100100111010100011110111001010000101111
0100100001101001001101100101101011001110010000001110111001101001
0101001001011110010010011110011110011101011111111010101011111001
0100001100100111110001100011111101010000000110101011100110011000
1100010111110101011110101001100101110111110010010111110110001011
