1110101001000001100100110010111011000011111001111101001110000011
1100011010100000110000100011011101000100100010111010010010010101
1100111110011110001101011110111111010100011010011001111111001101
1010011000101011000110000101010000000110100000110101000101000011
1100111000110111111110100011001110010010110110110101000111001100
1000110011110100111010111010011010011101011010100011110100011001
0011011100010011111111101111011000101000101010011000011010011001
1001001101011011001111110111100100111011111110010000000011000001
1101001011000000100011011100011010011010011101111000010100011011
0001001000010111011100110000010100000011010101000100101110111011
1010101000001010011100111000010111110000101100001000111001101101
0100000101000001100001101110001101101000001111000100011011111111
1101111000001100010111111101010101010111000100011010001000010101
0011011110000010101010100111001011011101111011011101110011011100
1110010101000001110010001010000101011110000001101110001101010011
1000001110000010110000110010011101001001000111101001100110010111
1001010110101101011111000000001111010100000010101111101000000001
0010011011011011011000010000010001101101010001011001111111110101
0110111101001110110001000100100000100100000111011111001000111111
0100011001000100011010000010001100010010010010100000110011110000
1101000110010011001000001001010011100110100101110000110001000100
1100000011011110111011111101111100111100000100101100111001101011
0011000110110011000100000110111010001100101011000110010111011110
0101111010011011001000110011111110011101101001000101000101111001
0111100011101001010111001011001110000011110010101000000011111010
0000010001010101100111101100001111110011110110001101010101001010
0000100000111101100010100101110101011111000101010111111100110011
1100101101011110111001110101100001101000011010010101101111111111
1100011001110011100011110100111010010101011010001101001000010111
1111010011101100001001110000011101010110011101110111110100100111
1100101100101010000010101001010011000100101011001111110011101101
1011111110101110000000001110100010110011111011001101001000100001
1010010010100101111011100010101001001100000011001101110110111101
1110110110110001010100101100100110000111110100111001000001111001
0110100010001110001111010111100011000110110111111000110000000010
0011100001100100110001110011011101011010111110101100101011000111
1010111000000010001111111110011101100111010010000011111011010101
0011110010001011101110001100110001110100101110100000000000111111
0001001011010111110000111000010010100101010010101100000100010001
1011100110010110000100110011100001010010100001101001010100101010
0111111000001111100111110011101110100111110110100010010001101011
0110001001101000001111100111000011101110100001001011011000011001
1010000010010100111010100101000010000010001010010001000101100111
0010000010011011110000111001001110011010101111111010100010100000
0111110000000111111011111011110111110101000111111011101100001011
0001100010010011111101100101011101000100100000110011101010111110
0010011110111101110111010101011010000001110011011100000001100110
1000010100001010111010011010001101001111100001111111001000001101
0001101110111000000010111111010111000010101100101001101001111011
1010010111111101010001000110000100101100110101111011111101100110
0000011011110010101101111111101101110011010110110011111000001001
1101000100001000000101001011011011100100100100001011011010010100
0000000010000110001000110000111111101000000100100010110001110011
0100111001100110011100111010111111010001010100110001101101110111
0111111101100101100010000101110111000101001011001010001001100101
0101010101110011000101010101000010001000010001101000011101000011
1100010110100100101011100100110011010010101111110110101111010110
1100000000001011001001101111001101110010010001000100111100101111
1110011100000001011110001111001001110011011000111100011101011000
1110110100011010111000111101100011110100110001111100111001001100
1111100100110010110000000010001110110010000110101010001111110100
1100010111111000001001010110101101010010001100110101000110000010
0011010000101000101110000110100001000001001111000001101000001111
0010001100000011101111000000111110101001111101111011111101011100
0001111100001010001101101010101101011100110001110000011000111010
1111100101000011101000010101000000001011001010001010100100000100
1101001010111111011110101100100011001001011010111010000010110000
1001010011011100100000010111111111111101101011010000010101011000
0001100101000100111001010110100110111000011011100100010011011001
1000111101001010111010001110011100000111111000001100000101110100
0001100100010011101000111110100111001000011100010000110001111000
1100101011001111111101001110101000001101111111100110111010111101
0100101100101110110000111001110101010100001110001010010011100000
0000001010100001100100110001111011100100001000100110100100101011
0100001110111110101110101111111000100011100011011100000011110011
1100101101001001101001100000011110010100010010010001111000111000
0111100100111011110011011100010110001101010111001011010111011000
0100101100100110100110000000000011100101101000100000100011101001
0001001110001000111101110001001010001000111111111010111001001011
1111101011010110001111111111000100100100000101101111110011101100
1001010011110011101000101010010011110110011110001110011010111110
0011111010010000100110001000000101000000000110111100111111000000
1001100001000000010100101000010001001000110111001011001000010011
1100100110101011111011101101001101011110100010101110011101100010
0011100000010011000110010101100011110010101101000100111010010111
1101001000010000010101111111111100111101100100001101110100101111
0110011010100111000110100000111100101111100010111000111110011100
0010101100001000001100110001101000100011000011000101111110000010
0001010111000010010011011001111111011001101010000010000111110110
1101011110001100010010000010111010110010000011100111101001011011
1111100110111110110011001101001011010110010110010111111010010000
1011101001010101110100011100100100010001010111110000000011100011
0111110011101111101110111001000001101101000011101011111110001010
1100000000001111110111011011011010001110110100101110011110011111
1111100101000110001001111111101111000101010110110001010000110001
1000100001111000100001111101101101101101010100010111010111110000
0101010100000110100110111100110000000100100000110111111000011110
0101001101111011001100000100110110000000011100001000110110010101
1000101010111101010010100100001100111000101000010100101100000001
1001010110001010011101100000101001001000100100000100100010110110
0001010110111111010100010110110000000000111101001011010111111100
1110100111000001000100000000010010101110100011000110011100010001
0001101101111010010101110101111111111110000010110100100100100110
0000001111010110010010011110001101100110101011001000110000101000
0110000111111001000001100000011011011011010011111011011101101110
1111100000000100000001110101101101011001101010111110010110001010
1010000011011001000111100101101101010110100101111101101010001111
1010011111100011011001110101011101001011011101000101111110111000
0100110100010100001010011111000010110101100000110001010100111111
0101101011110100110001111110110010101000000010000011011100000101
0110100011000001100100100001110000000111100111111111001001101101
1100010001101000100010000111011010101110000011100100100001001000
0010100000011000100101100011001000111010111110000110010111100001
1001010001010110110011000101101111101111101001010111111101010000
