0100110110011011110101001110011101100010100000101001111100011011
0111000100000010100010101000000000100011010100110101111011001000
1110110110101011011100000100010001111111110010000111101100100100
0101110101110000000110101100010101001001000000000100100111110010
0110001100100100100101001100010100001110100011110111001110110100
0101100100110110100111001001001100100111001111101101001110101101
0100001111011011000011010000000011111101101011100011000000011011
1110011101010001011010100010110000000000111011111001110111011101
0011011100001000101000101101100100100001100101101100001010110101
1101000100000100100011110100110110110110101101011000101011011101
1011010100001110111100100111011000000000011010011010100100110101
0000000111101011011011010111110011110010010110111101110011010110
0010100101111101011100101011011001101001010111000001100010111000
0100010100111101111110010100110101001011000101100010100001010000
0001001001000001111001101100011010100011011011011011111000001001
0010010011011100000001111010100111100000001001110000011110000011
1110001000111100000010001110001111000111111111111101110010101001
0110011110010110110100011100011000010111001011001101111011011100
1011001101000011100100100000001000110110010001101011010010101111
1001111000100100111111010101010011111011100011011000000100101100
1101101111110110111110101101011010011101010101101010100001111000
1010110001010101101100100101010110011010111111100100001011101010
1000010101000101111110010100100111111101100101000011100010110101
1101111000011111101111011001110111010111011001000101011100110011
1101111000110111000011110010110100010101111001110100100101011100
1101100011000101101001000111101001000001000011110110100101001100
0110111110001110011111010101100010111110000000110111001110100011
0001011110100100011011000111011111100010101111110001111001001110
1100100001010110111011001110111100000001010111001111100111011011
1011001111110101100011111001011010101010101101101000100110100010
1110010001000110111110100001111001011011011001010111011101010110
0010100000101110100001000100010001010101011011011101110000110101
0010100101010001101111000001110011001011011001011111110100001110
1101000001001111101111111111001011101000001011000110010011011001
0110011001111100000110110110111010010110111001101010000010110011
1000000100010000001000011111100100001100010110101000111110100100
1100001010111000101100111000110111101011011000111100100000101000
1101011100111001110100011011010100100100110000111111100110110111
0101111010101010001101001111001000011101010000010111110001000111
0111100111111010111101110001011000101101100100010111011100110001
1111111010100001110111101110001010101111000010101110101001101101
0111110010100011000011011111001011001101101100111000001101000000
0010110111110100110000100011011100110100111001010101101010101111
1101001010000101101010100001011000100101110011101011001000000110
0111111111101000100011101001110011111010110001110001111001000100
0101110010100101001101110001101011100011111100011100001110011011
1001010011011110000000011110101010000110101111101000000111011010
0000101101111010111100010011011001001000001101110101100010101110
1010110010110100010000101001000000100011100110100011011010111101
0111111010001000011011001011101011010111100101100011100001000110
0101001010000000001010001100111001010110110011100111011001000110
1000110000100000001110011001101010111001000000011001110010110010
1010100000110100101000010101000001000000110011100000100000101010
1010111110000110001110010110110001001111000010010100110110110010
1011010001101001111111011101001010101010000101001001010011011001
1110101110101010011010011101111010101011000100100000111100011100
0100111110111111001101110110010000010100111000101001001101010110
1011011011100110001000101001110100000001001101000001001111000000
0010100101101001110111011101011010011110100101101111110110110111
1010010000010111000010010000110110011101111000100011110101111101
0010111000001100011110010101110101101101000011110011111011010010
1000101000011111111000010101011111010000001110000010111101101100
0001000100101011101011000001000100001100001100101011011101000011
0010110011011001100001110010101000101101100011000110110100001110
1001010011001010001000000011001110011110011110001100001101110001
1100110101000000100100110100110010101111111101011000000101011101
0101110001111010010001010011100000101001110001101111110110010101
0111000100010011100001100011100110111100101101001101011101111100
0101010100111010010110000010010010010101101000100011010011100001
0101001111010001001100110110010100010000000111001000001000111100
1001011000000101110011011111101011010011110110101100000001001010
0111110010010111000001011110010001110011111101110010001100110011
0001011010001111001101011000101101000101000111100111101110001000
1100101100111110101011011010111000101111000110100100110100110111
0100000000011000110001110100000001010000010000011010101110100010
0011000010101110110111011000100011100100111010111001001010100000
0001110110001010101001111000110101000011000101111001010000111110
