0111110011111111000101010101001101100010101111111010000010001011
0001101110110110100100011101000001100101110011001100100000001101
1101000100001001000010000100100110000101000100010111111101100111
1110001101000100110101110001000010010000010110011111010101010011
0011000000011001111100101111010010100110001101101001000111100111
0100001010110111000101001000111000111101001100000100011001010100
1111111010110010000001100111000010100111000110011010011110000111
1001011111110101100010100101101000110110000100011111100111001001
1111110001000010110100110101100010001001010011011110011011001001
1110011110011010111001100100010101110000110000110000010110001001
0100000101111011001111110111110011010101110101010011101000110000
1001011011000110111101000011100010111110010110000110000111100000
1010101100001110110101111110110011111011111111010111011000100000
0110101111100011000100100010110111010010001110011001011101011101
1110101000100111000100111110000111000100000011000000010001011111
0100000101010110000010110010000111100000100110101110001000101000
1001001111000000011101101001101010110000011011110101001001011111
0111000010010100100001010011100001000101101010111100011110111001
0110010101101011010001100010000111011000001001000101001111001001
0101101111000101001010100101100001011001111110000110101100100010
1001111101010010010011101011001100011100111000011000101110101101
0111000100011011001110011001101001010101011010110011000111001101
1110110100110101101110010100011100000001100011100110011100010010
0001111101001010111110001011111010101101110011000010110011111011
0110001111110110100100010110110110001101110011100111110110001100
1000110010011000000000111001111001100101111000111100110000101101
1000010000100010001011001111001000000100100000100000111110011111
0101010000100000111000000111111010100000110101111100101110000111
1010000011010110110000000111110011111000000100001110100110001101
1011010110100100001110100011010100011110101101010110111110111010
1001100000110100110111111000011100011001010110110101101100011111
1100001011110110001111011010100111000010101011111000101000111000
0001011111011110110000010011110000000111010111110001110100110000
0111111110010001001100101100100010010011110010010100110001011110
0011011100111111000001000000111101011010111101000100101000111011
1011010001111111111001011000111010111110001100001101100001001111
1011011011101101110111000001111011001100110010011101111011001000
0100010001011011011001010101010010011111000000010111010000011100
1111000000110000011000111000010000001011100010000111001010011100
0001010001100110011000001001010001111010000010110011111111110000
0011011001110000111010111011111110011011110111111001100000011100
0000111011000101010010011110011111110010010111000001101110001101
1011010011110110110001000011011110110100000001000001110001101101
1000010001010110001111010000011010101001000010100101111001100110
0101010111110111001001111001100101011100100111110000011000110111
0001011101110110100110101001011100101000001001101000011001101001
0010001001100101011100101110011110101100100110111011101001000101
1100100111100011111011001010000010000111010111100010100001001100
1110110101101010011001000011010111110110011101100110111010100110
0100001110001111010010101010011001110110001010111100101001101110
0101110001010101010001101100001001000101100110011111100010101000
1000111101000011111001011010010111001101010100001011101000001010
0110011110111100000011110011011000011000010110101111111011100010
1010101001111101101100001010100001011000110100110010011001000100
1101101111000101000000011111001110111111011010101100100111001111
0101111110101111001000010111001101010101000110010110101110111011
0001011011001001011010110010110101101011000001101101101111011010
0110100001011101101110100010011110101100111000010000101110111100
0011011010111010111010111101010010010101010111000011100110011100
0111010011111011110010100001111101100100010111000011101001010101
1110001110010101100000001011101110111001111101100100111001101110
1100101000000110000111010001100000000001011011011001101100010101
0101000000010000011100101110011101111110001000011011100000101010
1011000111110001011010101001100010001001011111000000110001100000
1100100101011000000011110110111110010000100101100010100010001111
0000111000111100100111011110111010010101111011111100010100001101
0110100001001011000010011100101000100001000110011111100010100110
1001110100100100011111110010011011111000000011000111001010100011
1111001011101101000110100100011001001001000010110010101101110100
1000001100010111100110001010001001010100000001100000010010011011
1010111010111111011110001010011101001010001100110001001011000010
1000011110110010101000100001111111010111011101011000011100101001
0010111000100001000011101100100010001110110110001111101111011110
0011110100111011000010101010100000011011001001111000001001100010
0111001101011111000110100011100011111101101010011000100010010111
0101011101001011010011101100010110100101100110000001010111010000
0011011010000111000100010000001001011001110001010001000011100100
1100011101000001101011110110001111001101011110100010001010010101
1101111001111010100011011000110001100111000101001000001011001001
0101001101000111110110100100011011110010110001100101010011110011
0001001000110110111010010010001101111111111110111000101100010110
0111000100010101110110000100011110110010111000001100111100111010
1011101011000100101011010010000010000000110101111001100010101001
0010100101010111111001110101011001011010000111110111101011001111
1010000110000110011101110100010110000011110101001100110111010011
0111111110101100000111101110101000111111010111011010111100101110
1100011100001110011001101011011001110001011101010001000011101000
1110111110111110100101010001011101011101000110100110100111110000
0011110111100010111100110001011100000011111010000000101111011011
0111101000100010111101111010110001001000110111010000000001001001
1010111001000110100001001100101000101110000010110001110101001010
0100001110000111101110010000111011110010000110101110101100010001
1100101111110111010011111001110100010101011101110000001010011101
1101011101000010000010111000111101110001001111100001000111110010
1100011110101010101011111110100101001001010001011110011100110001
1000101110011001111101011010001000101100100010001101111110100110
0100011110001110111000101011101000100100001000101100111000101011
0001101011011010011101010001011001101101101101101000011111100010
0101111100111111011100001111010000110110011110110110110010000000
1110011001100000001110110011000010101100111001011000011001100000
0100000101001000001000000011011010110001110100010000000111100110
1011001001010000111011111100110001000101101010100010011111101111
1001111000000111100110100111001001011101100001000010001101110101
0111110111101000111010100101110010001110110110101111010001001100
1111011101000011000101110010011000100010011001101001110111111100
1100101101001100101101011110101111000110010001011100001101100111
0100000001010111111111111100101010101010101110110101001000110001
1101001100000110110110100100111100000001111110000111010101111000
0110011111011110000101000010001000101001101101001101010110001000
0001010011100000100001011110000100101100101001110000101000110000
1011111011100100011010010011001111111101111111101010111101010101
0100010011001111001101000010101011101011000000111001100100100100
1010010101101011000011111110100010010001000101011010010100100010
1100100111101100001110111010110011001001100110001011100101101110
0110101111101101111111001110110101010010101000011001100010101000
0111000101101110110110111110100001000101010111000000100100101011
1011100000100011000110011111001000111110110010111000111111000000
1100111001000001000000001101101000100101100011110100111000110000
0000001110101111001100111000100010010110000011101010001001111011
1110111000011100100111010101100101010111001011001011110111101100
0010110011101010000000101110001011010001010101110101000100011101
0010010101011000110110000000011100100001111011001100000011010111
1101101011110111101000010100111011011100100010011111011001110010
1101101100010101001100100101011101000100010001111010011111100011
1110010101000011100100111001010101010111100111111110110100011010
1110010110111101011000011100110011110111110001101101010100111111
1110111001010000110011100111010011011101110001110001010110101001
1101001101011000110000010101011010010111101111101001001001001110
1111111110001000111110111010101100001100000100111010000010001111
0001001111000010011100010111011000101101101000111100010101111010
0101100110010101000101011010000011010011000001001101011001011110
1111010001110111101111111100111010101100010001010110110000001010
1100111000100100110010100010101011101001001000101110111000001011
0111010111111111100010110111111101111010010111101110111000000100
0001000101000110011001010100000110111000000001001111000011001000
1010110100001101001001100101000100100000001101010101011111001100
0000100011001101101110110111110100000101001001011111101010101101
1001011011111010110010000111111010000001000010000111000100110011
0001100110000001100111000000000111100110000001001111101111101100
0011100011100110000000000101101110010000010011011100100111111101
1111100100100100111000110101011110101010110000101101000001011011
