1110001001000001100001101011100010010101011010100110110011010001
0010110010011011000010101110110111000110100010010011001010001001
1010010110010110111011111111110001110000001111111001000010111000
1100001100111111111110011110001001100111100111010101110100000000
0010000110110011011100110110100110000110101101001111011110101010
1010110111101011000001011111111000011111101001010010000101000100
0001010110111001000101000011001010101100110010111000100110001110
1110100000000110000101110010111111100011001001010110001101101101
1111111111100101101101000010011001110001010110101101001100000001
0000011110011100101110111011000011001100000111000010110100011110
0011101110000000110101111101110001000000110110011101111110001110
1111111100001100011101011000011011001100001001110010001000110010
1101111011011010110100001111100100101001110011011001101010000101
0000001001101001010000101100101010110110010000011001101110100011
0111100110111010010011001100010011011100011110111101001001000110
0000100001111000110010111011000010100000101000101001110011000000
1110110010111011010110000001100101101000001111000100010000001101
1000000011100000010010010011110110110111011000000001110100010001
1100000101110011111001000010010010001111000100110110101111000111
0101110010001000001110000000100111001001111100101100000100110000
1010001011001001100100010110011110101101111100111100010001100111
1001100101110111001100111111011000111011011010110101010001101001
0111110111111110011100101111100100100010110011001110001101001110
1100100111000000010000000000111010111011010111010010100000111010
0000101111011001000001111001001111101100011100111100101000000100
0111111100000110111111110011010010111001010001010001110101010101
1100001111000111011000001011101100011101101010010100110111001001
0101010000110110011000111000100000100010000001000110100011101110
0100101100101001000010000111111101110001100010100101000110011001
0110011110110011101111011101101100010011110101111111010110110100
0111001101010001011011111110110011000111001110011001110000111111
1011110000000010111101000000111010000000100010000001111001111100
1111010000110110110010110001101010011010011001011010111101110110
0010010101110010101000111011010011101111101000101111101000100111
1101000111101000110001000000001111011111001101110001011100011011
0011001111011011110110111101011111000110001111111101011111111111
0011111010000000101110110010011111111111111100010110100110011111
1011100010000101010110111011001110001010001001110100011001110000
1001010011110100011001010011101000101000001111101010110001111100
1110111001011000111111011101011001110001100001011111010111100101
0100010010001101101001100001100001000111011101110001111100100100
1010011000000101101110011100001000111110010000001100101001111011
1111101100011111110111010101000000101011110101011110001101101001
1101000100001010111000011010100100000000000011011011001000110001
0111011110000001101100101011110010011111101000000010010111000011
1110001001000110100000111100011000000011000111101000010111101011
1110100001000111101101111110000010010000010100101001000110000101
1100101111011101111111101110100000101000010000100000101000001110
1000011100111011000010000001101110111110111000011110001000111111
1000101100101111100110001111100010011111010011010111100001001100
1000101010101110000100010011110101010000100100011001110011110110
1110101110111110110000001100101100101111100101010111010010000011
1001010100110011110000101110000100000100010010110010100100100111
1010100000111000011000001111011101100111110001000101000010101101
1001111000011100010001011101011111110011010001100001010101011101
1001100111110110001111010111110011111011000001111110100010010111
1110001000111010011110000100000101001000010000110011001010101101
0111101010111110100010001100100101110111111100011000011111001001
1101101111100100011000011000110000010010100001101001011010000101
1101111101000101101100100111111110010110111000100100111001010100
1010110111110101010100110111010000001000011111000111110110011011
0101110100001110011100110101011000100101000011110001011101101100
0011100110011001011001110001111100011100000010101010001001010101
