1101000101101100001100110110100111100100001010010111001010010110
1100110001000000010000010011111001001010000001000010101001110001
1100101011101010001011010001110101010100001110101110100011110110
0111111011101111111001011100010101101000011010011001011011000100
1100001100110011111100101000000100010110110011001111011001101101
0110000111000101100000011110011011001010000001100010110111110011
1101110011111011110001100010101111000101100100001000010010000000
0111111100000101000111011111001001000011110011110010010000011100
0011100101111000100000010111001010110111101110100111101100010100
0000100110011011111111010010011000010111001001000101000100101000
1001011111000011011111100101111000000001011111010100001001000100
0111110001000011011111000101000101000001110010100011101001111110
1101100011011110111110011010101101110110001001110110111101101111
1000111110011000111011101001110111001110001001111010010011000011
1110111110001111100110010001000111101101000110010001100001111100
0011000000110011100110111000001100011001001111000011011011001001
0011011010000001010001110101100110011100110110010111010001111110
1101000011001101001100100111101100011111011110101001010100100111
0111101101001111000111111111000101011001011110010010101001010101
1001110010110111101101000010011100110110111111111101000111110100
0001111110101110100011100101011100000001001000101110101101111110
1100011000100100010110111011000000110111011000011000000111101110
1000011001010011110001111011000000010100011000101001101000000101
1101000111100010111111101000101010110110101110000011001011001101
1001000010100111011001010100110111001011000111111001000001000001
1010111101110101101100011000001110000001100111111101110010011011
0100010001011110111101110000110111001001101111111000011111101010
1110101110001010100100001000100100111011010111111110111001100000
0111000100001111011001001101011100000010011101101000000111001001
1000011101101110000010001011110010101111100011001010010000001110
1010011100111101011111010001111011011011010000001001001111011010
0011100000000110100001110011100100011101001010000000000101100000
1100111011100000000000000110101010101000100100110011010011101100
0011000100000111100111110010100001011111010100011111010111001010
1100010001010111111111111101110101110101110101100111100100101110
0001011111101011100111100000010110011111001010111101000100111001
1110011111011001000110100000011010001001100000001101101110100011
1111111011000011001010000100001000101011001111101000010110010110
0001101110100010100000110110100001011111111101001001010011011000
0100100000010010100111010100011010100000001100101000110001111010
0001100010101001100100001000011101011110010111110000110100011111
0001110101000110001010100100011101101000100010111111011001001101
1101110000001001001110111000101001111111011010111101110010010110
1101111001010101010001000111000010100011110000001110100100100110
1000100111101100101101110101110110000001010001110100000110010100
1011011001110111101101100011110010110111100110000111101110101101
1100000011111000100111011011100001000011001100000010011101010011
1111100001011110000011000100011011110101100000001111001110001010
1000100111000101001110110011101000011111101010100110111000101110
0000111100110000000011100100001101100101010101111110100011101101
1101110011111110000001110001110101011100011000110011000000101010
0110000010100111000100101100101110111010100101101001110001011100
1100101001111000001101101000001000011000101100100111011101110011
0010111010010101110000000101100000010110010001001010001101110011
