0011000110100111000000100110001101111100110000000110111011101001
0000000100101011000010100101101001111101010101000101011110110100
0011001001101001010010010011101010000011111001011000101110001001
0110011100011000011010101010011011100010000111101010001101100011
1110110110011100000110100011001000010110101101111010011110100011
1100000101000000111000001010100110000100100111010010111101001010
0011110100100100011011100100010100100111100011010001010011100000
0010100110101010000101000111010000011100001011011001010111000000
0001000101010011111111110001100110110010011001100100101010100110
1100110110011100100011100101111111110001101110111110010011011011
1010100110000110001011000001100110010111101101000001011101100000
0111010111100000110110010000011110001110010110101000000001100001
1000111010001101001011000111110100100111010011000101110000011110
0111001111111101101011100111101000101010000111011001000011100111
1100101000101000100101010011100010101101011001110010100001011111
0010100010111111110111001010000000011100011000010100110000100101
1100100110000011100000110100001011101000000110010100111101001111
1001101001100111010111010110001001000001011110110000100010010000
0111111001100100011111111001111011011010100110000001100011001001
1101001101011010010110001001101001011100010000101101001011110111
0011010000010000010000101010001000111010100111111100100110100100
1111111001011101010010101101011101000110111000111100101110001010
1111001011111001011100100011100011100010001000100000100011100000
0111011101111100101100000110011110010011100100111110101100110111
0000110100100110110000000001100101101111100011111111101101011101
0111010011001010100001100110000011111111100000101010010110011110
1110111011101110110011100110011000101110101001100100000001110011
1111011111010100010110111101110100111101111110010001001010110000
0101000100101101111011111110011100000010011000001010011010111110
0101111110100001100011110111001001001011000001111000101011110001
1101111010001100100101000000111011110100100111010111110010110011
1000110100000101011110110110011010001110000111000111001000111111
0010101111001001111000011110110011101001101111011000111110111000
0110010000111001110100000001111001011011110111101001001100100110
1001011000101111101101011110100101101111111010000100101111010010
0110101101010010101101110111101100010111111110001001001111011100
0111001001011111000010101101011101011110111010010100000001100001
0011101000011100100000100110111010010101000110010011011101100000
1000100100111000011111110110011111100111100010001000001010000000
1111101110001111111011011101010101010000110000001011001011100100
1100010100011101000110110011001010001110011001111011011111111000
1110110000100110010011001000101111010101110000011110100000111101
0010100010100010011001000110011100100100011001011011111011101001
1011001110011011111011110110111100101010101100111011100011001000
1001011111001100000000111010101110101011100010001101000010110011
0000101010111001110001111111110110011100101111100101100101100101
1000000000010001110010010100011001011111011110010000001001111001
0101111110010010001000000110110101111111001001010101100011110111
0010101010101010100101111001001010011100100000001010101100110111
1010100100010011100110101111100010101110101111100010111000110101
1011001110111011101101110000111101010011011100001111010011101100
1010001101001101100011101000101011001000110001001100100010001011
1101101110100001001001011111000101000111001101011101111111110101
1100101111010010010010111011110010110011111010010111001010111001
1111110010011111111011101010000100111010011001011101100111111010
0100001101111010000001110101100000000110001001110011001000000001
0000000101010110100000010010000111100011000100101000011001111101
0001001100001100011000000010011011011001110101011000101000001101
1001101011110001011101011010111000100111110001111010000110100110
0001000101001011010110111100010110110011100110110011100001011101
1001100110111010011101100101010010111010101010010000100000011011
1101101111011001010001010011011010100010011001000111011000010110
0111011000101011110100000100001110001010011100001000101111000001
1001111001001001000111001001111100000100111100100001000001001110
1000110101111110100000000110110011100111011110011111011101011101
0111000111010101100101000111101011000100100111110101100111010101
0100000110010111000000110000100010100010100110111101111111010001
1010001101001100011101110000011011101011000110111100010100011001
0011010100000110010000000101101100011110100011111100000110011100
1110001011111111110110111110110011001001011001011000010111001010
1000110010101011101100100001010000101110001000000101001101001011
1100111000111001100110111101000101101011001001100011001010100000
0000010000001101011010011001110100110001010001011100010001100100
0110000100101000110100110000001110101111100110000110100101110001
1000001101001101001101101010011010111110001111001011100100111010
0010011101001010001101000100010010001011100101001101101010110001
0010000011010100011100000011101000110111100111110000000010001100
0100001001011111001101001010100110111111000011100001010001110010
0011101001101110011000111000010100110010010100001011000011010100
0100110101000001101110110110111001010100010111101000100010011000
0111011010001001010011111001011000111011111001000010101010001100
1000100011111010011100000100110011010111010101100001101001110000
1111000100011110010011100111011000100011011111001001101101011000
0001110001110110110111011010111100010000101110110001110000111110
1000001100110110011000111101100101010001001000101001010110110101
1100010011011101101111000001011101110100110100000001000011010101
1000100000110011010010100110100001111000001010011011000101011011
1111101111001001001011010100000011110010000101111101100110111000
1111100101001000011000110000100011101111011011010001101100011001
1101101111000010000110111000011101101111110101011001111111101100
1100111111000010000001111010110101100100110101111000011101100110
0111011100100000010011111000011010110001010000111001011010101011
1111110000001100111111101011100110000110110000101001111010101011
1111111111110100111110000000111100101011101110110101111000100001
0110000001010100011010101111000011010001001111101100010100000111
1000100000100010111101110000010001111100111000111110101111100110
1010110000101000001001001000001101110110010000000010100010010001
0011011100011101101001000010010100110101011001010101010001000110
0101100011010110001100010000100001011011001010101101101101100100
1100100111110010011110001011101010001100100010000101001000000100
1100101010000000110010000000100100000111011111101011010111011111
1001111010001100111111101111111010010101101100110001101011111101
1110001110001011011000111101010001101011010011011011011100100101
1101110101000010001100101111000001010110001100011111110010000011
0110010010000010100000011111011100100111001001010110110011111101
0101000111011110110111111000111001110000111000111110100111011111
1100111000000010001100001011001000001000111001011101110010110110
0001110010101010111010101011101000100100111010011001011101110000
1001101000001000110110010111111011011010100100110110011001010101
1111001110011011101101001101011001100000011110000100001100100010
1101000010110101100100111011110001011001011100100000111101010011
0110001001000011000101001011110010011000010101011100110001101101
1000111001101110100001110010011101000100010000010100001000000111
1000110001111110110011101000111011100010000010110111111010010000
1101000000100110001000111111111100110110110100100110001001100000
1010111100111100010111001000011001111110100110001010000110110001
0110100001101100001001011110000010001110000100100100011101011000
0011111010001100011011011101111100110000111000000010100001110111
1101101000101010101011101001110001111100110101010101100101000100
0110011100101111001010111111000001000000001000110000001110010011
0000001011111111010001110101100011010100110001011000110001111100
0111001010001001010100010111001110000001011100001011000110010011
1000100011010100000111000011111111000100000010100010100111100101
1001111111011001111011101010111111011001111010100010000101011100
0101000001101001110110111011110111110001111110101100011111101010
1111111110010101100011000100111011100010001100100000000011011011
1110010110011000010011101100110001010001000110110011000000100110
0101110010111011010000010111110100001010010101011000011001000101
0011100110110100111101101111000001111111110100000101001000010000
1100101100011010100100011101111110010101111111110110010001110011
0000101101000100100110010011101010011101100011110110000110110101
0000011110100110100001101011101111110001101100101001010000010010
1001010111000011000101111111100001101110000001000110100111000111
0000010011101110111011000110001100011111101000011011100101000110
0000111001101010001101100010100110100010100111100010011111101010
0001111100100110110000111101000000110111010000101111111100011000
0010111001011010110100000100100010111110011000100011000011001000
0111010010110110011010000010101101110111110001011101011011111001
1110011000000100101111011010110101010110111100110011001011010000
0011001101101010100010111011010011000110101000111000000111000110
0010110110000100110001001110110010001000100111100000010010011101
0101011101000101101000101111100000000010100110010111101001111010
0010101111100101110110101001101111010100010001011100010111110111
1110111000101100000100101111111001111000111011110100011010101001
1111000101111011001101001011110010111011100001100011101100000101
0111101010000110011010101100000000101000001001001101011001011100
