1010100111010101011000101011101011101110101101000100111100110111
1110111011110010111011101010100010011010100001110101110111011110
0000000111110001000000101011101110011101001010001100100010001110
1111111100000100011110000010101011111011011010111000111100010110
1110001101000010111011000100001101000011010001010000011011111110
0110001101100011110010011101110000110010101010010111101000011111
0111010010011000001000001100001000110011010010010010011010011011
1100010001110010110101000010111001011000001101011001110000111011
1011111000111100011011010111110011000000011111011010111110111100
0000100000110111001110001001101010111001101111000011111011101110
0111111001000010010001111010100001100010011011111110101100110011
0000111000110000101100101110100000110000011101101000110110110010
0001010001101101010001010110101110010011011100100011010011111111
0110111101111011000100101001100010000011001011101011010100011001
0010010011000100100000011010000101000001111100101000111011111001
0100111011101000001010101011000000000101110011001001100010001100
0101000000010111001000001110100001111100100001100010011000000010
0001100011000111111011111011010000111010110111000010010000010101
0011100101110011011110001110101010110010011101001101010000001101
0100110101110011011011011001000010100101011000111010011110111011
1000101001101110010110110101101110000001000101000100111100111000
0010110110001110111010110110111101110100110111010011010000000111
1000101111101101100010011001110101010100101010100110010001111000
0011111100101011011011010110101101100001011101001111110100010100
0000111001101001110010100000010000110000010000010010011000101111
1010000101000010110000111101101011000010110011010101100100111010
0110010010101111000010000001011000101101001101010001110101111111
1101000110011100101100110001100011010111000000110000001110100011
0111110010011110110111110100110111111101011010001111100101100110
0110000110110010010011011111000000100010110001111101011001010001
0011110000100101011011011111010010000010001010101010001111101100
0001001010000110110100111001111010110010011110010111000010101011
1100110100001111110001010011101011000101100111101111111100010101
1110001111101111100101100111101100011010010101011011101010110000
0011011010111001011010001000000101010001111000100011101100101111
0010011100111010011011010000010111000001110111011100111100101101
0100100110000011011110001000001001000101111000100011110000111110
0111011010010100111001110101100110001101001001111111101000010110
1111010101101010101110100111011000101111100101000011111001010111
1101011101101001001000110000011100100100000010111110101011011101
1100000011110110101110111100001100010001111010011010101000111100
0001111011100101011010010110000011110000010000111100110111101101
