1001000111010110110110111100100011110100110101000111000000001101
0101000011010100101111111110001000000110101011001111111110000100
1001101001101111111010000000110110000001011110111100111011001110
1010011010001000100010111100110011100011101000010111111010011010
0111100100111111111101001110100001111001011010101001001110111011
1100001000101000110001101100100101110111110000010101101001000010
0000010100100111100011111011010101101001100111011100100111101111
1000011101111011111011001101111101010000111110010001100001100111
0011111000011010110101010000111001001010001001100000001101101010
0011010111010110100110110000110000110110110011110001010101101000
0000000101011010001010011000001101011001111100000110101110011111
0101101100111100011110001101100101001111101000000111011100101001
1001110001010001000111011011011101100101000001000000101111101100
0110100000000111010110101100111101001001001110111110101101011011
0010110110010011101001000110010101001110110001110110001110001000
1101010000001101011101001010101000011110100010101100010101001111
0001110110110001000110011110000001110011000001110010101100101100
1001010100110100100101001010100110101001101000000101010010101100
0011011111000100001110111000101110000110111011101111001111001110
0101000100001010101111011010001100100010110011010000000001010000
1001111101101110111011011000111100001011110110010100011100100010
1001011001100101011000011100111001010110001100000001110101011111
0111110110010111010111110101000011110010111010110110011111111000
0111101000010010101000011000101010000011010101010011100010101000
0101111101111101111111001101001011011100000110010110100000011111
0110001111110001101000011011000000001111001011110000000011011101
1001000010000011011000011101110111111101000011100110111100111010
0010110100110001100111110011011001010111111110010110010111011111
1100011101110110101010101100111111001110111101001101100100000111
0010100101010110011011110000001111100110101110011100100111000111
1111100100100010001000110011011111010101101100011011111101000100
1100010111101011110100000000000010010011111100010001111010110001
0101110101011100011001010010111111111000011110110000101000010111
0001011000110000000110000100011010101000010100100111010011110110
0010101001111010100101011001011100111001010110101001000011100010
0011001111000110110110110001111100110001110000000110010101000100
0011101010100100101010011010010011100011100010100000111011011000
0110101000110011011101011101001010100000110100100111011011000100
1100110110001010011001000000111110011010001011010010101011011111
0101011010000001011101110010000101000101101110001101010010101000
0011010011110100000111010000001000110111001110000111011111101100
0010010110010001000000100001010001100001110001101010111001101100
1000111110111101101111011110100100100111010011010110101100100000
1110011100101010001100111101001100010010101001110111111100010111
0011001110111011001100100011111001100011000101100000111111000001
1001110010000000000001100111000010001110010010111010110110110101
1111000110100000101011011010000111101101001100110010001010101110
1000101100100100101100001000111010100101000101110100010000100000
0111100101111000011010110011000101011111000101111001101111000111
0001111100111000111111111100011101110100010000101001001100101101
1101101010001110110000100001000111111110100011101111100011110110
0101000110011101000011111101101101110101100110011101001110000000
1010010001101011011001000011001101011100001100011000000000011110
0111010011010000010110011010000100101010001110111110111100000011
1100110100000111000011011101100011111100100010010000001110100001
0001001011111100100001100101101000100100101100100110100000010001
1001000100000100101010000100001110001101011100111000111000010010
1011111011111101010001101010000011111010001110000001000101010110
1111110000100111111111000011000001111011111110010111000000110111
1000001111100101110110000100101111100001000101101000000101000111
0110000111111011100000110000011101010101000000100100001110000000
1110000110101111101110011000100110110100100010110001111010110000
0001111000101011110110010110010111010111000001111011001100100001
0110011100001100011001000111100000111010010110101101010000101101
0000000101110100001010011001111100001011110001011100000000001110
0110010000100010101111010111011010000100111000110001001001000011
0010001011000001111110010001010111011011100001100110000001011001
0101010001000110101111010010111111000011101011100011001000001011
1010010111001100110100110000101101111110000101110001000101000001
1000110100001101111111010000111010111001011100110111111100000001
1001101000100111101010010001101111001010101011010111111000101001
0010110000001100000100010011110101110011110110010001010100000110
0101110110110010110100011000110010010011010001111101101000101001
1011111100101110001100101110110100110101111000100010100001101010
1011010110111110100011100111001101110001100010101111111011010100
0111000000000010100000111000000100010111000010111110000111001110
1110100111010001001100000111101000010100111001010111000011011101
0000101000111011110101000001001111011100110100101010100111101111
1100000100100111111011011110000010000000010001110000100111010110
1110010001001001010101101101101001000001110001111001100110100110
1001000011010011000000011001101010100011111000010011101000011000
0000010110011101011011111111010001010011100001010001010110000010
