1110100000010110111110100010110000100111011100010001101100001110
1010001110110011110100010110010101011011011100110001011101000110
1000100001111011111111011011011100110010100001001001101010101001
0101010001001011101111010110001011000111000110111000101001110001
1100100101111100111010000100111101000101001110011101000100100001
0010101001001100011100011010011011010101011011100111111001010000
1110100011010101110011010100111010101110010010100001000101011101
1001010111001110100000011001000111101011110010000011100101010011
0100100001000011100111100011100100100111011110100010010110000111
1000010110100001001110010100000011000000000110101000000110101011
1011110110101000111111010111110010001110010001100111000001011110
1000111101010011011001001111011101101001010000110010100011010000
1111011110110011100110100001000110010100000101100100101001110010
1000011001001001000000101011001011101100101000000111100010000101
0001101011010110100000010001101111011101011011110100111110011100
0001111111111111011000010111001000000111101101101110101001011010
1001100001000101101001100010011100011000010011101010101011110001
1100110111111000001110111111110111110011001111010000111110001001
0110001110100011011000011010111010110001110100010101110010011011
1010111011000100011101001101101010100100110010110010001010111001
1111001101101100101010010000110110000110100011111011001011011000
1010010100001110110110000111011000000101111000001110000110100100
0001010010011100001000111110001100010010011000111001010000011001
1001101001010100101100011110010111100000001011011110111000111110
0010110000110111111101000001001001011001111101011110011011110101
1100000011011011100011010000000010100100001000010110101011101100
1001010011010111100100111000110000101110000011000000100111100101
1001110100001000010110001100000101000001011011001111000010110100
1100001001100011101010010010100111110011001100000001101010010110
1101000111001100001011001010110100101110111100010001111111100010
1000101000110001010010100101010110100001001110101001000100110110
1101010101001001101111100011011011100000110000000011100110010111
0100111100000000010011011111110000011010100111000000011110110010
0111010011000010011011110001010100000010110111110010111101001010
0100100001010100000011010011011010111011100000101010001010110010
1110010110101011101110110011110111101011110101101101110011001100
1100111101100000011000110010110111001011100100010110101101101001
1101101110010100111001010110000110010010100110111110011111110101
1110101110100000100001001000111000010011110001011111101111001010
0100001110001011001000011101010100000100010010001100001101100011
0000011010100010100110100000111010011010001101100110011101000101
0111000111111101001001101001110011011000011010100111010111101100
