0000100100001010111001010100010101110101010101011100001111011111
0101101100110000110100100110011011010111001010010111011011000100
1111110000010111111110010000011001110000101110101110000111101101
0011110101001000011010100011110001100000011111000010010000010001
0000000111010101101110101100100001101101111110101101000100111101
1011001111001100100110100011100001101101001101000111011101111110
1010110010100100101111011001001110011000101011100000011010010101
0111011001001001110110010111010010000101100101010111100110000111
0101110000011011101011000110001010010110111000111101101101000110
1101010100101101111100101100100001001010011111111001111101101100
0100011110100011000010001111110110110001100000101100100101110101
1010010011100011001110010101010001000001010110110000001010011000
1100111011111111111011101000001010010000111101010011100111011010
1101011011101100011100000100110111110001011001011101010000001101
1110110000000001011101110000010000100100101010010100101110111100
0110110110010100100100001001100010000100000011010001101000110000
0110000010101111110001010111111011110010000000100010111011101111
1110111000000011101110000101010100001100010100110111001101100100
0101000111001111100000010001010001100110101111110111010011000111
1000001001110001011000111001010100110011001110000100111011110101
1011111011000101001110011010111000010001101110001010111010000011
1001010100111111111010101011010010000001100101011011101101110010
1010111011011111011011100111110011110000100001010010100110101101
1110100011111100110100010110111101000100001011101110110111011101
0001101011100110111000111101001011001000110101101101101100111000
0101010100111001111101001000101100100010100110001010001101100101
1001000000011100100011111010101000110001011000100010111111000110
0001100010111100101010011110000110001011001100110001011001110111
1100111010010100110111001101111011110011110011011111011110000001
0000100100110001111011010111110100101100110001001100011111100011
0100110111101000111100111010101110011111000111111100000011100110
0001011111010001100111110010001011101001100001110111011010000011
1101110011011001111110111110101110110100001010000010000111111001
0111001110100010010101011001001100001011011110000001100010100110
0001011111000100010000110110010111010100111011100011111101100011
1100101110011101010111011111000001000111011110100011101100000111
0011110000100111000101111101010001100010101011010011100010111000
1100010000101100010111000001110100000010110010111001000010000111
0101010011110110001101110010100010001001101110101011111011001011
1100011001110011010111111010010101101011010100010101000110110010
0101100111011000101001011111010011010000111110100111111100001111
0001011110111111100001100000111010011100011100100110010100010101
1010011101110111010000101001011100110101110000111001101010011000
1111010110110110010000100011011000111010101110010101101111000001
1011100010000101100100010100001011110111011110011100011100100000
1010011010010011011001110010100110001101000101101000001111001111
0011011000000000011110010010011101010011011111110000010101111011
1100100000110010110000110000101000010010110011000100001101110000
1001101011100110001010010001110010110111110010101010110000000111
0101111000011110111010001010010000000000111101111110001011010110
1011110010011111010111111011001110110100110101000110000010000001
1110101011010010100001110010011110110000110111101000100101100010
1100010100110010011001000010001001011010011010010101001111010010
1000110010100011001001100010111010110011101001000010000001001110
1110101110001111000110001110110010000101101011011110110111011001
0100011101111110010001100110100110010000111110010110100010001000
0100110111100001101000101100001110011001111110000111010010000110
1111111011001110000001010001101100001010111110011100111001001111
0001111000110100000011000000101001111100111000000100111110010010
1011011010100111000100001000010101111010000011000000101101000010
1001110111110010011001110000000111001101110110011010001010001110
0110000010110000000011011001001110101110000001100010101001010000
1000011000111001100000100101001001101000010010110111101011010100
1010101001111010101010011000010000011010110011010111101010001011
0011001010101011000110101000110110110001010010110111010010001111
1110101000001110000010001110111100100101001000011001101011101100
0000100100110110110001111110111001010011111100010001101101101101
1000011000000011110001100001010011010010001111111000100001111110
0101010100010000111000101001111011010110100100011100101101000001
0110111001100101000100010000010100000100010011110000011001101001
1010011000011111101011010000111110111111110001111010101110111101
0100001111101010011110001010110111011001000010100001001101011011
0011010111111000101010010101100000101101111001111000111101110110
0001101100111011110010011111001111011011111000000010011110001111
1110111101110011000101111000010011011110100101101000100111111010
1001011100111011011100011001101001011001011000010101110110001100
0001100110110001011101110011000110101000010101001110011011110001
1000110110000100111110101111100000001110010010100101001011101111
0111101001100010010000010000110000001000110110000111001100110001
1111011110101110011011111111001000101000000110100101110101001100
0101111111001111101000100000001101111010101100100110010110100100
1010111100000000111000011101010111011110010111001100111101000000
1011010111000010011101111010110110101100101010000011111101101011
1010111000101010000100000011001101001101001011000100011001101101
1001110001101110001001110101011111100000010011010110100100000011
0111001011101000110110001100110010000110111010111111011110100010
0010001100000010100001001111111100010110001110010001001001111001
0000000111101011111011110100010111100001110111111010010011100111
0110111100000001000011010111001010010111101000010010111010001010
1100111110011011110111010001111010111010101001001111000011110100
1101110100110100101001101111100110100100110111110010100011011100
1011100000110100000110100001110101110000110100110111111001110101
0000110111110111110100011000000111101100001001010011011000001011
1001111111011010111110110100100010010000001101110010010000101010
1100101010100010011001101010000101010111000101010010010111110111
1011011001101100101111011101001011101001100101011011011100000000
1100101110001001010100101000011011101110011010001011010111101001
