0101101111110011100110110000010101010100111111000000101001011010
0011100110011110111100111100001111110111010010101101001001011110
1010001101001011011111010100101011010101101101011100100101000001
0110111100100000001100100100101101000001100000001011111101010011
0101000001000111111011110110101010100111010100110101010100000001
1100110111011100000111010100001001000101111110010101001001011110
1110101000001000011111111000110111001110100100111010110101110001
1111101101101001101000000110101110011000010011000001010101101011
0110001011000000100100100011100000101110110010011011000101110110
1001110100011000010111000000000000011100101010111000001001010010
0010010011101011101001001000001111100100010110110001010011000111
0100001001010011111110111100101100100100001100111111011000000000
1010010101001000111100110111000000010000100000010010010101000110
1001011001010100100011101011001111000111100011100011011000111101
1001111110000010010010101101000001000100101110101001111011110101
1001010101101101001000100000100000100001001100010001000110100101
0001101100001110111100101101011001010001011111011111010111011101
1111010110010001001000000101000110011000100110111001111110011110
0010011110100001111001000100110100101110111000001110111000101010
1011000111101100010010111110010101010100010000100100101011111011
0111000101011100001101110010101001100101110111111011011011010011
0101110000100100011001110110001000010101001001010110010001110011
0000111001111101111010100010001000010110011000101100100101000000
0111101000110011100100010010110111000111001111101010100110111010
1100011100110101110011011110011000100011011101000001100101001011
0011001100111011010000001100011101010000000011101011110101000110
0110100100101001010101110100010100001110010010101101001101010000
1110010101100111001010100011001001011100100100011101001010110101
0000111000101110010010111000101100000101100000100000010101010110
1101111000000111111011100011101000001000011010111100111001101010
0011011101001110000111101110101100111011110101001100010001110011
1110000001100001100101010100100101011000101010100010110110011111
0001001111111011110010011101111111000110100010100110001101010010
0010001111010100001011000010001010111101100011000000001010110111
1111100010100011010111101101000010100111000001101010001000000011
1001100100011101100011001100001101000011010111001110111010011010
0001111100101110000000000000000010011011111111011100011010011101
1101101001000011111000101110010111110001111010010110000011000011
1101001011001111111101010111011111111110100111000100011000001010
0010010000010000111001100001100100111001011010111110010010111101
1000000101000101011010011100010001111111001110011000110110111011
1101111011101110011001010100101100110111101100100010010100000111
0001011101000010100110000010011001111001011101000101000000000001
0101000111100011101000110111001110010100101100111000100010101110
1101110001100000000111100101010011011011111101000010110010101000
1110010111000001111101110100011111110011100011000011110110010101
1001101111000110101100001110101001001101100011110010111011010010
0101010101111011110111010111110110110111010001000011000101101101
0001110001100111100101000011011010101011011111101010010111110000
1100100001110010010000111100011011001000001101110000001111010011
1000110101110111100001001110001000001110010101000011010101000010
0011010011011100010001111110000110000010001110110000010110000101
0111101110101010101001101010000011101000001010111100111001010111
0001111000100001111101110011111110001111101001010110110000010011
1101110100100010101101011011101010101101001111001011010110011001
0100100110000110001011000000011100100100011001001001101011101101
0011100001000011000110100100010111111110110011101000110100110001
1111011001011001110001010001010110111111101101001100010001110111
1110001001001010110111101001011011000000001110011111001110001000
0011010010101101100110010100100000100101001000000001000101110011
1101010011101001010100000111001001000000101101110111110001001000
0001110000001000010010110110000100001001101100011110010001000011
0111110111100000010010110100100110101110001001010010100001100111
0111010010101000101111011000010110000010111010010000111110000111
0101010101011110100011111000001011001000000111101100101111011111
1000010000100011110111000011001111000110000101010000010111111110
0010001011110110010000101111101010101111010000100110001000111000
1010111111101110100111111001010011101000010111101100101011100111
0000111110100100110101111111110111110100110011101011101010101010
1000110111100110010000010000111010010001100110100110000101001001
1000101010100110110101001001111101001000110011011100101100100010
0111101100001110111111110001111110000000010000110010001111011101
1011011111010101001010011010110100000010101000110110000000000111
0011101101010100010001111001111110111101000110110001101110011000
0000111010110101001100110010111010100000100110001110110010000000
0000101000111001010011000010101111010111010100110011101000111110
1111111001001101000011101000100111100101000010000001111010001010
1111011111000000011011001000000100010111111101001001100011101111
1101011111100101101101101010111111101110101111000100100100011110
1100000011110001000110111111001101001100011001011101110101100010
1101100101100100011011110100000111001101011100000010111100100100
0000010000100010001011101000110000110011111110000001001111010010
1101111010111101000111011000101011111111011101101100010100111111
0001001110111000000110101101110000010010100010011111000110110000
1110110001010111110011101111001010110111011000110000010011101111
1101101001011000100011110011001001110000110010110110000110110101
0001001000011110110101001010111100000001110110001010010000001101
0110011001101110111111111011101000001001010000101010000111000111
1011001101101001101010111010100001100110010110001100110011010011
0101010110000110010010111110101001100110011001010000011101111001
0101010100101010100000111100100111101010101100100110101011110101
1011011100110011110011010001001000101000110101011100011011111000
1011011111111000101111101111111001011001010100011101111010001011
1001100001010111111111011100101100010110000010111111111111010111
1000110001010001101010101001111111010000101101101100010110100001
0000001001010010000101100011110010010110001111101010110100100000
1010110001000011001001000011001010111011011000001110010110110000
0010101101101010010111000011001001011010100001100111011011111001
0000001110000100110001011111110110010111000110111010010110100010
0011001001100001011110000100000010011100010010101110001000000010
1110000011110010011000101011100100110111001001110101110001000101
0010100001110011111100011110010010000001111110111000101101101010
1011110101111111000011110101100010100000001001001100110101101100
0100001011100001000100110110101011100001111111011001111111010010
1001011010100000010111101101001011100100001111010011010001001101
0000100010010010111011111111001101111000110111011111000100100001
0001001011111011001001111101000110110010100000111001000101010001
1101110110101101011010000101100001000101001111000000011100010011
1000110011010101001111100011101010000101010000011000010110010010
