0111111001110111111001110000010001001011010101011111111110000101
0010000100110010100101010111100001110010100000100111101101000000
0011111110001011111011111101011100000011111001011110110110010101
0111100000001111001000001000010100101011011011101011110011010011
0010011010011011110101011100011001000100111010100111100100110011
1000100100010001110111000111111010101100100011000100111001010001
0111010000000110110110111101001100000001100111111101001110110101
0010111110011100001100010111011101100011111010001011101110110101
1111010000100001000110100000001111010110011110010100011000110010
0000111100001000001100101010101101011001010111000100000000011000
1111111011111110110101001011000100110111110110110010010010010110
0110011010100100010100111001110101000111000100001010100000101001
1110011101010001100100011000110010110001011011010101111010110001
1000001101001101001100110100000000111011011010111000000000110100
0101000000111000110111000010101000011001100010000000010101010010
1101101110101101100011101011011000000001100011011011101001011100
0100110110011000100000010101010101111101101101001001101111111111
0001100010000110010000001100111100111000111011010001110011010000
1111100101000011010010111000011110110001101111010101001001111001
0100001100010010110001111011101010111100011010010000011111010111
0011111011011010011100101100011010001011100001010010100101111001
1100011100000001100110111100010011001101001000011111001001000011
1111001100100011110010011101110100000010111000001010101111000011
0001011110101000010101010100110010010111101110100100100011111000
1111010001101101100010101001010111100100111001011001000001000011
0011010011001110000011011011101010110011100011011011001011101110
1011100011001000000111111100001111111111111110001111011101111011
1110111111010100101111001110101111000101010100111010101100001010
0000000010000011111110001010011110011001100001101110001000111010
0101001100010100101011001010110000001011111100100100010100101010
1111000011100001011101000100010100000000010100000010011001110101
1101010011011111100100011011111110111110010110100110010111010011
0001010100000110100111001100010001001110111111011011010000101001
1000010011111011110000100101100110010110110100111010110110011100
0001000110111110000010110001111010010101110001000000011111101001
1000111011100001110101111110110100100011010100100010000100011111
1001001001100010111000001101111110100011001100111101100011110010
1101101111100101100110101000011100100001100101100000100001110110
0101100110001100011101000010011000010000000001100011110111110100
1010110001111010010101010110111000110101111001010010001011010000
1101011111000110110111000101110001110000100110111001000011100100
0110011100000011000001110111101011011110100101001010110000001111
0010100100011010111001010000100100111011001110101011101000001010
1100100001011010111001011110100010011001110011101101110111001111
1100001000101110101001010000000000011100011011100100111011101111
0010110110001010010001101100000001100000001001001000100110101111
0001000001110011011001001001100100011110100101111100001000011000
0011011010110001001110101100110001000111011010100011010000010001
1010111101101001101110111111001101110101110000111100010111101110
1001100001101011001001111100111011110101011100010001001110111000
1111100100011001101110100011001001011101111111110101010001000100
0010001010110011100110100101101001101010001010000101110011010011
1011000101010010011100000010100100110100011110100101110000111000
1001010010010001010000110000001100001110010110011010100110010100
1010010101111111110100001101101110111111110110000110010001010110
1100000100010010011110001111110111011110110100101011011001010000
1010110010110100000101100010101110100111000111101100000100110110
0010110000100110000010011110101101001101000001111111110001110001
0001100010111000101011100000011101001100011100110010101010100110
1000001000000010100000000000100011100111000000111000011001011100
1011111011111001111111100101000000110001010100000100000110110101
0001111101110101101010110010101100000000110001001001111011110011
0111001000100000000110101110110111101111010101100010110011000111
1101000010110101010000011000100000011101101010011100001011110010
0101010110101111001110010101010111111101001101110110000110100110
0000111101011001011011100110000111001110011100101000000101110000
1111010101101001101010111001001111000011110101101001010111011110
1010010001101100100111101000110011110101100010101010010001101010
0111001010001111001101001101111110000011101100101100010111001101
0010100100111100011100110101010100100010000001011110001010011110
0101001101001010010101111111111001111100001001110101011011000111
1000010001010110010011000111100111100111010100111110100110101011
0010101111110110100010110011101001010110010011010111111001111000
1100111110100011001001001101111000110010000110011111100110010011
1100110111101110100001011011001011011100011111010000010000110101
1110101111010111100010111111111101001101100100011101101111011011
1111101100111101100110010111101010111001011101011010011110011001
0000101101001111100111010100000000010111110001100111110101011101
1101011001001110010101011001100001000000010100011100100011001001
1111111110001001110000110011111010010110001101001001000001010000
1101000000101111011111011010101111000101000000111000001110100101
0100001101011111110101111011111111001100001111100101001000001111
0011101101010100011111010101110010110110100000000000000110100101
1000000100101000101100101010010100110010101011010000100101111111
0010111100011111111101101111000110101101111111111111011101000100
0111011001010000001111110100001100100001000110010011100011111000
1000111001110101001011001011100101011010000111001101110010110000
0110011001100100100001011010100011001001111110001000100001100111
0100101110010100111100011000001001110101110001101100101101101100
1010010010101110111110011101100101100001011000000011110100001110
0111111111101011010101011110101111111000000110010100000011000111
1100010000110011110101010001100111111111010000100000011110101100
0010100110111111010001101110001011111100000000100011110001101110
0100001111110001110100100111001111100001010001010001111101011011
0101000101010100001100111010000110110001111001011001110010100011
1000001100001000110100110100101000000000001010111111111100011110
1011000100111100001011100101111011100000110011010000000000111011
0100010001101011011100111110101010100010010011110101010111001100
1011000001111100011111110001010001101111111110001111011111101110
0010100100000011010101101000111100110001101010101110000100001111
0011000001011001000111010100111010011001010110010100010111111010
1010100101111001000111100110001000000101001110101100111001011000
1101000110111000111000110110011111111010011001000000010010011100
0000101010001010011011100000001110111110110101111011100010100110
0011101110010100011110011101111001111000010111100110111101011101
1011100110101110101000100000110011000010011110010000000100111010
0001111000010101001001011000001100111111101110010010011001000011
0011000001101001000110010001010111111011001111111011011100010001
0001110001100011100101011110100100010001010101101101111101110111
1001110001011001101101010010111011100010111100011001111000010110
1001111011100110110100000001111001110111111001000111110111110001
0000110110110101001101000001100001111000101110001011110010011100
0000100001100011010111000001010100111100110011010101000001101111
1011011001001010001001111111100111000001100101100110001011001010
0000100001001101101000001100100110011111111111101001101101101111
1010010110010111111100110011100010000111011110101000100001011111
1000101111001000010010111011110111100100101010100010000001001010
1011010011110010000111110001010100100001110110011100000100110000
1100101011101100010100010010110011001001111100101110011100101011
1110011101010010010111100001111000111111010101100001000100011110
1100001101010010101101000011100111101100100001111111110111011101
0001011001111000000001111101110000111100011111001100011000011100
1100000011000100100000000011000111011111000100011111110011100001
0110111111100110101011000011101011101100010101010100000110111000
0101110110111010101111100100011011110111101010110001001101100111
0010001010010101001010011100101010001010111100011110000110010000
