1001000100100011001001011111100101010110101010101101111010000000
1100110011100000100111101011001000011001000101010011111100011101
0000000010101001110111010010010101001111110011100111101001100011
0011010111001010110000001101011000001110001101110100010101101011
1010101000010101000010011110010101100000010000000010010100100110
0000100111101100000001010001111100101010110110010111101100010001
0010110111010110101100000010110111001111101010110100101110010111
1011000001011000111010101111111100111001000001101000110110100000
0110110011110010000011010101010101000110010101000010100001100001
1111111011100010010100101111010110110100111100101010011000001110
0111100110000000001000000000110000011010001111011010111011111010
0011010111100000001101011011011000011001010001101111011010101011
1110111110101001110010110011001010000101001111101101110001001001
0011111111010111101110010000110001011110111001110100011110111011
1000111110100001110001100011110010000000011001000010000101101111
1000001010011011000001001100100010100011000001011110000100111101
0011101000101000100100100011100001000000110011101001111111110011
0000111000010011011000010101011010001011100110001011011101011010
0100101000110000100000000111010100000100010101001111111111111011
0001011110000000010100001101001000010100111110111101011111100000
0111000101111110010100011110111110100101101011100100111100001110
1001000110110100001111111110100100001110111011111010100001010001
1000110001010100110100001001010000101100100101110000000011000111
1111110010100011000001001000010010000010111100000000111100101001
1111110110111001110001011101011001011110001101111101001010001000
0001111011011010101100001111000101100111101100001010101110000010
1101101100101001000010110001100001000111111100000000010010011011
0001000011001101100000001111100110110000001100010001001011100100
1001111100100001110001011100111110100100101101100111001010110011
1010100010001000010000001110111101101000000011011001010111001111
1111111101011010000001000101001010100111001000011100011000111101
0011100001110100010110100110100111101000001111000011001001110001
0110001000001010101001101010100111101000110111000100011100111001
1101010001010100101110101101010001100010001110000000100100111010
1011110001101101011100100110011101111011001100011001110110100111
1100000100010110101101100101010111000001011000001011000101101010
1010001101000001101011110001000101011111010111001111011111101011
1110101000000101100110001101110010011010110100111000100101000010
0001011100111011010110101110100111000111010011001111111000001010
0111001011000100000000111010111111101010100001011010001001011110
1100101101110101011001110110101000110100011110010001011100010001
1010111001100000100010001111000101001010010110011001011010010110
0101111101001100100111010110011111011100011000110001100101111111
1110000010010000000011101111110000110001011001110100111000010010
1101100000110000001100000001110010001110000101101111000111101010
1100000011011110001011100100000101000011100110001111110100100010
0010011100101110011011001101010010010100101100110010011000010000
0001011011000010101011110101011110000000100110011000100100011110
0001110111111100001100100100101110000110110000100101010000000011
0111010000111011011000011111111001110110110111100110000001100100
1000111010010100011111110111110001100100100000010011111110101100
0001110101010100011111111100100011100001000101010001010000001111
1101010111100111101001111110011000111000100110010100010110110111
1001111010111010000011001001101001111010101110110011001011010011
0111111000110011000100001111010111000011010111010001001011010000
1011010110101010111111011011011010111010100001010010101111100000
1110111010111101001001000101101101110110100101110110010101111011
0011110011001100100000010101000001100010101000011101010010001011
1100100110111001101000111001111111101101010010110010011011101001
0011001101111100111011010010111111001100001001000110111010100110
0010101101011110010100111111101111110010100110011100000010000110
0111000011100100000011110100000001011110101101000101000111010100
1111111011011011100100010100000100100000100011100111011100001110
1001100001111000101001011100110101100001011110000000110111000100
1010100111000110000111111110010011110000000101000011110110001100
0101111101101111110111001011001100101100001010011101101011000100
1110101100011101110010100001010001000010110101001011001111001101
1001110101000101011011111010100100111101111011100011010010011011
1011110111111001010000010010110100001111011110000111110110100011
0000001101011100010101010111111000001010001101011100101010111010
1011001001000001000110011110111010010110000010011111101011100111
1000110011111110010100000010011000101111101110001111010100110110
0011010111000011101011100011110000000111011001011110110100111000
0011110011011010010000110011010010111111101100111111100111001000
1100101110001011000010111001100010000101100111101101101110010100
1101011110100001010110011010100111000100110000001100100001100011
1101000101101100101111011001000010001001110000010100100010010110
1111011010110110010111001100011110101001000111110100000010011001
0010101101000110010000100110001001101110010111111010010110110010
1101110011101100011101011011100001011011011001011111011110011100
0000111010001001011000010110111001111100101111100111011110111101
1110011111011110001001010001011001100101101011100110011010101011
1001111100111001100111011101001001111011110000100100001001101111
1010101110000011111001101100010010001001101001001011000111011011
1101010011000101110011001111001011100101101000011011001001001000
1011000111101000101001000011100000011001101001111111101000001101
0110110011000100100011011101110111011010100000111111110111100011
0001110111010000111100010100111110000001111011010101010001111010
1111101011000111100000001101101011001101011001010100001011100110
1011010011111101100010010011000110011101110110100101100111100011
1100101100101011110011101101010101100000010010101010101010000011
0101111100001011010110100001111110100011001001011101011111100101
0111100001010100011110010000111011110000101001110010000110100000
0111011100111000111000000000111111100110000010000110001000001000
0110011011110111100001111010000000111101010011011101010100011011
1010011111010001110100000101110100010100110000100010000001001111
1001010100101100001110111111011110100011111000001011010100100101
0101111000000011010110111101001111100111011111010010101000011111
0010011101110110001110000100010111100100001011000101111100010100
1101100111101100100001111010100011101100001011001110100111101000
1101101010111101011100110000010001111101000111110011110101111000
1011010111101110111000111111100110011001101001000011011001001001
1110101011100110000000001001000011011101110110101110111101011101
1011000101001000100001110001100100011010101011011101101001110010
1110100101101000001110011110111001011010000110101101001101000001
0110001101000100001010110000001111101000100000001101101101101111
1100101111000000010001001100111010100111101001001101110000111110
0100101001110001101100111010100100000011000100101111000111101101
0010001011111000001110000010101000110101110101000100010100100011
0100010101011000011101110010000000011100001110010100000000011010
0100000001010010001010010101000101000110000111101010010000110011
0010010101101100000011101101000101000100011111001101011111111010
1101110000000100110011100001011110110111111100000000011101110110
