0000110100010101011001111011010011101110010000000110111111000100
0100011111100110111001111101011111110011000111011101110100100100
0010101011110111000100100011111010100010101011110011110101010000
0000000100011101100000101011000100001011110010110000110011100100
1010000000101001001011011101001100011000110001011111100000000100
0100110100010111000101100001001000010100011101011111010011110000
0101001011111101001001010101101001011010111100011000101100001100
1100010111101001100111101000110011101101110001000101010111011001
1100001100001100110100101010101010111101111010101010011001001110
0110100101001000001110011101010000000011000110000100110010010010
1100110110101110000000000001000011011100001110101110101111001110
1111100000001010011001100001011010000110110110010000011000010001
0100101110101100110000100111010011101011001111101010100111000100
1001010001011010001110000001100000000101100101000010011111100010
0001010110100111001110110001101110110100100011101111111001011100
1011100000000100010100010110010010101011101010110101100101110010
0111101111011000101001000111010010010101111110110110010011110010
0000001111101101110000110101101111010100110100010101101010101010
0001000101100110101000010000101011000001110110011101111000010010
0000001001110000101000110011001110001100101101010101010011110110
1001111000100110001001010011111110001110110001101110001110000011
0101000100011001100001110001101100001110010001100110111011010110
1111011011010011001011010010000000101101010110111011001000111011
0010101100001110101110001000111001000001101110100010000010001010
1011010001001000010110000110101001100010001110101011011111111100
0000111011101110000000001110000011011101010001011101101100010000
1101010100010001101011011011110111110101110110001011000000100111
0101101100110001010011100001111000110111010110001100100011001011
1001010000011111100010010000111100110000001001010001001111001100
1000111100101011100111101000011001111100110101010110101110101111
1110111000101010011000101101010100011110001011001010101011101011
1100111000101111101110101010010110101100101000000111101110111011
0011101110011111111011011110010011010100100011111100100111101001
1100010111011011001010010111101100010000100101000010010010100100
0001011110000010001110111101000101100010000110010110010001010011
1011010000010000111000000100110111110010110101001000001010100011
1000100111001001001111110100011100101111000001001110111111100001
0011010100011010101000001011001001010111000101010000011000010001
0010010101000000000010000011110100100011001010100111110000010101
1011000111011001101011011101101001100011001010010001111010010011
1101110011011110001111011000011000100011011010100000100010100010
1100011001000100111011110100101110110011001010110001010001010110
0110100010010000110100010111010011101011000011111010001010000000
0111100001110010011110010010010110100101000111111010011111110111
0100001111000101011001101100110010001001110010000001000111000111
1101000010001011111100001010000011110001000000111010111110000010
0011111100110011101010000101001101111001110100011000111010100011
0010111101110000110110101100001101000100000101100001011011100101
0100101100000010110001011011100010101111101010110001100101000000
0111001001011011010001100011101010100101000001101111101011000001
1000011010101100000001011100101101110010100000110000011110101110
0110101110110100111001101101111000010110000001100010011111000010
1110001001010001010101110001111011011101011110000001011101000001
1001011011101010000011010100101001101010101100110110000101010011
0010000001011011111100010101100011110100101100011111100101000111
1101111011110110100101100100000001110001011011111111000110010011
0011100001100010010011101111001110001000100110000101100000101100
0111001010000111110010011111011010011001010101011101011010001001
1110111001010001011011111110001100001100001000100001011000111101
1101011000001111010111010101101100110011101101111000101000100110
0011101010010000100011010111111110000010010100011101001100100101
1000101111111000110000001011011001010100110000110110011011100110
1111100100101011110001000100101010101100011111111000111111100011
0000100000000101110110000000101010100110000011000100001001000101
1011100111000010101011100000101101000111101011100111010100001011
0101000011101011101110101101100110101000100011101101000001111000
0001011001111110010110001100011101111000111000100000100000110001
1000010101010100011110110101100011001101110110000100110111011001
1001111101000001100111101100011101001100000000011000001000000111
1101111111011110111011001111010110101110011100100001101001010000
1010000001011101110101001011010000100000110000101100000001111011
1101000010110010100000001111011001010111010101011010010100111101
0111000110111101110110100100010001110111111111010101001000111100
0001010011101100111010000101010001001010001010111001001011011111
1111001001101110000110011011001110111010110010101011011100000110
1001011010010011110010010000001111001001101110000111101011000000
0101011000100111110101010111110110111000010101000000000000100111
1111000100111100010101101010110000110001111110010001101111001111
1011100111011010011001011101010000010000101011001001101000111110
1101100011011100001111110000010010010001110110110100000111010000
0010011011000111101000011100111100111000100001011010100110100110
0101111101100111101110100000110001101010011000001011111110111010
1010110000001000001111101001010011000101100001001101000111100001
1000001011010110101100001001101011011010100010001011100100010111
0111110011000101110101011111000111001000110000011110010101100000
0000000100111101111101011110100101001001111101101011100111111011
0000100011101101000010011110010000001111010001110110110101110010
1101001010111011000010111011001100001110011000110111001000001001
