0011001100110010100000101001000101111101000000000101110001101011
0011000110100110010100110101100001101100011001010000110110110110
0011010110011110011011001110110000101011100100111001010001011100
0100001010101110001101001001110001001010010101000100100111110010
1110110010011111101000011101100111100001001011010111011001100011
0010101000000000110000100111001100110011101100111101001111101010
1110001001000011100010011111100010110101101100011001000111100000
1100001101010000100000000111101010110101111000100101100010100011
1001010111010100010100001000011110100010110011101001000111110111
0011010110110011010001010011001011111011010110011010001000101111
0010101001101011011110100100111111110011000100111101110100010001
1011111011000000011010001000001101010000000100001111000010100000
1011110101100011001010000100111100010001011001010100100010100001
1110001011010001000101101010001000101000001010011000010010000101
0101011111111100111010000000001110111110000010100101010111100110
1011111110011110110000001111000111011010111001001111001101100111
0111101001100000011011101110001111001001100101010011001010010010
0100101011110110110011010101101011001111101011001101111010001111
1110100000011111000011111010110010000011000010010101111111110101
0100100100001100110100110000011001100110110011011001111001011101
1000011111101000110000000111011010101100001100011100101110101011
1010101101000000010100001101101101000111000011000000110010011110
1100100101100011101111101011011001011000110010101000111100010001
1011101110011100011010011101101000010001111110010011101001010110
1101110010011101111011110100110111101111111110111110111010001000
1111000011111000000011011100100011000001011010111011011011000111
1101001100110000101000011000100000111001101111110101001100010111
1011100110110001110100011101011110101000111000101000111101010001
0000101110011111011100010000011000100011111010110011111100000010
1000110110000001111101011001010100101000000101111110101010001101
1111010111011111111000001011110101011111101111010110010010001100
1010010110101000110000100010011110111011101101001010111010010110
0101100110100000010000000001001000100100101101011001110100011010
1100000011111101000001010100011110001000100100111001010000100001
0010101101101101100111100000111111111111010000000010011111111011
1001101010001111011110001011110011000011010011100010001011110011
1011000011111111101111011111001000101100000111110010001110011010
0100111011111010010011011100111010100010001001100100100100110111
0010000001110000100010010111000100010101010010001001010001011101
0011110001111110101100111010011011001000011110000110110001110000
0100011110110110011111111101110100110001110100100111011001001011
