1001110000101001011010010110011101001000100111100010110000000010
0001001001100111011101010101110111100010010000010000100111100010
1000000010011000001011111011111000111000110111010011010110101101
1111110100010010101010000010011011101110010101111011010101101011
1001111100010011000010001011001100010000101011011011000110010001
0101101111001111011110000110000111100011111110110111100001000000
0000111000011100001110111011001011000010101010001101000000101001
1101100000001001100101000101001000001110011011111101010100011110
1010100110110000110111110011110111110010110001010100110100101000
0110111001011110010001100111001100011000011001111101010110000000
1101101111101000110100100000100010001110101011111100110100010010
0011010011101001001100111010011010110101011101100010000111111101
1111011111100111100011000001110111101100010100000000000000111000
1101011011101001100011101000010001000011010001011111100010010101
1000111100000101101101100000011110101011111001111010111110001101
1010101111111100110110011011010110011111011101111000010101010110
0101100010111111011110111111111010111011001011111110001110111101
1100000100101100000111100001111000001111100001011101001100001011
1011011101010100011101000011001001100100000100010111011010110110
1000010100010100001110011110010001011110111000000000101010100111
0111101101111111000001101110010110100011111000010111110010111111
0110000010000001110011110101011011010110100001010000110011110111
0001001110010111001010010001101011000111001001011111001100011111
1010101111111110111101101010100000001101000110110101001110010000
1101010011110111110100010010111000110011000000101100011000011001
0100110001111011000101001100000010010000000001100100110100011111
1001111001100110010000000010101001110100110110000101100101100110
0111101000100101101110000111111101100101110100101111011010010100
1110111101111111100101011100011001100100010100000101001100000110
0001101000011001100010110011011110110110010100001101011001101111
1101001111001110000111001011010101100100001111001010011101010100
1000111101010000101010010011001110110100001011110110010001101011
0000110011111010101101001011111011001100100001111000001100010000
1000001010100001000101110100111100000001011110110101011100010111
0111110000010000101100000010101001011000001001000000100111010011
1101111110000100111101000001111011010010011011011110101000010111
0010111110110001011000001010000101001111001101001000001100101001
1100000011111010110010101100001110110110110111010111011000011001
1000000011000111111110000010110111101000001001001100111101011111
0110100011001010000011000111101101111110011101101011000110010011
1001001000001100111011101100110110101110101110101101100001010100
0110000110001001010110001001001000011111101100001101000111001010
0010100101001001100110100110100000001011101110100111011010010111
1110010101000001100001111010101010101001101010100011001110011010
1001110011110001011000111110111101011101110011100000001110011110
1110010110010011011110101010110111101001001111100011101000101101
1110010101100000011101000101001001110111101001000101101010111101
0000011010110111111100001000111011101110010110010100010010101110
0010111101100101101000000101011001011111011010110111010000110001
0111110010000000111111010010100101010010011000000110101011111000
1001111101111001110111001111011011000001100110111100010000001010
1111110011111011101100011010010100110110001001001101011110000011
0010010001010111110111111010011111100110100110110111001000011001
0101000100110000011001111100101101111010000100000000000100001011
1100111000000100011011011001101110111001100010111110100111010101
1110101111101111111110011010010001110000001001100001010001100111
1110000100010000110011010001011011011100010111111111111001111100
0101100101000100110000100010001000111100101111111111011100010100
0111001111001010000001111100110110101001100011010000000110100001
1110111111001001100011110101000111011010101111101010110010010011
1100000001110111101000010110011101101001001101000011110011100011
0101010000110011000001000001011011100010011000101101011000001100
0011000000110001000111011011101101000010101001101100101100110011
0101110100111110000101011011010010010111010000000011101111010001
0010011010101100000011001101001100111110001000101111001101111011
0110111011011010111101111101001111010010011001101101101110001010
1011011101101011001100100000000101000010001110101101110110010101
1111111100100010110111100100000011110111100000010100000110001011
0111010001010011010111100100000011100010110010110010100111010110
1111111101000101011110111101001110010001010111011100110001111010
1001100111110110111110001111100101100011000000011000110101010001
1001101010100100111001010000000110111000100111001101101101011000
0110001101000100110111100101100001001100001011001110000101100011
0100101111100110101010101001100110110001101111001100010011010001
0001101101011010001000101011101101101111110100100110010101010010
0011010000000100001010101100110000001110101001111100110010111110
1111010011011000000010111010110001001111100101110010010000000000
1011010010011011111100100001011101001000000001011000101011010010
1111101011111110100100001111101111100101100110010110011110010110
0111010100111111101011000011111110110011100101100101110111101101
1000011000111011101101110001011110010110111000001101100010101100
0111000011100100111101000111010110010110111000001100000001010011
1110010011101000111101010101111110110101010110111000001110101000
0111101100110101001011100000010100010011010011011001100100111111
1011001010110010011011010000110011010100000111010110011101011110
1110001000100110111101100000010011110100001010001100101110011110
1111111001011100001011010001010010011010001001100110100101101111
0111111000001100000011101001000011100001110000111011101001100000
0001110011111000000001101100111101111000100011100001110011110001
1111110001000111001100010001011100010010011000000010011000111111
1100010100101111100111000011001010110100100011110101000011011100
1111110101111001100010110101010001100010011010100101101011001101
