0111100111011111100011111010001011000101011000100100100111011111
1001101010011000111010001011000011101110010110111010110010111000
1011001110011100000010010000001111110111011111101001010011100010
1100001000001101100110010000010110101111001111101011010100111110
1100100111010111000101110110000101110010011110110000010000111011
1000010101101100001011001000111101101011110101011001100110100001
0011010010100110011100010010011011000001010011101110011110001111
0001000101101000010111100100011100000101110010110111101010000101
1100111101110000101011110101101010111101110001101000110010001010
0000010101011100110101101110100100100010000100100100100001111000
1110011000010010001011111101011110111010010011111001011011101101
1100010110110101100110100100111001110000000011001100100001101000
1110000010000101110011001001111000110101101010010111001100111100
1010101011011111010101001010000011100010111011110001001111010110
0101000010010011111010001100110001111101111101010101110111101011
1100110000011111001011100000010001100000010111101100010011100010
0010010011010101000111100010100000000001100010010110011011111110
1101010000010001011000110000110000111010101010000000111000101000
1010110001010110011111010110111100010001110000001101100011011101
1011101110000001001010001001110111010111110110100001111001010111
1001000100111100010011110011101000100101010011111011111100100110
1011100100011011011001000000000110001100101100001010000101001011
1001001111101111000111110010011111011100011001000100101110011001
0011110110000010101010010111101010111111110000010011101011110110
1100011110000101101100100000100100011001001011000110110010111111
0110110110111011000111111001010001111010111010001100100110110000
1000111001010011111100101001000011111000001110001001011010110100
1111011110101001010111100010001101011001111101001110011100100111
0000001001101101001111111101011011101011011101101111111010100110
0011000010000101110101000100101111110110011101000010011101101000
1001001011001011101101011010011100100010111111100010001100100000
0110010001100011010101101100110110000111000001100001101011111101
0110011000010110111011011001101001111110110011111101100010110101
1110101101010000010110111100001001010001111111010011101110001010
1011001100011001100000110010101101110001011111111100001011011110
0111001010001110111000110000100101111111101011101010011011110110
0011000101011000100000100000011111101101100011101011010000110010
0001100011101101000010011101110110011010010011111000110101110110
0010001110100010011110110101010100010101000000100000001101111101
0110001111011000110110001011001100010011110001001010111111000010
1100111010101111010001000101011111110111100000111010010001010101
0111110000010011101011100111111101111110011100111001110110110111
0100000100001101011001101011100001001011011000001100001110100100
1000011011101100101000011011000010111001001111011000100110000111
0000111000110101000111010100001110011010000110111011101000010011
1110001000100100100111001111011000110000100011101010001101011110
0111101110111000001011010100100010110111000111000100011000101101
1000001101000100110000100010101000101010001110001101001100111011
1000001110100101011001111100100100100000111110101001000110111011
