0001110001101100011111010101011110011011000101000010001011101110
0101011101000111000000010100100010010011110111000100111011001110
1110101000011010101100111001011100010111110010101111111111011000
1101001010010110110011111101000111111110011010101101110101101101
1011010011111111001110011110100101010011100111111111000111001000
1111000101100000010001001100000011110011001111011011010011001010
0111101100110010000101111010010000011010101001011000001111000011
0110000010101001100011011000001001010110111001000100011110111100
1101001101110011010111100110010111101100101010101011110110101011
1001011101001111011110101001011001110101110101001010001101001011
0110000111001110000100011101110101110100111101001111100100011111
1101111101101000110001000100111100011100010111110000010110011101
1000100100011100110101100010000011011100111110111001011001101000
0110001111111001101011010111110111001101000100111011001000110001
1011101000011000000011100001011111010101010100100011000001101001
1010100010010010101010101000111001100001010100001111111111001111
1000110010111111010110101010011001011101111011101111110110011001
0110010000000100101101000100110001000101101101001101000110001111
0011101100101101001000010011111100110001110110111100100100111010
1100110100000011101101110011000011100011111001000110110101100101
0101100011001000000110101101111110111110011000111001000110010010
0000111111110011100100110000110100000001101010001001110101000101
1101110110111101011000110000110110100110011100110011000001111000
1010001011000111011110000110001101010010111110101100011101000110
1011011011000111110001100001011010110011111010010001110000000011
1001010111001111110100011110111110010110011111000001101011111011
0011010111100011011010000101101101110010000000100010001111111111
1110111101100100010011101010101001001111001000101010101110100001
1000001100110100111010001111000000000011010011011101100001100111
1101110100110000011001111110001000001011001100001111100100001100
1100000001111010000000111001110000100000000110000001010110111001
0010111111011111010010100001110100001101001111111101101011001111
0001101010001100000001110010111100101001100111111001111011010010
0000010000100110011100111110100010100110010000100101000100110111
1001010101111111101100101011101100100000101010111110010110010010
0110011001100101111110101001010100111101010101100111011110010011
0110110000010000101110101000010101110100010010011100010010111011
0011000110110100101000110110001010101001110010101100100101011111
1100010100001111000101100010111001011010010100010001010110111100
0111010001001111010001010101101001110001110110100000110101001111
1010110101011001000000000011011011111101011110110110101000011101
0111001011000101000111000010111101111110000100100010100110000001
0001111111101111101011101011000000101000010010010001001110001000
1011111010000011001001001011110010011110001010100011110001100000
0100111010010000010010001001110101001100110101000010001011100000
1110100100010011000111011001101010000001101101101100010011101110
0001010011110101100001101111111110111111100011101110110010110101
0100000111111010010010110111110110100101110101110110001011011110
0111100111000101011001101000111011101001011111010101000111100100
0111011010110110000011110110011011000010110011110010000000011000
1001010000101011010101001101101010111101111110101100001001100100
0000011000000100110101101011100110100111000110111010101100010110
1000000111110110101101001000101001100011001110000100101110111010
0110110101000000101100011110010100101101111011010101011011111001
1101000011111110010010010000100101100001101111100101011101010010
0111111000100011010110001001100111011101111101101010010101110010
1001111101010100001110111111110101000001011011001111011100011101
0101011111000001101001000001101011111111011100011011001110111011
1111001100110010001011110001011101111010100011000001010100101001
0110111110000101100001111011011110010000000101010100010111011010
0111010001001101101100110011011111000111110011011010101111101010
0001111101110000011100000000000101101000011010111100011000100101
