0110010000100110001111000111000101000000101000010111001110000110
1111101011010101101110001001001010100001000011110101110100111100
0011110011001011000111010110000010100110101110111001010000100000
1111111000010011111110001101010101001110111011000010000000010001
0000100010111100101000011000000001110000010010001001100011111100
1100011101111110101001111000001110110110111111110011110100111101
0001001101100000100110111010100111001010101010110011111001111110
0010001101110011101001011111011101101111000111110001100101101001
1100011010100011100001101110010100100100000100010001000110101111
1111110010011000011101100011100010110110000001001111110101101000
0101011011111000101100110111011100100001101000010101100001101010
1100100110011100010010111101110110111001101010111001101100000111
0010011010010010001100101001110010101000110001111011111000100011
0101101101011100011010101111010011010010010110000110101111010111
0011100101100000110000101010011001010101010101101100110111101001
0100010011110000001000001001011001011000011000100101100110100111
0000101100000100011110011000101111100011000110000101000010100100
1011110010011111111010100100100110100000111101111000001111000110
0010011100100100001001010000010110100010100010000101001100110100
1000000110111110100001100110011110001101001000011000001111101100
1110001011011111000010001010010110110001010110100001000101111000
0010010101101011100010011011011111110010001000100111011101100111
1101101011010110111011010100100011000010001101011110110000110111
0000110110110000000110011111000111110100011110000001001101010001
1111001011011111111100111010111011011100011001111001000011011111
1000000010011000010011011101000010100111110011011001101010110100
1101001011010110111011001010110100101110000101010001110010001010
0010001100010111001010100111011010111101100111010101110000100110
0010010000101111011101010010010100000001111011110001001000010000
1010001000000011100111100101111010100110010101111100101011101001
1001000001101001110011110110111010110000100011001010011110000100
1101011000110010000000010110000010010001001101000110101111001110
0010111101001001100111010111011010100011011110111011010111010101
1011110101011001101100000111011010001100000111101100001000100000
0100001111011000110010011011111011001101111101011000100110001010
0100000000110100101111000010111111011111010000001101000010111001
1011100111111001011110110001110001101101001001000010110010000110
1001001001010100001000000010011111011101001101111101011110110100
1111011110110110101011001000001100011001001100001011111011101010
1010100110011001010001010000101010000000000011100100100011011101
0010100100010010100111001001011011101100110100001000101011000001
1111101011010000001101111111111110000001011000101101010111011111
0111111101101010001000111110101001111111111010110111100000110001
0110110001110001010000111101011110110011100011111100101110001001
0100110001011100010100001001010101111000110100110100111001001100
1100001001110110000100010100110101101110111010111000000011111101
0011101011111000111000110111010100100101111010100111111110001100
0101101010010001010100100001000010101001011100100010110011001011
0111000011010010010001000100000011000101101001001111100000101011
1010111000000010100100111100001001000011100010100010000010111010
1111000110100111110100110001110000000100110111010110101000000101
1100111001100111010001010010010100100111101000101111111011100001
0101000001110001111001001111001011110110010100011110100010011111
1100000010100111110000001111011110111110000011010110000100001000
1010101101001011000011000010101000010111111100010001101100110110
1100000011101011101101001011001101001101101001011100001010010000
1100110010110011001111011100000111001100100110010010110110000010
1000100111001110001010100001111011010010011100100010111000100101
1101110011000100111001001001000111101100001110011100101111100111
0011011000111100101100100100101001111111010001100100100110111011
1111101010011010010010011101000111010011001010001001011110110001
1101110100110110110111111111000111011011010100110100000110111011
1001011110001101111110001111100010101001111100111111010100111111
1110100001011010110001100101100000000011010010001011011101010000
1010011110110011110010110111100101110000100011100110111001100011
1001111101011000000011001011100100111101011110011000001010000000
1010101011011010111000101100110001010101001011111111111111000001
0101001010001111111011111100010100000110010110011000101101101011
1101010110101001001000111110100111100011100110100000000011010111
1010000001101110000101111001010111110111111100010000011110001000
1100011110011000110100101011110001111010010010100000000100000011
1010110100101011000101001101111111001010010111101010101001111000
1010100100100101111100101111100001111010110001001000011101001000
0101010111111000001001001101101000001000110001101010010010001110
0101101101011100001011001011011100001110100100110001000011010000
0001000000010110011101001111110001111111110110110111100011011111
0100100000010111000000110110100111111101101000001111010010111000
0111100001111100000001111011110001100011000111011100110100011110
0000111101000111011100101111010010110100111111110011001011111010
0100001000100101001100101011111010111110001000010001101111010110
1010100000110100011111000001010101110101100010110001100101001000
0010110011101010001101111011001010000111101111100101011100100011
0000000100100011010111010011100110000101100010010100011001011111
1001111010101110100010101101000011000101111101010100001011101011
1010110100100100101100010010001001010111100001000000101011010110
1000011001001110100110101101011111011110100111100110101110101101
0011100000010100010000000111010011011110101000010010100010100110
1100011111000000100011101000000001100101001110001110110011000111
1000111110110000010111000000100111010111010011101100000110000001
1110001110111101110100000101111010001011000100000000111110001011
0011110111010111101000001101110000010100100001001110001001001110
0100111110101111011010100000110000101111000101000110011000010000
1010011000010111011011100001110011001010100101111010101111010110
1011000010110100010111000011000111001011000010001100101000110010
1010001101011100111100011001001010111101101100010001101000001110
0000100111011100001100100101011101011001111011010010111011001011
1110111101011111001100010011111110111101101000101110110101110000
0100000010101110111001111111011000001111000100101000010011001011
1001011000100001011100111110110000111100110110111010001010110100
0001101010010110011111100011011101101110011010110010100010100100
1010100010101101111111011100100111001101001111001100111001101110
1000000000101000111000110101010101110010101010010010010000100000
0010011000000111101000101010010101010001000110111111010100100000
1110001101000010111110101001110000011000011101110101011010111111
0010011100110110100100111100000001011111001101010110010100111110
1101010100010111111011100100000100010110010001001010010010001111
0011001001110010001110010000001110100011010100000011011011100011
0111110101011001000011010000001001001110011010011110101111011010
0101101110001010110110110101000111001110011110101100001100111011
0110010111001100000101000000000001110111101011011000000011000011
1100101011111011110100001111110100000001100111011111011010100010
0001011101011101111100110000010110001110100100001101011011101100
1101100011010000000100001010001001001010000001111000000001101011
1110100000001111101111000110101001101110101101011000011001010010
0011001100001001100101111001100101011000111011101110101111010010
1011101100101100011101100101011010100001010101111000111110111001
0111110101000011101001100111001010000011011010100001100000011100
1111001010111011011001111011010100011111110100101000000011111010
1100111100101101101111000100110000011000110111010000101001001110
1001011110001011111010001010001100111001011111100011101010011110
1000111100111110001111010011111111100000100000011010001001001100
0101000000001010101010000101000001110011110110100101101010100100
1101100000110001100001111001101100110110010011111001010001010000
