1001111010100001101100000010001000000000001111111000011101100001
1110011110100101001100110010101001111100100010100001111111101101
0011001110000001101000110010011000111001111000011001100101110001
1010000011101000010110111001110111011011010110101101011111111100
1101000100010111000000001100111010111001011100101000101101011011
0100000010111111011001100010010000111100001100000100110010001010
0010110101111100010001110001011011001011101100101001011100011101
1001110011110010101101110100010100000010011010101010101101110100
0101101110010100000100100111101110011110100101110001110111000001
0010000011001000111001100011001110101011000110100100011000101001
0001001011110000110100110100001110011011000111000100100001011011
0111011110000101111110000110110011111010110011100111101000111011
1010110111011100110011111010110111011011100000110000000110000001
0101111011110010000111001000000000111011100011100110010111010110
1001010011111110001010001110111111010111001111001001011100010110
1110001001001000110110100010110101100111111011110110101010010000
0100101101111011111110000111110100000110110111110101001100111100
0110111110110111011100010011000101100011000001101000001010100100
0110100101001001010110110010100110011000011110110000101001010010
1111000000001010011100101000001100100110010000111111000111011110
0010011111011000101111001101001100001010101010011011010011100010
1001110001001110001111000100110001111010100100010001101111011010
1101101100110011000100011100010010111011001111011101000011000010
0100100110011111010110001011001000010100110001111001000000010101
1101010100100101111010101011100110000001001010010100011100111100
1010010101101101101111001011001001001011001011111001011011011101
1110100010000010000100110110000011001011000111001001111011101111
0001000010111001010010110110101011010110100010000001110101010010
1001000011100000001000000101000000001011001010001110101011000100
1010011011011010010101011001110010001101100101001111011111100011
1000000101111110000011011000011101110101110101111000010111110110
1111101010001100011001010110010010111011111011111010010111100100
0111110101000001001100101111111111100110100101101010100001110101
1100010011111100010110111111011111101100011010110000111010001100
1010010101100011100100110001110001011010110010100000001001000111
1001110010100100010101000001100110000101000101000000101111111000
1111100101011100000101010000000000100100110001001000111100111110
0011010011101101011011100001011010101101011011010101110001010100
1111001101011000010000111100111110111000011011110000011111111010
1110000101100110000111101001101001110110110101011100110110001000
0110100111001010111100010011110100101100101110001111111100101010
0100010101100110011101010010000110001001101110010011100110001110
0101001100101010000010110010010001101111110101011110111101001001
1011101110101111010111001000001000100001101101000000110111101110
1101101011001101110101100100110111100111001111010100101111110110
1111110111100100111000110010110011011100111100000011011010011111
0100100000000000100110011111101011000000000111001101001000000011
1110111001000110111001000000101110001110001000111110111001100010
0111010111011001100100110101101111100001101011100110001100000000
1001000110001011101101111011011001100100100101000001110000110100
0000100100100110101100101110000101001010111101001111010101101001
1001111001110010011110101011100011111011010101101110100110010010
0011111111110011001001111011001000000011100110000111000111101101
1100010100100010011111100001010110001001010111111011000001010111
0010010010011000001000100001000010110010110110010101000001001100
0110010111111101010111010100100001111100100101010001101110110001
1101100001001100110000110001011010010011100010010011000110110010
0011011000111101110111101011010111111111101100010011000111100110
1010101000101111001100001110010101111110101001110111001111010001
0111000000011010000011101001001011111110011101011100001101110000
1111010001110100110000111110101101011000110101001110100011000000
0011100100111010011110111011001111110000001111010010000100011111
0111011110011111001100101101001101010111101110011001101000100101
1100011011001100001010110001110011010100010101111100100000010110
1100001111001111010001111101001110101000001101011101110000011101
0101000111001111000010000111010001000100111101000111101011011111
1010111100111010000001001010011000110011111111100000000111100001
1101100110101101010101000011011111011111001111101100111011101001
1001101101000101000100110001010000110011100010010011111100100101
0010111010001010110101111110110100000010011011110001001001011111
0011110101101010011111001110100001111000010101110110011001011000
1011001011101000000010100101111000011010110101100010101001011001
1111000101001000010010010100101110110000011100001010000011010000
0100001000110100010111110011010111010100000001101010011111001010
0110000010010101111111010100000100000001010011000000111111111000
0010110000111111101110011110110001110100110000010110010000100100
0111011101000110111110000011100111110000010110100110111000001101
1110100001001100001101101101000110011011000000100101000000100111
1010001110110101000010001010000010111101101000001011011101100110
0000110100001101110010100100111000001100001010101111101010111110
1000010001100001000011110010110101011101010100010011010111111111
1111010000011101111100100100100100100100000111000101001000101111
1110110000101001100101101101000101000001001001111110000000001011
0100101110100001011000111101000010000100101100000011010001001101
0001011001100110110111010110000011011011101101111110111100110111
1011111010000111111101000011101010100101011110101010100000110010
1111011011001100100010110101000110010101010010110111000000101000
0010100101100111101100110101101101110010101101100101111001001000
1011001101000110010110101100011000011011010100010011011000110111
1001010111100000110011001010101111111100001001101111101000010011
1001100011111100000100110111111010001001000000111010011110111110
1010001011100110011100101001111010000000010010111110111100011111
0101101010001001011011101101111011101011011010111110110000111101
1001100111110100101001111000000001010000011000011001001100100110
0011111000011000111001101111111001011101000100001001101100010110
1001100000101101110011101111010100011100011011011000001100011010
0010100110001011100011101010011101101011001011011011010100010000
1000011001101101000001100001110010000111101010001110001001001100
0110010110111001100110010111100100101100101011101000111010100110
1001011010001101110100000011101011010111011000010011001010101001
1100101110010000100001011111000101011000101010110000011111100110
1101111001001100001010000101110001110101001100010001000111010100
0011001111001000110110010101001110011101010110100011011001010000
1110010000001101011000100010111101000111010111000100111111011011
0100001101000011011111001000010101101100111011110110000010110001
1000001100111111011110110000110010111101101100000110111001011110
