1110010100110111110011100111100101010101001101111000001100000101
1101100011001011111001010100111000110010010000101111110111011110
1100111000010011100011001101001001110011000110101111010011000000
1101011011000000110001001111110101100000100001000011110011001110
0100000101010110100011111011011101111010101101101000110100000011
0010111010011000011010001000000001001010100010001010011100010111
0000101001110100100111011010001000111110000011000100110011100101
1011111011110111101101100110000001101111000000110001111111100001
1100010000111110010100101111101011011010000000110011001010011100
1100101000110100011100000100111101010101001101010011011011111001
1011000000111100100000100001000000001111101100010100100101000001
1010101111010010000111101101000100011011111101100011111011100011
1110000001101111001011001101101011000010000001101100110001001010
1011010010011011100011101100111011000110001110011000111001001111
1111000001111000110000101100011000100010011001100011111000100111
1101100100101001000001101101010100101110110001011101000000101001
0001011000001110010000100100110101000001011011000100110010100011
1110111001011100110101100010001101101110010111011000111111110100
0101000001010100101100000110101000000100111110001000110110100010
1111001111101101101111110111110001111000111000010110110111100011
0111000101100011110001101111000010100001101101001100101100011101
1111101001110001110101000110000111001001111111010100111011111011
0011010111011001111101111010001110011001010111110100110001000100
1111001000100110100010111010110011000010111101001000100001101001
1011010010111011111100000000110110100000101111110101110011111000
0101011100100000110001110001111111100100101010010000110101010011
1000101001110000010101111001110001100001001101011110001100000000
0111101001000001101111010011011100001001100011010010000101011011
0110001010010010010011010011110001100100001011111011000110000010
0100000110101000000000000001001001001101100100011001010101010100
0110001101010010111110101010110110100100011001111100100001011011
1100001010110011010101000110101110001111110110110001100100111100
1100001110000100010001010110010101100100110001001011100010001101
0101110000100110000011010100011110011101110011111111110000110111
1100100001101110010111001011101111001100110000100000001111100110
1011000011001100111011011110000001101011000000000100110110100101
1001000100101010011101100110101000001010110001011000000110011101
0010001100110111000101000010001110100110010110011010011011011101
0011001000001100001001010010011011011000111111111010111000000101
1010011100011011110010111111000010000011100011100011101011001010
0101110101110010010100101000011101001111111010000100111001110011
0101100100100111111010000100000101010001101100110100010111010110
0110101111111101100100010000110011000001010001100011000010110101
1000100110101101100101011010001100000000001010011001101001010111
1101100001000101100111010101110010000011101010110110100001101100
0000111000111111010101011100101100100111110010010110010100000001
0000110000111100011011110100111001011111101010100110111000110010
1110100011111111001110001100011101111111101011101111011001101110
0001011101010110010010001111100101011101101110010011001001100011
1101111001111000110001010101110000101011001000100111111111101000
1111111110111110001010100111111000001010111011101101101010100111
1111111011001011010110011110000100011001101110101011010010011110
1101100010101100111100001001010011101101000001111101001011001111
0100011100111011101001111000111011000100100110111010001110000111
1000110001110100000011100001011001111000101010001110111110101011
1011101010010111101010001101000001100101010000110111001011001001
0101001111000111001101101111101000000110101011000001111010111000
0000101110101001100000010100001111100111110101101110101110001110
0111010111001101110010010011111001000110011100110111010010001011
0010111001110110110110010011011001011010000001110011001111101100
0101101010010000101010101100110111111001100110101011101010111101
0001011010010011100010101000111111111110110000001110110111001000
1110001110100111101111010000101101000011110011011111011010110100
1101101001100000110010010111011011110100110001110110111010101000
0110001110001000111000101010111001111000101000100101110000001100
0111001001010010110000001100111101101001001111000010000001100011
1110110011100100001110100110101010110000111011100101010001110011
0101011011111001101110101000011000110100001111010000010001110100
1111000010010000001011011100110000110010110001010000111010101001
1001000011010000101010111001010111110011011001010010011001110100
1000101011111100000000110010001001000001100111110001010110101001
1101101001101110001110110100111111001111100110101000001000001110
0101101111001001011011000001011101100100000110100100100110101110
0011001111100101011110011000001100010011110001000110110001011100
0001110100111000100010101101101111010001100010100100011001110010
1101110000111110010011101011101000011111010110111001101010000101
0000100011000001101111011000000001001110111000011111011000100000
1111101110010001000001100000001000101100010100111000000010111110
1011100111001000100011110001110010111111011100000111101111100000
0111111001011001000100000010011010001011111101011111011010100011
1110110111011001010100010100100010000110001011010011110010001010
1011101001111001111111110111111101101000010001001000000110111010
0001001101011010011011101100001110000011111110110100011111100000
0110101100000000111000111111110011011010101111101011111101110111
0000001110010001000000110111100101010111111110111010101011110111
1110000010001001001001101011100000001100101111011010010110010110
1101000100100111111011110001100001000000110011111111111110101111
0110010111100100001111100101000100011001010111000011110111101101
0110111111011001011000101110000101010011101100001101100101110000
0101000111111011011000110101011010010100101010001001110101110001
1001100001001011111000010101000111000110111111000111001110111011
0010010001001111000100011110100100101110010001011001100110000100
1011011111000011010001011111000100000111110100001011100000100000
0110111001101000011000111111000010011010000000110000100100100101
0001001000100000010100111101111010111010001111000110111110011110
0000001010011111000110001101010101100100111110001010010100011111
0000111110010101101000011000000110111100101000011100000110110001
0100100000001111100000001011010010111000101111001101001101100111
1010100011110000001110010011101100101011010101011010110111111111
0001110000000001010101000011110101011110100000101010100001111000
0101000110100000101001111010010101001001001110101110011001101000
1101100111110011100010100011010100101010101010010110001011000100
0000010100110101001011110111100101101000001100001010101100000110
0111010101110110010001111001010011010011011011101010000011001000
1111011101110010110100111001111100000101000100000110010010100010
1101100110011100011010110011101010010011011110000010110110000001
1000110000111111101000100001001111101001110010010110010101001000
0110101100010111110110101001111001010100110011110100111000111000
0100111111111010100100101001100000110000100110111110111001001101
0100011100000001011011010111010100001110111110000110110011100100
1011000001001110110100001010111101101111100011000000111000111110
0010101110001101110011001111111111100011010010010110110011100011
1110101110101110111001000001010100001011001000110001010101001100
0001010001010001011011110111001010001111001000011101011001101010
0110001100011100001010101111011000101111111000001110011111101110
0001011000000011010110010011011001001010001001011000101000010001
1110000000101100010101110111101110000110110110011110000010101110
0111101101001101010111001001010110111001101010011111000010111010
1100010011110111010001101111110111111101101010110000010000100110
0010111010100010000001000101100000001111011000011010010011011100
0101011110010101010110000000101001101010001111110010000011101110
1010101011010000101111011101010001010001101100011110100101011001
0000111111100010001001001110010100101010000000010100101100011101
0101000010100000011111010010100111010000100110010110110100010011
1011101001100101011000000011111111111111111001100101011110101110
0010101110001010101101111001000101010011110101100111101000100100
0111001010101101111101010010111100101111111110010110101101110001
1010101011111000110010111001101000010000100100011111011110111010
1110011001011000011111000000111110010001101110111010101111011010
1100001011101111000010111101111000010001100000110100000101110010
1100101001100100000000001000001100101010001101000011100000100100
1000110011101111010111011110110100100000011110011111011001001001
0110110101010111010101010000100011001011101111111111001001000001
0111110111010111101100111000001011011000101110101101111001110110
1100001001001101011011000011100101000101011110001011011100000000
0111110100111001011100010001000101101100001000101110110110001100
1001000110011011111010010100110000001101001110001010011100001111
0101010000100111000100100100101011001010011100011111010111101001
1100001001011010011010010111101001111110110011110000011111111101
1100001001111110110011000100110011101000100101110110010101110010
0010110111011001111000000011101111010010111101110111011111000100
1000111111000000101101101011100110011010111011110000110111101111
0001110111001100110110010100110110111101100011011001100010100001
