1001110011011111101011001110101101100111011101100101011011111101
0001110000110101010010010111100010010110011110011110111110010000
0110111110111011101100001011010100100101001001110000111101011000
0101010011001101101101111010101101011000111101101001101101011001
0001101000000110111110100110111101011000011101000110111110010100
1111011001110111001011010010010010111111001010010111111000100010
0001010000001010100110001010100001100010100100000010111111100101
1111110011000100010011111010110010000100011111010111011011010101
1101000010000001101011010111010110000100010100001110001110000101
1011000101111101101101010001101101111100111100101011101101011011
0000010110000000000011001101111101010110001100101010000001111111
0101010000001110011011000001011110100101111000110101011101111110
0010101010001000010110100100000010110110000111111100100011000000
0000110010101101001010100011111011100001110100001101010011000010
0110011100111010001011100011001000011000011100001000001111110000
0000100110010001110001110111110011001011011010010000000011001001
0101110001000111101010111010101111110100011101011111100010100100
1001100011110100000010101100111100110000111010101000000110110011
1000111011111101101111100110111101111110111110000110010100110100
0011110101100001110101000110001010100110110110101000001110010001
1101110001011001011110000110100010011010110101101100001010011101
0111110000010101110110110001001001010010111001111001100110111110
0111000000110110110110100010100101100111000110000101110001010001
0000100010100010111001101100101011110011011011101110010000100100
0100011110000100011001000100100100011110101101010011001010101000
1001101000010111100000100110101101001001110110010111101011011111
1011011010110011001011110011001011010000000011001101101101011101
0011001111011110011010100100101011111000001101000111110111111010
1000001010111101100110001110110010111001101100100000101000111000
0001101001001101111110001100110100101110011001111001000011000011
0000001010110001000111110111110100001110000110100100001001101010
0100000101100011111100101100111001001001111010100011001001010110
1111010100011010100010000011001010100111010111100111001001110100
0111100011010110100110010101100111011010011110001011100000000110
1100001011001100111010110001001101101010110101101110001101111001
1101110111100111000100101011001110010000000011111101110100100111
0000000001000110100011101000100110111101101010101011010101010100
0011001111100011000010000100111011101011100000111111000001100111
0100011000110010001000101000100011111001100101001101000010110001
0001100010100111111100001001001010010001100011110010100010001100
0000111001010011110001000010001010001111001010001100000111011100
0000010101110100110001100110100101011011110011010100111010111101
1001010100000110111101011010010101010110011010110110010001111101
1100100110100110011011111011000111000000001010110011100100001100
1001011011001101110010100011111100111110000000101000001100000101
0011000111001000011000010101111000101011011001001100101010100110
0100000001010100011000100001000000100110001100100001001011111100
1110110111110001111011010111001001001010111000100101100001011100
1000100011001000110001110011111001100110101001011010100100100001
1000101100110111110110101111011101110000110000100100101111101001
1001111101100011111001001101001101001001111101111000001100011011
0010001000010110111010001011111110010100010100010100000111100000
1100111111010011000101000101110111001111110111111000111101010101
1110111100110010011011111101111100100010100011001110100111101010
1010001000001110101100000010111110010010000011110100100101001110
1000110011010100010011110111011100110011010100001001011001101000
0000010110001001011000111011010101001011011111111001001111010000
0000110000101111100011001001100001110001010001111111000011001100
1101010010111110101111101001011000011010001110010000011010101111
1111011010110111001000010100101110000000001001011000100000000001
1011010011001111010010100000101000010011000111101000110111011100
0000111011010000000101001101001001110000111000011100111101110101
1100101010110011010001101111101110101100101011010111001011010000
1001110001010010001100000100101111001000111100100111100101000000
1110101110000000101101101001001100001100101101111000101110101101
1101110001011110101100110011010101001110100000110110110100101111
0111101011100000001101110011111000110000100011110110111001001000
0011111000100101010100001101111010110011110010000100110111010111
0101010010100111101010000101001011101110100111100000011001100111
0111100011111101110000111011010111100100101111111001111011100001
1011100010110100101011001011010111011000001001101111101010010110
1011111100110100100011000001000011101000101101111100000111000100
0100010100101101010010100100111110110100100100011100001001011000
0100111110010100011010010000001000111010110110101100110100110110
0111010101000100001111010111110011010001011000111010100011111110
1111101010000101000101101111101010010000010101100111000100001100
1111001111111100011101011101110100111110110001010100011111011111
0110110001101001010100011000011111001101110000001101010110110010
0000010010101100111001011010000000100011011100100101000010001100
1000011011110000011010110101000110010010111111001111011010101001
0000001001011101101100101010101111010100101001011001111000111010
1111000111111110100001101110101111111000000010010010001110000100
0101001011000100101110100110111000000100011000011001010111000100
1011010010110010000100000100111001111010101010100100101101001001
1100001000001100110111011100001110111100001001101000111101011001
0100011101001010010110011111100101000000111110010111100001110111
0010001111000001010111010000010101010001110010100010011001110100
1111010111111110101010100011001100010101001010010001011100001111
0010000010110100001000000111000000011000111111001000100101101000
0000010110101101100010110101100001011100110000001010000110001110
1010011111100010010101010101101010010010100000010111101100001000
1101001111101000000001001101001001011110101001110011110100101011
1111010001001100110111000001000011111010011000111001100010010111
0110100011101011001111000000100001000001100110101000001001110110
1110001000111111000100101111111111100000011000011100110111011000
1011101010011101010111110110011101100000011111111100000011111001
0100000010000111001100000100110111111111110011000011100110101101
0010010111000010001010000111011010100110011100101000111110000001
0101111100101010101010100000110100001111001010110011111100101111
0010110001110010111100000010100100110010011001100010000110000100
0110100100101010000000101101001000000001010010000010111011001110
1010100010111101001101001010001100101110010101001111010011010111
0000110011000110000101001001011111001101110001110110001111000011
1101000110011101111011011111111110010101110110010010011111011010
0101011110111101000010010110101100011111010111111100100101101100
1001001100111111011000111100001100000001011100010010000011011101
0011001101101000010110010010011000110111111100010011100011111000
0110011011100110010111101110101110101010100001101101110100011011
1111111011110010010101001011101011001010010011110101101110001010
1010111100101010011001001111000000000001010000001010111000011000
1110111000111100111010010111110100101101001111000111010111001010
0011001010101111110100111111000001001111110001110100010111101101
0010100001101011100110110000110111110000111011001001110100010000
1100010111000111100010011011010011010110101001110110011011110101
0101010110000111010010011111111100000101110001100101111011011000
0011000101101101101111010000000001011011111001100110011000001111
0000011011110000100101100010001101110010000010010010110000111100
1101111001000110110001111011100100101000100000111101111001001011
0010000111010111011011001110010000001100100000010110110010101100
0001001100100101001000100111000010111000000101111000000100010101
1011001100010110010111111100010110011010110001000000100011110100
0100110100001000010001111100000011111101011010101110110010010111
1010001101110000000000010111100101100001101011101110111100011111
1111101100010011110111001000110111111110000001000101110001001110
0000100011000010001100100111010001100000101110010111111110000001
0111101010110111000011110110111000010111110000110000000100001101
0000110101001011001010100110111011010100010010011101000011100011
