0000010111011110011101101101010110000111101011101001010000011110
1101100100010111111110001100000001110100110001000111001000010000
1001011101100111101000101101100000100111100000001001111100011100
1011110000110111100001000100101010000101011001110100111000010000
0101011010101111100010000110110111111101101000000010001111001111
1000011000011111001110001110010111111000101001111011111000001110
0111011101101011110100011110000011011010111110011010101011011010
0010111001110001010011011011000011011010011111100100110100110011
1011011110110101000000101100011110101001011100011101010000110101
1000100110011001111000000101100000000101110111010001101110111011
0110000001001001101101111110001000010100011001111101111000110101
0100001101011011001011000110001010010101000101110000000100010001
1001011001111110111111000100111111111110110100100011110001011011
1010110100000111101110001001100001010000001110110001011111101100
0101110100111010100000101010101000010011010111000010111010011010
0110001101011111010100101010001011111111001011010011100101001111
0110110100101011101101111111101011110000110000000111111001110001
0000111011001101100100101100111001100101100110000000110110111000
0110100110101110010000100100000011111110001011000010010110010001
0100110011110101001111011110000011100001001111010110010011010010
0001111100001000110000001011111111110101101000000011000011001011
1101011000111010100000110011000000100101110111010000010010011010
0110100011100010011101010100101010111111001100110100111111000111
0001011101001001101111110101100010001001100001110001111100010000
0111011110110010001000111110101001011010000100100101010001000001
0100111111011110111100111000110111100100110001100011011111011110
1100001111010101110010010110111110100111111011011001111010011000
1001011111010011101011101110111110001001010111001000010101110000
1000110100000001100000111100011101111110111100110100100100110100
0001110010010101100111000110101001001111110100111001101100100000
0010100010101001101100100011101000001111010011010111110011100111
1101100001111010010001001101100001011100110011010011000111111011
0101001011010100010101111001010111100011100000001001110101111101
1011010101000100000100110100011011101011010111110100000101011101
0101001001001001111101001001000010011111100100101110011101101000
0010011001110010111000010001000011010001101011100110110100001110
0011111110111100110100010110000100001011010000000010110011000110
0001100111010000111111100000101001010001010011101011100110010010
1101111001111100101111011010100000010100001110101001110010101110
1110101000011010001001011000011100111110110000011010000100011011
0001111110100110101100111110100110001111001001101001001111000010
0100110111011100100000011010111100100010010000111001000000100001
1110101001101100110010101001110101000101101000111111110101101111
1000010110100110010100111101010010100001101011101111000001110001
0000110110110000001001111000011101101010100111010010000101100001
0001000101101000011011000110000110101111000100010011010111111000
0101110000101111011000110100000010110001010100000001010011110101
0011101111010101101101111101001001001100011100001011010100010011
0111111011011111100000111010111110111010001101000010101111000111
1000100000100101011111001101101111101000100010011100011100011010
0101100110011111100000000011010101111101111011100011010111111011
1001110010001110110001000111011101101110100001011101010100011000
1011011010010011101010101110110000010010001111010011110011111000
1010110110101001011001000111100110001010011111110011001001100011
0000111001001001000000110101100100010001101001100111001100111100
0001101011111101101110101100101100010101001011110001000000101100
0010001110110000011110000101011101101110111010000001001011011010
1111110011100101100000110000110101001110111100111001010000111011
1001100100010010110101010010010010110110110110010000001000100010
0010101101000100001000101100110101111110110101100111100011000000
0011001101110100110111000111111111000101000001010001101010001101
1001101100000100110001110001000011011111000000101111001010101000
1100011000010101110000111001101110111100001111010011010100010111
0000010101100100010101010101110110001101101110110110111100010010
1010001011100011110000100000000010001001010001111000101111000000
0110011101101101010110101110010110011101000110010011101001000010
1100110100010110000011000110111011100000111011001110011101101011
0000010110100000001101111000100101101101100000010010010110001101
0010111111000110111010011001000001000001010100000010100100001100
1101100001101111100011001010001000011010000000110010100111011111
1001100011000101110010101010101000101010111111001100100110100001
0001100100001111110101001111101111010100010101010001001100001101
1110110010011100000100010101111011010011101110101011011101011111
0111101010010010101000011011101110011101010000000110010001010100
1001010000000110000011101100000000011000000010011110101100111010
0011110010000111000010011110100000111111011001010000110101010011
0001101110100101100100011011111011011101100110110001010010001000
0011101110010010111111000111001111011100101000011010000111101011
1001101101001111011101000010000000110000110111010010111010100000
0000101111111010100111110111101001110100100101100101111100101000
0000101101001101110100101100001100100110101111101111101000111110
1010111010010100000011001110011010000111110110000010111111010001
1101010000011001111001000010010100010101001000011001010101100101
1100001110110000011001010111000011011000001001101011110110101100
0011111100011100100010100111111000111110011000000111010111111001
0100001101100001111001110001001110100101100111100000010010111110
0010000011001001010111101100011100100111100110010100111110101000
0110111110011001010101010001110110010101010010111111101000011000
0100011000000101111111100101011011000001001000010101000111000101
0001000111000000010010010111111100011111110000000000101111111000
1111101000110001000100100010111011000011010010101111101100010000
0111010011010011011001101000100100110001011000111100001001001100
0101011001101011001111011110111010000011010001000111001000110110
0000100110010100111100101111110000101001000111001101111010010001
1010101111110101111010100111011101110010001110111100111100011010
0101011100010010100111111000001010001111011011101010000000010001
1010000011101111010111100111001100101010000111100100110001010110
0000001001010010000100011101111011100001100000100010100000101111
0100001001000001101111011100001011111101101010110111001111110110
1001100001111101100000000010011101100000001011001011010011110111
0101101011000000101110110000001111000100101101010110100111101010
1110000100011111010101100101110101000001001000000100010010000001
1000001101000010001011100001101100000110001011011111000001001101
1001000000001100000000001010111110101010110000001010110100000101
1111011101001011110010100011100110110110010101101010101000010100
0011101001100000010101111001000011101010100000101100010011111111
1101110001011010101100111111111110101000000011101000011111010001
0101010100011010010110010011000010011101100111011111101011100000
0111100000000011111110101101010010011000001011100100001000111111
0010000001011011110101111001000001100100100101000110001011100100
1101011000011010100110010010001000101011111111110000000011000101
1100011001000100011011011010000010100101010111000110101010110001
0101011100100111100101000100000110011001011000010100100001111100
1100100110100010111101101010000100011100100011011100010001010000
0010110111011000010100011000000101101001111000101011101101100010
1101001000100001101111110101110111001000010110101000011100110010
1100010110100001111100100111000011101101001111101011000101100000
1010000010110001001001101100010111101100001010001111100001100100
0001100011110101000101100000110010100001101101001001101011001111
1011100010111001101010110000011011001010101101100000011101000011
0010111001111101100110011101110110001101000111001101010011101110
1101100010101010110010010111010101110011110000101000010000111000
0010001001111010010011000000000111100101011000111011000110100000
0001010110001010100001100010010000010000001000101011010000110100
0000111100110011000000011110000101111110110111011100111001001110
1011000010110010011000011000101101010110111001000101100011110101
0010101110110100000000010100010110100001010111010011011000100010
0011101101011111101010101111110000001000011101010000010001101101
0111000111010100011001111000111001001001110110010101111001010110
