0000100101001110100011101111101011101111011110110001010011001100
1000110101010010101101100010010010101010101010101111000100000011
1100101010101111111111101100110111011110110011110101110000000101
1001101111000111001111000101011100111011011000001011011001000110
1000111100101010100011011011101100110001011110000100000011011011
0101011111011001111001011000001111000010000111101100101111001001
0001001001100000001011000101111011101001111000010100101010110001
1010010001101110010000000010000001000000101110100001101011011111
0000001001001010000001110100000000010101110001100111001011100100
0010110100100110101000010111011011110011111001010101011111000101
1110110110010110000011111011001111110011010100100001110101100101
1101111111000001111110000111001011111111011100010101111010010011
0111110110000101001001000100101111001111100100001100101011101111
1010010011100011001100001100111010100100000011010001000110000111
0010001101010110110110011111101100101011010010001001100000111101
1001100110000001101010010001100011110011001010111100010011001101
0101000011101100001100111000001101110001001010100100110100101010
0110011111000000000011101110110100110110110010011111111110001101
0111101110101001000100011100110101010110101001110010000010100101
1101001111100001110111010101001011001001101111000000110100111011
0010011100110010101100101101010110111000010001001011010110101111
0100110110001101011110000011000011110000111101000001000001001010
1101100110011110111001111111100001110110010100011010010001101000
1000101110110110100111011100101110111010111111010110001001111011
0110100001100111000001110111110000010100101100011100010001000011
0010000000000101111110110111110100001000101011000000001100000011
1010111111111010110000010000010110011011101100010011101000101100
1101000001000100100001111011100100001011010101010101000010111100
1000111001100011011111001011101100111101011110010010110101100011
0010010000111001100100111011001100101110111110100001010110111000
1111000011010010101100001111000111101111110110001000100000000010
1001110011001101000011001100001000001001010101110001011001010010
1101011101010010101110001101110110111001010010011100110110110011
0001101001000010100010011011111000111011111000011111111001101011
0101101010010010100110010010001011010000111000001001000101101101
0110101110100011100111100001001010110101101100011011100001010111
0000110111001000111100100111100010010100101111001011011001110000
1011001011001010000000110100010000100001011011111011110000001011
1001000101011101011011110111100001000100001001001001001001110111
1011010000110100100000101000000000000010010001001111000010011011
1111100111010100100001101110010111011011010111000100100111110101
1110001011010000110011011011010110110100001001010011010001100101
1110100001011001110001110110000110010011000010110111110110110110
0000000111111101101000100011010100101010010001010111000101110010
1100011001111110110110111111100001010000000000110000010110010000
0110101011011101010110000011110001001010000011111111011111111100
0001101010100010001000010110010011000001010110111001010110011000
1101100111010001000101100101010111001101110001010000101111011000
1011010100011001100110011011011011100110111100011011101010101000
1000011110011011001011001000011111011101110101010111011111000001
1010100011111010010010001110010000111010011110100011101111011111
0111110111010100001111001000110111001000001110011111011111010011
0001000111010011010000011101101111111001111110111111111101101110
1101001010110111001110101000011011110011010100111111000000001001
1100100011000001111101000010101111110110111101010100000010000000
1001111110011001010011110000000000101101100010110110010000101100
1000010011001111101000000101110110111000111001101011010111011000
0011011010010010011000111110111111000011111011011110000011111000
0010100010000010100101010011011110101101001001010010101110110011
1011011010101110111011101101100010010101000101100001011100111100
0010010011111101000110000100100001011000000011101010100001100010
0111011000001001110100000111111111011101101001010010100000101011
1010010011111111100111101111000000101011111101000011101011111100
1010111010010010011101110011001011001111000111101000100101000010
1110010110110111100111010100001011111011110101011000101110111000
0100010011100101101001000011011001000111001100001000110001001101
0110111010010001110111100110111100011100111000011111100011010101
0011111100000011101011010110000000101101111111110011111000101111
1100010110000010001011111001111100000011011010011000000110011110
1100111000011001010001101100010010011110110110101111101011011000
1001100001000001111111101000000011110000110000111000110111100100
0001010010101011100001011100000001010100000011110011111001101101
1000110101110011010001110100110111110110000001000100111111000011
0001100101000010100110101101111001000011000011101110110010010111
0110110011111101011100001000111000010001001000010010100000101101
0110111111100011010100100110000010010111010100110010000011101111
0000010101001111000110001101111110001110111000101001000000001000
0010010000101000100101101001101010110010011101011101001100101000
0010111000100000111010110110010010001110100110000111110001110001
1010100010100010010110101100110011010100011011100110000001000111
1000000000100000011110111001100010111001001001101101011110110101
1011111101100001010010110101101000001101110101110011101100010101
0100000101000100001000001111101100000011110010001100100001000101
0010000011011000100010100000111100000111101001011101101110110111
0001011001111101101001110110100101011110001011111101110111111001
0100101001010011011000010100101111001100010100101101110110101011
0011110001010011111101111011110010110000000101001100011110110001
1110110001010000101110011100111100100101000100100100101100010010
0011000000100000111110100001011010011010100111010010111101011110
1101001111011100101010110011001010011100011100010010111111110101
1100010111111011110101001010111101000111110001100010011001111100
1100011110010010111111010111000101000110010100110010011011111101
0000110001100000101100010010001110101101110000001010011010111000
1101100001011110000100010010100100111001100111000011111010101111
0111011011111101110001011111101111101110010010010001110111100101
1010010001001001010101001100000011101011111111111111111110000000
1010010001100000101101111111000000011101110110111010100111111111
0010010101101101111101011111111010001101110001101000000011110000
1111010010111100101100111101111110010010010111011110010001010011
1011010010111000010111111001110000111010100110011000110100001111
0011110001100010111001101101001010000011101001101001110100100000
1111110101100011101111100010100101001100101100011100000011110010
1010100010100110110111010101110001111110100010101100001110101101
