0100100011010101011011100110111111110001101010011100010001011010
0011011010110110011000000101101100111101001001010110110110100101
0101101000110111100100010111001111001110111001000000000110101010
0000001110101100001001100011111011011010100100101101001000111100
0000011101000011100001001111000111100110011100010000011001010000
1010100000000011100001100100100000110000111011010111000010011110
1001000001100111011100000000110010000010111001111111101001101010
0010001000100000110101010111010100110111111011110000000100000111
1011100100111100001001000001111111001011011011000110011110110111
0100011001011111010101101110110001100000010100101001000101011011
1010111011010111100011001000101110101000010100001111010111110001
1100100110000010111100110101011100100111110001110000111101111010
1111110101001000101100010001110010010100011011111010000011011100
1000010100000111100100101110011101011011111101000000100110100001
1101101100111101011011110001010100001000001101101100111010111011
0101100011101011100000110100011000100000000101101001100011000001
1110100010000100001000110001111100011001011101000111110000000100
0100101100000111110011101011110010011010100110010111010000111100
0001010010101001011100110011101011001100000010110101001111110100
0101011110000001001000011001001011101000100101110010111101011100
0010010001001100110101111010001010000110101001100100010011010110
0101010000000001010100110001011100011111010101100100101110101011
0011000010000001100110101101110001011111101101110110000000011100
1000111011110011011011111011111111010101011000110001011110101111
1111100001101101010101110011001111010010010011001111110010110000
1111010111010011101000101101111001100110011011101011001000000101
0100000010110110110010110000010001011101110111110010110100110101
1001110010110100010000111011100100101010111010110010101110011001
1100000011000100100011001100100111100100010110000001111010110111
1110001011101010001001011110000010011100011010111110100100000101
1010010111000111111110000000001010101000110110111010111010111101
1101001011000011101101011111111101100011110110000011111101110110
1001101010101110011000110101011011011110111111000100011011011110
0011010001000110001101110000011100011100111011111111010000001111
1101000010110111111111110110011010111100001011010010101111101110
0011001011111101110001111110000101011010011101110111111001110101
0011110110111100001100011100101001001011011110001001010001100001
0100001110000100011010000101111110100011100000100101000001111011
1010110011000100111101111011101110000000011111101110110000101110
1000010100000111110010000000011100101100010110110100101000011110
0111011100110111010110011100000110111101000000110010101010011010
1100010000011110110001101100101000111100011000100110100010000100
1111000111001110101101000100100000100110011011010001111010010011
1001101101001001000000011010101011100011101000010101101110101110
1101111110110111000101110101110111000101111111101011100110100000
0010010110100111100111110100010010011101100000001101101101010100
0001110101010011111110101111000001100110111001111101010011110101
0000100100010000111010101111101000010101001000101100111000100111
1010001011100011111010001110001100101010001111110100111000001010
1100100000001100110001011100111110010110011010110000110101000001
0100110011110011001011001000111010111101001001111111101101100011
1111000010110001110001101010101011010001011000001100001100001010
1111010110101011000101101011101110001000001001101111111111111011
1010111010111010100101111110000011010100001111110000110111000010
0010111011011111111001001110010111000101010100110000001100111001
1000101010110000111101101011101101010000001001001011100001111000
1100010001010010011001110110000001000000100111110011110101100100
1001011100111010100011010101110111101110001000000010110011110111
0110000111101001111111010111111001011011010000101000101101110111
0101011010100111000011110001001010001001011111010101001001010000
1110010100111101100110111011000111011101110101000011101101001011
1001010010011011110001100101111011010101101100100110000101010001
1010011001010111111111001110111101100000011011110100011001000100
0010111000101000101011011111110100111110011101100000101101111101
0000001101001100011011110001110110000010100101001011001000011110
1101111110001001111100111011001101000000001110001001010000111111
1010110000111100010000011110010101111011001010001010011001001011
0100001111001101110000011110001111111001010101101101100101111110
1111100001110111010001010100001000111101011010111010100111100011
1010100001100100010111011110000001110001111101000001110010000001
1111110101001100110000111011011001111011101000111101001110110010
0000111010110111110000110000001010001000110101001111001011010111
0100100011101110011010010101111010011011001111101111010101111010
0100000001011110100101000111000100101011110101010001000010011011
1011100000100111100010111010101011011001111100010111100000100111
0110110101000101100001100101110010011101011110100001011101010110
1110100101100110000011010011100000101101010011101000011001111110
0101110000011111100100101110111001010101111111101110100010000000
0111001100100101100111100001111110111001111011110110011111011111
1111010110000000010000101001000000100000101001110010100110101101
1110001111001101011011110011101111111011010110101010100101010110
0100010101001001110110011100111001001111111111001110111111100000
1010010110101000001001001100010110010010011010101000110111100001
0000001101011001110110100001111001111111111001100111101011111001
1100011011111000110111001111011101100010010000100010000010110011
1101100001111011010100000000010011010110010110111110010111110110
0111011001011110011010100100110100001101111000100001010110010111
0111100001110111000110101111001001000100101110111001011111110000
1101110011101111100100101000010101001101000001000011000000010001
0111111110111101101011101010010110111011110111101110011010000101
0000110000000111011100101011111101011110011010111111101010100000
0010100100101000100010010000010110010101110011011111010001110101
0000100010101001010001101000100100010101100100110100111001111011
1000101100010110110110111100100010110100000011101001001110100000
1111011100110001011011100001110001101100111111110110111101100001
0001010000000011101110110000000111011001100110000111000000000100
0100101111111100101001100001111010111100000101110110000110100100
1010000001011010011001110111100010010001101111110100110111100100
1100110100110100100111001111000100001010010111100010001100100110
1011000010001001110101000010111100101101001000000101011000111111
0011000111000000010110100001011010001111110010110000001100001001
0011100011011000001001000001100011100101010011101000101011110111
0011100010010011011000111011001111011001001111010011110011100101
0110111000101010000010001110011011110110001101011110100001010101
1110001110100100001001110100011110001011111111000000100101101001
0010010011110011011001111110111000010101011010110110100100100011
1111010001110101111111101001000010111000100111110111101010010111
1011111101111010111001101101101100001110111001000010100100010110
0110110111110000011100010000111001001000011010001001000000000000
0111001010111001100101111001010100111101000110111100011100000110
1000110101000000100111100011101010000011110110100111111010110101
0110101000101100010000100000101000001001100111101110000100000101
0100101001000001010101011001101101011011000000101000010010101011
0110011001111001011110111110010010000000010111111101110101011100
0001001110101101110011000100110101010011001010100110000100111001
0101101001111111110001000001000001111100001111110010110010010011
1110101111011011000011001101011101101010010101000111110010111011
0100011111010110111101011111010101101111110001011011111111110010
1110000101110110111111010011000111110101000100111001000011101110
