0011011000001110100001000001110011100111000110110100100000001010
1010110111101010000011011001000010111010110011010110010100000111
0100101110011100101100010111101111110101001010001001000111110100
1010111010000001101001000100010100001001011100000110001110011111
0110110111100011101100001000000000100001111101010010101001110100
1101111011111001011100010110011101000010010011100100001100110111
1000011010000111011111010110101100000010110011100111010101110001
1100000111000001001010111101101110101000100010000101011100010000
1100110111011010011101010100100101011101001000010011100011001001
1010010100110100101010110010010001001100101100101011000010011100
1100110110010100111110111000010101110001101101010110010111000111
1101010010111000101100101101110100011110011111000010100011111001
1011100101100111111101010110100000111101101100010110110000011100
0011000100001000000001111100010010110101110000101111011000111010
0011110000011100101000111110111001000110010100001111101100011010
1110001010101011101000001010100110101111010001010011010011101100
1000010110101100110101101010000010101110010100010110000001111111
0111011000110000001010100101001101000100100110001111110100000101
1101100011010110111010100111010000011111110010001001001100111000
0000010010000100100010110011000011101011010101111100000100010110
1101101110011111000110001010111111011100100011111011000100110010
0111000011010100010111100000110011110000011110001111101110001100
0111010000010001000100111111001010000110011011100101011010101101
0001111010011001110011010010000110000010001010010010100011101111
1011100111001010111010100110001010111111110010011100101000101011
0000001011000011101010110100010110011101001100001110110011001000
1101110100111001010011010000000001110010110111100110110110000111
0011000010101001111110100010011011010101100111101011100101110011
1101100010111100010101110101110110101001111011011110001101010000
0101101001011001101101101101110001110011011110011110000100001011
1110100000001101001000001100001100010010100000101100001110011110
1000001110010101100101000111100100100100001010010100111010001110
1010001011101111100111111001101101110001010101011111111000101001
1001110101110000010010011101100001100010111010011010111100101001
0100111001111100101100101100001101000110000100100111100110111101
1000111111011101000000001111010010101000111110111000111010000101
1001011100100101110101110110001001101101100010111000111100110101
0010101100100101110111111111001011100000110100011111011000100010
1100011100101000010001111110111000001110011001111100010101101011
0100001100000101011001010010011111110010110011001000110101100100
1101101101011110101001010101111111110011100001010110111001111011
0110010111001001101010010010001010010110101000110111101101010000
1111111101000100100011010110010001110001110000101111001110110001
0011010111110101000010110010010001100010111111010000101000001010
0111100110100111100001100010000100010101110101101100010111001100
1101101111011001010110011010110011010000011011011101110011101100
0011001101010101100010011011011010111011101100110111000110111100
0101000010100010011101000010101110001001110111011011001111001000
1111001001001101001100000101101100101010110010011111111110100011
1111000101110111100100111001011011111111111110111000001100111110
0101110100001011111011011000110001000000101010101110010111000000
0101001000101100001011000101100110110111001011111011110010110111
0101110110111010110100001110010001101110010101100110100100110011
1110001110110110100110100010111010101111011010110110000100100100
1110101010111111011001010011000000010110011100010101101101011111
1111101011000111101101110010101010101001100010001100000101000111
0001010110011101101001000001111000111111111001011110110111000000
1111000101011011010111011110111110011101101010011110001101000000
0111011111111000111110011011111000100001000101010000000110100100
1101110000011000011010010101110001011110011010001001110111010100
0110101000000101101001001011010101000010101010110000111111110101
1100100110110000000111011000000101111100010111001000101011010001
1111000000000010100111001000000101011001110011100010100111001010
1101001010010100111011001001011111110010110100110110000001001011
0011011011010010010000010100111100010011001010101100101111101010
0100000010011101001001100001001011110001111000101011110100001111
0011101111000111110101000101101110111101100111000001101000100101
0011011010011000000111000111110001111011000101100111010110001011
1011100001000001111101010010011001001010101100100100001101111101
1011100110100101000010000001111010100101111010101000111101010100
0101000011110111111001110011010010011100101100000010110011001010
1001110101110111111000000011101110111101101001010100100100101111
0111000111001101010110101000001010011000000100011010111010010110
0111101100110100000010001101100111100011011011001110101100110100
1100111001100011111101011000011011010010110001111110100101111100
1111100001010111101101110000010010001010010101010010101010110001
0110110101110011110111111010100011001011001111110000100011101111
0100010011001101110101100100001011101001100011110101111100001101
0000111101110111110110111011110100011001010110001001111000000011
1011001001101000111110000100010111101110101010110110011100110100
1101010101001110111000100001100100110111100001011100111111100101
0010111101100001000001100110101111101010000110000110110011000011
0010110011001101010010111001110101001101100011000111001111001000
0000010111101001010111001010100110010010101001111000010011100110
1000011000101101011110111011011001000110100001010000111010101000
0110001010101111111111001010110100110010011001111101100000000100
1010001011010010000001110101010010100000010011111010111010100111
0011111001011000000110100001101010001110111001110100100101001101
0100001000100011011110110001100101001110010101010111111110111110
0011100101101001010000110100101000010011110111011101110100010100
0101010011011001010010100010010100010000111110000111011101110101
0111000111000000100111111001101010011000101000101101100011111111
0000101001010110111011001110101101000111111010110010001100100110
1100100101100111111100000011000000101010111110110110011000011100
1000111110000011100111010011011100000001011000100001101000010110
0111111100001001000100001010011110101011100101000001110010100001
1010110111011101100101010101110101111101011001010000001110100110
0011011110000100101001000101001010101011010011110100100111101010
0110111011001010010011010111110011101000110000100110111010111001
0111010000111110010100001010111100111010100100010110100000001111
1010101011111100011101110000101010000101110101010001010000110100
1001000101101001110011001010010000100011010101111000110011101111
1101000011100010010100010111111010110000110110110000100110101111
1000101011101010101110010100000010110111010010110000000101111001
0010110101010001000100101000000110011010100100101010101010110000
0100001100011111100010110011001010111100010000011001111000000000
1111111011001010111100111111110101111110001000011010000010101110
0101011111011110100111110000001100011000000001010100100100101100
0010001100001001110111110111110101100111010001011110101111011010
1011011100000101001100010001011111001101011110111110111001000101
0000110010000110100001100010111110000001010101110100000101111000
1101000010111110100000101100101001100001011001111010101100111011
0111011111000100100011000010001011001111000011100101110000001001
1010101000001111001011001101100011000100111100011100000101011111
0100000111011000101011100001101101110111011010011110001101110011
1101101010001100011000000110100011011111101000000100101101110101
1011110001110001100001101100110011101101011010101100101111101011
1010010010000000000101100011011111100010111110111100101110111001
0100110000010001100110111000011110011000100001000011011110100110
0111010011100001100011011101001000111111101001101100010111001100
1100111000100100010111000100000000110100000101011001011011111010
1110100000101110100111000111101100011001111100000110000000001001
1001101011111000101101101101001101011011010010000100011011000001
0100010011100101010101010110010000001100011100100110001011101100
0111000100101100110100001000110000101011010111101111001010111101
1111001100011001110101111011001100000011001101000000101110100011
