0000100101010001010000001011101011011101110000010000101011111110
0001001111111110000001100100010110000010100001010010001011110111
1100000000010110000000001001110001101000100001110001110010010000
0100111101111000001001110111011100101100011001110010010100001110
0010000000011111001000000000101111011011110110100001010010010000
0110001110101110101011010101101000100011101110010001100001111101
0010011011001101000000110110001110011001010110110111011101011001
0111010001001101011101011101011111011010010110100000001100001000
1100111111111011110010100101001011110110100010101000100000100110
1011010011001000000101100100111111011100001111111100001011010000
0101011110010101001011100100010000110001000111001101111101110110
0000101000011110010011000110101000010110011011111110001000011000
1010110010011010001110011111001010010110111000001000011100100111
0101110001100110101101011110110101101010100000000111011010100010
0100110001100010111100010100111101101111111000000000101010011100
0001100001101011110101000001100011101111011110011001100000001000
0100010110101100100110000010000100010001101110111011000101010010
0101010110001111100100101111110000011011111001101010110011001001
0110000100010000000011110000110111111001100100101001101100000000
1100000100000010101101001101100100010111101000011110101011011010
1111000111100101000101000110010000000011011111001101111000101011
0100010111101011100010001110001111100010111011101101101110010010
1111111111101101111001110001110011011101000100101100110011101011
1111101101011100111101100100000010000110110011111011011010100100
0000101010110011000111001110101000000100110001001100111000011110
0110110111010000101111100011111110100101110001111100000001000110
0100010001110011100010001101111100011001111111100010101010000110
0001010011111101000000100010010000101100000111100100100000110101
0001001010100111000010100011010011100111110001010000010011010000
0110100111101000010010100110000100101111100100001001100100001011
0100101000001111110010110010001011010111011111001100101101001010
0011101101101111000010000111010000111110011101110010111101110100
0000000111000010100000001010100000010001000110110111110001110110
0110110011001111010010110100011100101101011000010000000000100111
0101000010100101000011101110000010000001010110111100000110110001
0101000101101111111010010111101100100000001100010010000000111100
1000100011100010101011101001000011111010110110111110100010101001
1011010111101011000000001010110000000111101110100000001001101010
1001011011110101101000011111011111111000100011110111011111110001
0011010101100110111111111110000010100100100111000101010100001110
0110011101110101000101001111111101010101000110001011110010010010
1011001011011110010110011000101100110010001100001000010001000101
1111111010111111100110101101010101010011101011000100000011101010
0110110011100111101010101000100100110111001100101010110010100110
0011100111101011001001011010001101101001100000100010000111001001
0000110111001001101001111110111000110010110011010000001110100101
0001110110101000100011001011001111111111111111101000100101110101
0011110010010101000011011111001100110101101000110110111110101011
0011001001110110101111110011001000011001110110101001111011011011
0110111000001000001111011101110000010101101001110001000101000100
0111100000011010010010001011100110111010101101100010111001000010
0001100000001000101011011110110011001110110000001110011010100001
0011111101100110100010100110111001001100001100111111001010100010
0101011101111001010110110010101111010101001010010001111001000111
0001001110111001110010001101101110101111110000010100000111010010
1011110110010010100111011100111010011001111001001000010001101110
1011010010111111000100110110110111110101000001101010001001000001
0100101100001000111100010110100110101010100101100001000001100001
0011111001101001111001110001001101001100110011110001010100100101
0111010011110100111100110000010001000001111010011001110110000011
1100010011110100100101011001010010101001000101110111011111011010
1110000100110100010010011101010001011001001101101101000110111000
0111100001010011001000100101010000110111101100001101001010010110
0101011001101001111100111000111001011101110001110011001001101100
1110011110011100000001011001101001100100100100111110011101110001
0101011111000101101000111001110101111100101001011110001011011010
0110100000110011110101000011101100000000010011011101000001011110
0111000011000011001011110100111010001100011010010110100010011100
1100001000011100110010010101000101010101011101011111000100101110
0010010010110101111100101101000011011001110000010110100101010010
0000100000110011110011110111000111101101111001111100110001100100
1101010000010000111100001011111100001101001101101111011001011010
0000010001000111010110110001100101010011011010111010001010000011
0110011111001001100011111010000000100001011111110101001100011000
1001000101111111010001011011010110101110000111101000101101101000
1011101011100011000101101001110011111010111111101111111110110100
1100001101010010111111110111010010011111000001101111100111100011
0001110010100110010110000111011101101000011101101011001011101110
1111111011010111100111110111100010100011000001110011000110110100
