0010010101000100001111110111000011001111000110110010111110010101
0011101000011101111010110000111000010010101111111111010110100000
0100110000110101011010110101011111101111001000101100101111110011
1100100100011111001010101111001000000110011110111110010000110000
1000100111001100101011010111110100011011101100001000110110100101
1010110110011100010100101001000010110000000111010010110100001011
1001001001001000110100000110011011000111110001100001110101111111
0000101110111011011110101110111110010011101111111010010101110011
1101000110101010000011101110001011110001100111100001000111101010
1001010100011100111111100101101010110000101101000111100110101101
1111011111001010011111111011111110001010010001001110100110000101
1111101011101000000111010111010011111110011111110101001100000011
1010000001100000001101001011101111101110110101111000011101010000
0111010101101100001001011101000100011111110010110100001011010100
0000101100001111011100010101001101000111110011001010100001100010
0111110010011001010001000011110000001001110000000111010011010110
0001001011101111010010010111100001100011000010100001100111111100
0001011111111111001101001111001110000001001001111011111011101100
1110110001111110000110110101110011111010100001110011100111110001
0110010111010000010110010011001111000100110101001001010100100000
0001000110001000010101100011000000101110010001011000100010111101
0101000110000111100110010100001110010100000101011011110011011101
0111010001111100010000100110111000010010000101110001001100111011
1010000011001010110101001001001111000010011010110101100011111001
0000001010100100100001110111101100010110101111011101001110010011
1111110101000101011101100000110011001000011111100001111001011000
0010010001011010000010111111100000000111111000100111010100001011
0011100110101101011110011001110000101101110000101001100001010100
1111101001100110000001000000011111111011000011100101110111001001
0001100001000000100011101000101001110110000111010000110101101100
0101010011011011010100110111011111010101101100100110101011101001
1001111001110000001010111101001101110111000111000111101010101010
1111111011011110001001111000111011000101101100101010111011001000
0000010110001001010110001000011001100001110100100001100001010111
0010000011111111001000110000100000011101011001011111111011000110
0101111110110100011110000110001010010010001001100100101000011110
1011010011100011101110100011001110111010100100111110000011010101
0101010011001100110111101001000111011110111100110100110011100001
1010101101001010011001000011101010111101100111000010100001000001
1000100101001000100011101011101100010100111110110010011110010100
1010010011111000110000000000001100010110000001001111000001011001
0010111001100101011010100101011111000010101001111011110010111010
0011100000100011101000110110101000010111010101010000110000000001
0011101110010000111111111010001001011011111001011011111001100011
0101000100110010101100111111101011001011010000110100111000011101
1110000110000001111100101100101011100011010011000000110011010100
0111000111001110010100000110010000011011011000100110001100001100
0100101000110011000001001011011000000101101010010000111010111011
0011101001011010011001011101100101110110110001001100101011110000
0100001010111110100111000100011110111100111000000100010101000001
1001111101101011010101010010100011000010010010101011101011100111
0100110000100000101011101101110011110010010110001001011010001000
1101100101001011011111100010100111000010010000000010100110001101
0111111000011100000000010111110101011111011111010110100001101101
1011010101001101100100001010111100011101011001100010111110001101
