1110100110111101111010100101100110001100000110111101100110111111
1011101110010100110011100000110000100000111111100001110101001011
0001000000111011111010110000100011011101111010010101100101010000
0101110000001111000110110010001010011100000100000111010010110011
0000100101010101111000001000110101001000011111110010011101100101
0111101110001110010010101111101111000101111110000100110111001010
1000001000001101010110111010010110101000110001101011011001011101
0111111011011000100101011001101010011100001100000110000100100101
1111001100011000101110111011100110011000111010001011000000110000
1111001001100100011010100111011010111001101111101111100111011011
1010010100111000011000101001100010110011011001011101101100001111
0110010110011001000111010110100011000000111010100000011000100110
0010111100000100011101011110000000001010010011110011011111100011
1011010101001100101000111111001001010011000011011100010110110110
0100111000101100010011100011111101010100101000101000011001101111
0001101000110110101110101001000011101101011011010001000010110111
0001001010010011110101010101011011110001001101000110101010100110
0001010010111000000100011111000100110000101000111011100101110111
1100110001001100010101000011000101011000011001100110100010110010
1110101001100000010111000101010011001100000001000111110010100011
0000000000101111111001011101101111001001000101100011101111101000
0110100111010001100100100101110101011000111101010101101110111011
1111000011011011111011001111000001100011011011001011011011101101
1111101011000011000010010110110010001011011101000110111100010110
0111011011000101101110001011111011111011110000010010011001001111
1100001111011011001101100101101011100100101000111111101011001010
0101100000000111000101111101111000101101011010101100101010111010
0001001101011011111010011000000110101010011000111010010011010100
1000010101001011000100111101110110101010111101001100111010101100
0000001110010110101111000101111011111001111100101001111101100000
0010100111101000010011000001000011100110100000100010100011011101
1011101010110101001001100010100110010100001000010101110100111000
1011000011010100001010100000010010011001011011101001001011110001
1100110101110111011100000010110110110011111010011010000101101111
1001010011111000111110111101110011001000000100001011100000110100
0101010100110111000110010001010111111100110011010110110111110000
0111110110111111010110111110111111101010111000011010010111100000
1010000111111010111001101110101001011011111100011100101010101101
1010111000111011110111010111011000010010110011101010000010000100
0110010101001101011101000001000111001111001010010101110100000100
1101001100101110101011011011010111000100100001001000100100101101
1000111110001010000011011010101010101001000011000010000001011011
0111101111101100011100000111111110011101001111011001001001111000
1010101001000111100110011010111010000010011111101001101001011010
1110110111100101010111000011111111010110000101011110100111100000
1011100001010110010101010001111101100111010000000111010111001110
0111101100000001110111101100001101100110111011100000001011010001
1110001110001101101111101001000100111101011110001101100111101111
0010101100010011101100101010100111110011001100000011000100010001
0010000111010110101000111111101000110010011101001100000001011000
0110010001110111100101010010111011101011010100101111111001001001
1000111110000101110011100111010111111000000011100000011000111011
1100010001010010000001111011100111001010110000000010101110110001
1000011011101011111101110110101001010001001100110100111100010100
0000111100000110000001010111101101000100011010101100001111011100
1110101100000101100000000011111110001011010100110010011001011000
0100101011110011100000010101010101111100110110110011110010001100
0010010111010110111000110111111000101010100010100111100000010010
0111011000001110101011010101011001110100110001011010001000110010
0101011011110101000101000110111011111010011100100111010000000100
0011110110001111001011100110101011100001100100001111110100111000
0011011100011100010011101001111011010101110010010111110101010001
1010010110100010001110101100101011001001010010100000000111101110
1001100110010100100001111000001101011111101000010101101101010110
1110011111100111111111101000011111101110001101011000110100010010
0001010100000100001100110011011100101010111011111001000001111011
1101001011111100001111010100011110000100000000111000100001011111
0001011010100110100000101000010010111001000011010100110010100011
1111001000011111111000101010101101111100100100101000111100010110
0110000110010011010100000101101010110111010101101011111110000101
0110010111000011010100010001110100000001000111111111110000000011
0000000101111101111101111000011111010101111110111100111101010010
1110110100101100010101111010100000110010101111101111011011000100
1101111100100001011011000111111010011110100001101000110111100111
0011110101110010110111110011110000011000001100000011001100101110
0110111101101111000001110110001111100111111111101011010100011100
1010110010000001110000001000000100100011101011011110000011101011
1010110000101100000110010111000111101000010000000001010000101010
1001110011000000011111010100001111100000011000111000010111101111
0000000001111001010010100100100100101101100101000101100010101111
0001001001000111101111100000001011111010101101101110010011000111
1000100001011100000111101001100111101111100100101000011110101000
0110011000011110100000101111011000110110000110100100100011111110
0110110101010010101010101110000011001010000010001000101011001111
0100010101001111111101011011101011110000001110111010111110010000
1111010011010001101110100100100101000111110101100101110001100110
1011101011111001010011101001000001011001011101101110011101101100
1111000011110000100111111001110001001011010011011001110011100000
1010010010011110110111101000111100111101110110111010110100111110
1001101001110110100100101101111001011110001111110101011100101011
0000000111100100100101101101100101000100101010001001111110111101
1011111010110101011100111011100110101110010010000111101010110010
0111111111110011010011010101111001011001111101010001001011110001
1110011110111001111100000010100000101101000010101100111101000000
1001010010011111001011001111010000101101100111101001000001010110
1011010000001001000110011010100011111111101010011011010001000001
1011011110010111111111110100110101001100001111100101100001101111
0101110001000000000111110000000000111111010001001101101101101000
