1001001011011110001011001101001100011111010011111111100111001100
1010100001111000011010010111000101100010001101001000000001011011
1110010100010100001010100111100000110100001010000000101000100100
1100100001001001111011001011000010101001101101011000100101101100
1011100001010010111001100011011011110110100111101110101001110101
1001111000111001011000100100010100100000001011111110100010011110
1110001001010011011110100111001000100001011100011111110101111010
1010100000101111010000100010111111001111111111001011011111100010
1100011011100110001011001010010111011101011100000101010111110101
0101111101100110100011100011101110101101010101110001111101110000
1001011110111100010100101000111100010101010011111011011100010010
0111010011111100100100000001010101010001100010000111101101101110
0101110011100101010000110101000110001100000111111000111111111100
0101010101111000110001010111000001001001000010011011111100001001
0101010010000011111001010001100011010011001010111100100000001001
0101111111000001011000001111011110111111000101001010101100101111
0100010001111001110000011011001101100111011001010000010000101010
0101111000000000110100011001000101101011111000100100000101101101
0001101100001001000101110100001001111100011101110011000111111100
0001010100001010011000000110111101110100111101100100011001111001
0101101111101011010110010000011010101001010010001100000011001101
1110101000010001011101101011010010000100110100100010000101001100
1011111011100101110101111111110011100010011011001011010101111111
1011100110110011000101111100001101110000100010000001111111010001
0010111000111000011110010111100011110000101111010111001000000000
1000110111000111111001110010101101101011101011011100110110010100
1110000011111000100011001001000011000111011100000011110110010000
0100111001010111010111000101101001000100110010111011101010101100
1010001111011000011000110111110001000001100110010100101100010001
0100111010011111101101100000001101010101100000011010001011000100
0001101011000011111100110110110101100111110111000000110101011010
1111100001100011001110011000100010110000000111010011001011101001
1100110001000001011100011000110111010011101111101001010101100000
0111110110011000001110100110101100100001000110001010010011111100
1000110011110111111101010100110011000010000100101100011111100111
1100000001101011011100001000111111000000100110101110111110000100
1110010010101011100111011001101100110100110101101001111000000111
1000111101111100110101110011011001111000110101111111011100110110
1110110110011111100010011111011000111111111000110000111100010101
0010101010100110011000011100010000010110100010111010001111001110
1111111101110011101001110110000111001110110110000101000000000011
0011010111111001110100111110011011111101100011110011101001010010
1110100011000000010001001001111110110001101101110000001101101011
1100011011101001111100111001100111101001110011100100000000101111
1001101110010111010010011100011010101100110111001110110111111111
0111101100001010001000010001000000000001010111010110100110101110
0011100011110110010000001111100100111111001100010100010010111110
1111100111001011101110011111000101110111010000010011110100011111
1110001110001100011111110100010011100110110001110111000110010101
0110001010110000110000101000010001011111000100000011111111111111
0001010000110011111000101110011011000101001011000010111100010001
0101010001111110001000111100010000101110100000111100110011111011
0111000111100010110010101011100100101111011100010110101100100011
0111000011011010000101101011100000101100011000000100111101100000
0101000101110101000100001110000001110100111000010011100001001001
0000110100110010111101010100001110001010111010101011100100100001
1011111000110101100000010010110000010111011111010001011011010001
0110111101111101000010101110101100111010010101111101100000110101
1100100110011000011101101001011111100100110010101110001000000001
0011001011110110100000101100101011010000010010001101001011000111
0000111101011001011111011111101000000101110101101111010000110011
0101000000111000011110010011001111110111011110001011001011100000
1000000011011110010010100011111000111100010010111100101110011101
1000110101011111010010010000000110001010000100110011101111011110
0111100101010101111111110000000110101111111011000010000100010101
1000110011110110011110111110110101001011100001001001000011011100
1011111100011000011111010111111101110110101101011000010001001111
1100101000100111110111110101110111111100001011011010001001011000
1110001000011001010100101100001101010100110110111011000010100100
1001000111101101011010100011000101101010001111001111011100000100
0000001011110100111111011010011100011100011110010010001010011001
0000100000010000101000111111000000001010111010011010011110100101
1010000101110111110001110111000110100000001010000100101100100011
1010101000010011011100000100010010101100100110011110011110110111
1110001011001111001101011111101110101010111111101111110101111100
1101111101100111010000011100010101000010101001010101111111000001
1001010010011001011011101101011100101110110011101100110000110101
0110001000001011000100011001100110011011000111000111000001100000
0111011111011100010001100111011010110011110101101100101110000010
1001111100011110111010001100110111001101101111111111110000011010
1010010000000001101111010111011110101111100010100101000110100010
0100110000110101000111100011110110000101100111101110011101011100
1100100011000110010001011100101110001100100001001000011000000110
0001100100101010100100011111100010100111011001111100101100001100
0110110000000000010001011100011101010110001010000111001011011001
0011010111100010110011000010110001111010101001110000100000001001
1110001000011110110100011101110101000000000111001101011011011000
0000101000101110011011010100011101101000010011111110110001111111
1100000100101000110000110101010011111101001010000100110011000001
1101110001011101001111001000010101111000010000100010001100010111
1101111001001111011000110000011010100111110001100110101011100011
1110000000111110000101011111011010000111110011111100011000011011
1010101111100010101100101110011111001101101011111110010101100011
0001100101101101101110011111000111111110100001101111100001000100
1010111010010000010011110010011010101000000000011111111011010010
0011100110000101001010000110110100101011101010101110111100110110
1100010001111110111111010001010111000011000011111111011100110011
0010010101000011110111010001001101101000001110000111011110000111
1000000110101010101110000110001011000111100000000111111001010101
0100010101011011100000011011100001000000101001001010001001010110
0110001110001101101001110100100100100110011101110010101011011011
0011110101010101101101010011000100111010011010001010110110111101
0111011100000011010100100100111001111111010110100101011010001101
0111101010101011111101111111010101111100010000100001000000000101
1111100110111010111101000111111010110000101111101100110000100101
0111011110110101011010110000100011101000110111001000000110111100
1111111011101010001000011101110101001110011010011111010111111110
0100001001100110111011001101000110110110101001001000001010110101
1000010110011100101110111100000010010100101001010100101001010100
1000110001000100000000111000001101000000011111111000110001001011
0011011010000011011000101000000110101001101011010110000011000001
0001000001001100011001010011101100111100100001110111010000000100
1001110011011101100000101100111001110010100000111011101100010110
1101000111110001001010100001011101101101011011000001011010001100
0001011100001010011000001001111101010001011010011100111111001111
1100010010110111001110100110000101010011011001101100101111101011
0111010110010010110111111111000111010101101010101111111100100101
1010011110000110010111111100000110110000110110100010000011000001
0100001111111001110111101100110111001101111001001101111111101100
1101100001101111100110100100100010001100000100100100110101001101
0111000100101011111001111110110110110111011100110000001010000101
0010000111111010101000111010111100110101110010100000101111001110
0100110110101010010110110111111010010100100110000101100100000000
0111011010100110100110100111000010111001010011101010000010001101
1001010100011100011100100001000100001100000000101101100111001001
0010111011011110000111000010100101100011000001001101000010100100
0001010100010011001011000001011011100011110101001011111010111100
1000011110101101111101000111000100000000110100101011100100101100
1111001100010000100101000000111000000101101000011100110000100110
0101111010110011101110011101100100100011000000110000011101100111
1100011100010100010110111010111010101111011111111101100011000110
1111100000001100101010000000111000101111100010000010011001011001
1001101011101001101101000000011100001011010010100010000110001001
1110111001100001101101011011000010001111010010111100111010101110
0000110100010011011000011110010010011011001010000011011001110000
1110111001110111110011100011010011101001101101011110111000110100
1010011111011001001011011001100100111110010111111111111110111000
1001111011100100001011010110011101000011110111010101011100111011
1011001111111000100010011001000000110111110011100011110000111001
1001111110000001111011101011011010111011101000101101111101111011
0011100010000100111011011101110001100100010101110110101110101101
0000100101011000101100101100100000101011100110001100100010010111
1000011100000110001101001100111001011001001101101110110001111111
