1100001001010000101111011011001010010110110100101110111010110101
1100001111001111100100001100001001101001101100110010010000110111
0111100100001011011110001010101000000010100101011000011010101010
0111101110101010101001001001100000000000110011110010111101000111
0110110001001011011101110001001011011001010111100111110111101000
0111001000101110110111011000011010010110001010011010100000111111
0010001101001110111111111000111011001010000010000111000000101010
1001110101100101011010010111110011110110100111110110111111011001
1000001001011110101010100000111011000010111000000100000000100101
1110100000111000011001010101111000110011000010001110101010100000
1001000011001111110110010011100000011001111011010111010100100001
0111101101111111100110111011010011010111010011000111101000001000
1101011001111111001101001110100111010100001001010111010001100111
0011011110001101111001001001000110010110010110001111101000000001
0110110110100100111001000111011101100001111000011111001110011011
0000111011011011110001111100100010010010100010100101011010111001
0011100111000010000011010000110110010110111010100111001011001101
0010001011001111110001100111010010110000110000111000000000011010
0101000011000110101011100111001011010100010011000000111100101100
0001010100001101110011110011101000011011111010010101000001001010
1001100101100101110001100111110111111111111010110110101000101001
1011010110010001000001111010100011101110100111000000010101101100
0001001001010000101110101100110000110011000010011110011000101100
1011001101110111101101000011001010111011011101111110100101100000
1110010110100111010010110001101001011010010001001100000110010011
0001101111001111010000011110111010110001011001010000101011111000
0000000011101100000001101001101001001111010101111011110010100010
0000000001011101011010010001000011100000100100101101010100011111
1001001101100001010011100000101001000100110101010011010100101001
0010011010010011011110001111100010011011000101100010010010000001
1111010001111101010101101101110000010000110001000110010001101110
0000001111100100000011110010101001000110000001100010010101100111
0000111110111101111100001110100100000000001101000010000101110001
1011010000011110010111001100010100011100000110011100101010111101
1100011100100010010100111001111111011011000100110010100101000100
1111100111111010001011011100011010011101110110011111011000001101
1000101111110000110010011011011111101011110101010011111111101100
0110111100011101111000000011000000000110101110010000101100011111
0100111000100001110110110001000011110000000000101011000000101000
1010000101101100001010101010111010100011010100010100101011011110
0011010110010101101100101000101101101010100111010101111010100100
1010111100011001111001100011100110011011011100001001011011000110
1101010101001101111101110001010110000110101000001101101001101010
0101101110110001110010100010100110110100010010100101100100011100
1000001010111101000001000101100110011110111101111000000100000111
1011001110100110011000101011111100001010001101011000100111000011
1110010000101100101111101111110000010111101000001111010100110000
0011101100010101110011110110111110000110110111010000001110001111
0010100010110010000100100000100000111011001110001100101111100101
0000100111011000111011100111100000010100001001011011111011111101
1111101001100000101001101010001110001001011100001100000101001000
1010010110000010000001010110100011001101110000100010000001101001
1010110001011001010000010010000101001101001101100001010000111111
0101111110111000100010111101000011110001001011100101010000010001
0111101000000010111000101111001011101000011101001111100111111111
1001101100100101100110000110011110111011111010100100101110010111
0000111111111000101110001011110001111100101011001011101100011000
0011110111010010000000110101101111110110010110100001110011100010
1000110100000010101010000101111111101110101100111001110010111000
0000001000000101101110101001100010100000111110101101000000001000
0011111001101001110101011101100001100001001000110110100101011000
1111101011010001000001011100100000101000100110011100110110000010
0100011100011100101110110011001011101001110000111110010000000110
1000010100111110000010100011101010111101101011111001001110011101
1001011001001100001100100100011100110000011001001010010100110101
0011010001100110001101001000000000111110111101011111011010011011
1110101101101001011110010010101101000101110111000000011101001011
0010010100010000011001101010001110111101001000111101110100001110
0110100111011110111001111001011110001110010111011011000111100000
1000011001100000000111000001101100001110101001111010001000110000
0111110110001110110000010100100100000110010111001110010100100010
1000000101100100111010111011110100000111010011000000100101100111
1100011111100000011010100011101110110110110001010111111110111110
1111001101101110111110101101001100100000000100110010011010110011
1011100111111100110010110000111000001011100010101000001000011111
1000100001001011101110101110001111001000010100110011101100010110
0111001101100000001111010100101100100100110110110010011010110101
1000101001110101110001101011101001010111101000110101101010011110
0111010100000111110110010011100101000001011101101001000011110001
0010101001001101100110100000000010011111100110010111001001100011
0101100100000101000111110100110100001010011101111011101000100111
1001111111100100000001011111111010110000000111111011110011110100
1111010000011000000110110000001011110110110001000110111111011011
0101111101011111100000101100001100111100000010101111001111011000
1100110000000001101101100011110101111001011101011111110011111110
0111111100101010010000111010000000000110001100101111110110010001
1101101111001011000111101010010000111001000011110011011100001110
0110101101011011100000000010101100100001101111000110101000011001
0011011101110111100101110111001001100101101101011101100001101101
0011101010001110101000101110001111111101101011100001011011101110
1010000011101010110000011111101010000001110001011010000110011001
0100111010000100011110110100000100111111111101100001000010001101
0010000100110100000001111111010011100100110110100100000101111001
1101111100001100001111011100000001010011010111011110011001111000
0110001100011000011100110000100111001110101101111101111001001011
0010110011010101110110000100000110010011111101110011101111001011
0011011111101011010101011000101101101111111101111101110111011000
0100100011111100111000110100101111000111011000010001110111100111
0100000101001110010100001101000101000001011111000101101010100011
1101101111110101010101101100000000101100001110010111100000001101
0100110111100111000100000000011110010101000111011101101001001010
0000100110000100011110010000100001100000110010010100011001111011
0100001111000110101100001000000110000111111001000010111001010100
1011110011010100001101000111100010011010111011110101010000100101
1011100101100010011100011100010001000000111010010111111111011110
0010010110111011110110000111111111010100011111011101100100100110
0111101000101110101011110000000001010100000111111010011110101001
1010001110001001001111110111111101011110010000010001011100100000
1100011000001000011000101010100110000110111100111101010111001111
0110101001000101001110011111011000011011010100000011011111110111
1111100001000100001111010101001001010001111111000100000111001010
1001110001100100000101100011000011100010100000100110000001011101
1100101101011101111110000101110000010000000001101001010010110010
1101111010100000111000100111110000010111000001110101110100101100
0001100001011001110010000011101100011001010000001010000001001111
1000110101110111100010111110010101100101001101011101001100010101
0011100011000100001011011010011101001100101101111011110000101000
1000100001011000010000100110001011010011100110011111000100000010
1110001010101100111010010011101000100000100011000011010010110001
0111001011101111100010100000000010101001000000101101000110111101
0010110101011001001110100000010111111000010011001001101111100011
1101111001110010011101001111001110100101111110001000111100100110
1010011000010100100101100100101111000100000111001010101100100111
1100111101100100101001111011010010110100110001101111111111001011
1101001101000111001010000100011100100011110101011101000111010100
1010111000011011010110001101110111011101111110110101111010110101
0111111010000000111000001110101111011110011110011101010011011111
1110101000110101000111100010010110100111000100010000111111100111
1010011011111111100110100111010110000001111001110111001010101110
1101101101100000101100011001100111000100100110001001111001000101
0000101100100101111100010001010100011100101111110000000101100001
0101001111000110111001101100111100011110000001000101101010110101
0100011011101101101111001100001011111101110101011000110110000001
0010110101000100001110100000000000111101010111111011010010010011
0010100101000010011001101100011111100111111100111011000000010101
0100100111010001010011010110100001110101011101000111011101001111
1100110011010111001111001001000100100100000010101100110110000110
0101110001001000000111110001011011000110111001100000000100110010
0000000001001001000000111110100011110011001101001111100100000011
0000011000100100000010110110111111011111100000011111011001010001
0100001110010010011111000001110000100101010001100010101000011010
0000001011101000000101100011001000010110100011011001001000111001
0011100001001001101111101000101001001010110010010111011101010010
0110111110001101000101010111000101110010001111011001111101101101
0100010011111110001111000111100011011111111000010010100101001010
