0000010001000111100010011001101101111110011101001111010000101011
0110010100110111010110000010110011000100101111111100011100110111
1000010111011000011001110100000100101000000100011010001110001000
0000111100001010110100100111011101101100010101010111011110010000
1001000100001111000100010101100100110001010111000110100101101111
1010110010110010110100011000010100100011001100001101001010000010
0100000101111100010011000100111101001001111000010101011000100000
1001100001011110100010110011111001000110001111000010100001000111
1011101011101000000110100010000000111111110100011001001110010011
1001010000100101010000000010000110101001101100111111100010011111
1011101101100010101101000100011000100011110111010011011000110111
1111001101000111000100101011011000001001011100111001010011111001
0001101010101011000101111111100010001101100111001001101001101011
1011011111100110110101110100100000000001100111110111110110110001
1011001101010001101101100100111111100001110101110110101001000011
0000000000111101101111000111100110011011111101100100000110011001
0100100000100011100001000010111011100100111000110110110110011100
1111111111110101000001000111011101010111110011001010011010110010
0011111110101100000000011010110110100111011101010110100000010010
1000110111100010001010101011001010101000000110011100000011100100
0111001000101010001111011111110001001000011011100100101110010001
1101110010001100110011001110111000010011001100101001010111011111
0000111110111001010100100110011010010001001110010001110010111010
0110100010100001101100111011001101110100111100100111011010010011
0110001011100101101110101000100011010111000010001000010111001111
0100000011110111101000100101100101010001101011110110010100101011
1100011010111001100010011110100011001110000011010100100100111011
1000100000001111100111111110111100101011010011010101110000011010
0111101110110010111000110010000010010110110011001101100001011001
0001100011110111111101100011001110001100111011100111001010011000
0010011001111000001101001011110101011101111010101010111111111110
0000010100011100000101110000101101101010001001111111011101000011
1000010111001011001000000111010101011001110111010100000000000110
0100110011000011100100001111111011001100100101010101110110010111
0011000100111000111001011101100010100011010101010000000100000110
1001100111011110011000001100111010000001000100111010110001001100
1100101100111001001111101110111100111101000100110101011111000000
0011111011100011001111000100001111001001000100001000010110101101
1101010101110111111110100110010011100011011100111011010110100011
1111000000011000000010111010110011000100111010100011000100111101
1100110101111011111111000000000110001000010110100101101000100000
1000110000010001001110110011100011011100101110111100111001100000
0000101101101101010101001000011100001101001101001101100010000010
1001000010100110111110101000001010101011000000011001111010101000
0001011001100101010100101001000010001101101001011010110011110010
1100110001101010100000001110000001000111101100111111010010011101
1111010011011110111011100010100101011100011100000100000000000011
0010001011101001011101110101100001100110100000110101101011110011
1100101110110101101010111101101010000101010111110111101001010011
1001101101111010101101001000110100100001001001111110011001011100
0011001000100010000110101011001111011000011001001111001111100010
0000011100000001000001110111100111111110011010011011011110011011
1110100111100001010011110010101001011111101000100111110101011100
1111100011101000110100001011110100101001000010000101100101111010
0001100110011011111010101100001100111100000011111001010000011011
1100111110101011001001010101000000101100101111100011000010111101
1001110110000110000010101001010101001110100110000100110010100000
0100011001110000001001010100000111110011001101101001000001111100
1000110110110000111110101110010110110001011000100100010000101111
0100111111100101100000010111110010101100011111100010000100111000
0110111111011001000110111101011111001010100010010101001000101100
0011001000000010111001100010101000000110001010100101110000110001
0001001000000111100011000111110001111011111000110011110011100011
0101111011011110101011000010110101101111111011001110000110100111
0101001001100011011111010101100100101001110000011111000010101001
1000001101101011111001010001000011100010000001110011010011011110
0011111110111011110001011011100001011001100011101110110010010000
0101100001001101010000000010100111000101100000010001110010110111
0000111110010101010001000011111111101011101101111000010111100011
1000010111101101111100111010000101100111000110101001100010100101
1101110010010101111101000110111110000010101100111000001101111010
0000001010110101100111101111001111010100111100101011000010111011
1011111011000001110101111110111010100001101110001000000100010100
0001101101111011110000001000100010001010101101011101100010011111
0111011100111111011100111110100010000110000101010110011001001001
1110110001101010001111011010001010011010101101110010100111110010
0110100101100010111111000101110000000111111101011110111100111001
1010010111100101100110101001100011100000011010101010001000100010
0101101111010011111010001000110001011110000010101000011101000001
0001010100011001010101110111101110111000001111111011001011001001
1001110100011001010011100000110010001101101000110011101100000000
0111000010101111110101010101010110010100010000100110010010101100
1011101000101001001100111001110010010101010001100110000001101110
0011011100111111001100001100110101111001001011000111100100011010
1111101100101001111101101101110000011101110101110000111011001101
0111011110011111000101101011111000001111110100001111101110001111
0110011101100001001010000111001111110000110110000111000101110111
1010101111101010100010111010101101011001010100001101110011101101
