1100001111011000010100011000111011001101101101100100111000110110
0001101010001110110010100101000001111110101101110000000101111101
0111110011001011011100011000100011000111100000100111011010000011
1111001101110010111101111001001001100101101000100101101011000100
0000000001001011100111111110001111100011000101011001110001111000
0010011110101100101100011100000000110100110101111010110110100101
0110011111101000001011000001000011010000011010110110010110000001
0011000000010000010010101100110011010001000110110010011111110000
0100000011111101001000001111010011001010001010010111100010100111
0100011111111100001010111000101010110001111010100100101010111111
1011110101011010111110001110010110111001100000111001100000111011
0100000001001011111100111100101100010010111111100101110011101101
0111011000100011011101011011101100110010101101100011001101011101
1011100100001110011011010010010101010111110010001111110111110010
0000011101001100111011001110100110011111111110110110000101010110
0111010011100111111111011101000111000000110100000000100011000111
0101110010000000110010011101101001101001000100101001100000110000
1011111001011111001101000111110001101010011001100110010110101110
0110111000011001111000110011100111001000110000001101001001011010
0001101010111101100010111000111011110101101111011010101110100110
0011011111101111101100010100101101100101111111111011001011010100
1111100101001111111011001001111111111000011110101000111111101111
0001001100010001110101000111011100110100111010100111111001100000
1010111111011010000010101011101010011000110100101010001001010111
0101111100111110001001110001100011001001101100011010100001110010
0110101000110010000011101000010001010111011010011100100111011110
0010000100110101101001011101100011101101001110000110010000101011
0101011100000111101111000110010011100001011101100010111001100100
0010000001011011100101101011110000100011101000110100001001010010
0001011110101010111101100000010111011111010100000111010110100010
0100101111010101000000100001111000000101000111011110010100101010
1001110101010001010110011111100000111010001100110111010101001100
1100010001000100101011011100111100000011011011101000010100101101
0111110001110011001101010111011110111100011001110000111100100110
1101101010100101100100100001001111111010110000010000000110000010
1011001001100010101010111110011010010010111010011011001010111001
0000111101010011011101001001010101001100100110011111011000011111
0011000101101010010001110110101110011011001100100100111111010001
0001000010010101001101001111001111011001101110000101110001011001
0001111100111000000101000000000001011100010101011110101010001110
1001001010111111010100011100011000100110100101100001111010111001
1111011001110010100100100010010100011001010101110000010110000001
0110000011000000010000000000010111010101101011101111101101000001
0101111101101111100100110010001100010111001111010011000111011000
1001001010000101011100001000011100000010100010110101011101100100
0001110110101010110110111110001010011100001000010010111110101100
0111001110101000011011001000010111000101001101110111111111001010
0101000111011111010001110010111010111011100101110111011110111100
0111010001010110011111011100010111100100100001110010111010010001
1101110111110101010101101000010000101000011000100000101000001011
0010110000100001111111100110010110001001010001010111010111111001
1111010001001000110101010101011111011100100010011000110011100110
0010101000001100010001000110111111100111011010111111000001111111
1110111100010111101000001011010100111100011000110110001110110101
1101010101000101101001100110101100111011111101011000001010001100
1110110010001100010100010111101001100101000111011111110010101010
1010001110001010001010101111010001000101011011100110110111111111
0110111011010010001111010111101011100000001001010100100100100010
1010011001110010011110011100010011100101100011100100111100110111
1110111000101010100111011101010111011011111101111001110011010001
1101100001010011110100001000000100111001011000111011001011101110
1110010100001110110111111111000010100010000110001100011001000100
1000101101101000010001010101100011001110000011111101001001101111
0111110111010111001100101001011010100101101010001001001100010000
0100111111110101000100000010001110100000010111000011100101001111
1000110010110011101100101111000000110101101101000111010100011011
1001110101110000010110110011110010001110100100001111000101100001
1110000000110101000011010000010110111111101011100110110001000101
1001001010101000000001001111001111001110101110000010001101101010
0000101010001110010001100100010000010010101000110001110100100101
1100001100101001101111111011010011011101000010001001011000001010
1001101011010101100101010011000010011100100101110010011001011111
0011111010111100110001100011001111010010110111011100010100010111
0110101010000010000101101010111111011001001001100011001010000100
0100011111110010000101100101011111000001000101010010101111110101
0101010010011111011111101111100110100110000100011011110111000111
1110011110110100101010101001110111010001110001101100100111101011
1110101100110010100110100010111101101011101001010100011001001001
1010111111010001011011000111000001011100101001101010111101001111
1000101110100110010010110110010111100100111001011111100011100001
1001011111000000100111000101101101101011011100111000011101000100
1010000110001111110010100010011000011111101001110000110100110010
1100111010100010110010000001100110101010101111100101010111000011
1000011011001001010001110110111111100101100110100001101110110101
0100001101110111101011000001100010000100001000001111010001011110
1101010111101110011100100100101000101010011101010100001100000111
1000100111001001011111101100011100110111111101000001100010100000
0000111101000000100000011111010001000010100000100001001001110000
1010001110000001001011110110010010010001011000110011011000011110
0011100000110010001111000000110011010111001010100011111100001100
0101010101111111100000101010010100000001111001100001010000001110
1101001010011001110001100100011110011001111111100101010000010110
0010111000010110011111011010101001011111010111111010010101010011
0111110010000111000010110101010011010111011110000101010010100110
0101100101111000101001000101101100110110101000010110111101011011
0110100011010111111110010111111000001100110110001001110111000111
0001001001101010001000000101010110100100011100111000110110101011
1010101111110010111000000110011010001100101111010001001100000010
1111111110111011010011101010010111110000100001110110100100110101
1111010110011101010010001000101110110110110101011010001000100011
0000001010111110010110101100101000010001110100000000111100101101
1011101010110111111110110010101110110101010111100110101100000111
0101001110111101100001000110100011010000001001010111101011001101
0101101110010100101110101111100100101001011001011000010111100100
