0101100001100100110111000110100100000000001101110000000100000111
0010111100111000100111100111100001111100100101000000111011110111
0011111011001110000000010111010100110000101110000111100110000111
0101000111100011011111000001000111011101001011100000010111001000
1001111001000001001101010011001001010111001000000110111010101010
0001111101100110101100011000010101111010100101101100110011011000
1001011101111100011110100011100011111101000100101001111100111011
1110100010010011111100110101101000100011100101011110010110011010
1110101010111001000000100101101101000000010010100100101001011111
1100101110001000011101010111100000011110100111011111001000110010
0010010000100100000110001010000101100110111110000101010000000101
0101001010000101001110100101001000110110011101111010101110010010
1011010011001001101100010101100011000111111011000010110101100001
0101011100100111011111011011001100110010101010111001110011011001
0010100110100110101000110011000110001001000001101011100001011001
1001001101010011100001001101000100001000010010001000001011010000
0010101110000000010111111101110101011000101100000111111101010100
1110110011000111111111111101011111010110011011001100011000001111
0010110000101001101010001000111000100000111010111011110010000010
1000110100010100001100010000000000110011000011001010101010000000
0000100111110101111111000101101011110111011111111110110010000001
0100011010001011111111100111000111011111111111011101001101110010
1000001010011100000101101010111110100111100101100101001000001000
0000101010000101011110000111011110100111010000001010111000000010
0101011001111000010111111001110110111111010111001011001011010101
1101001100010011011111100110101011000000100111000100101110100001
1100111100010100010111001100010101111001100100110101001000001001
1110111000100011101000001011110001001100101000100101011001011110
0001100001101000111011100110010011110111110010010010110110100101
0111100110111110011010110001011001011000011011100101100110101100
0010001000000101000100001000111101000100101111111010100010101000
1010011100110100010010000110100111011011010000100010101001011011
0001000101110000010101101101100010011100000111101011000011100101
0011100011001011010111101110110111001011011000011111111101001010
1001111010100101101101001010110001101111101110100000000101000111
1111001010101101000001000101111001011000011001001010000100111100
0001110110100101011100010101011000010011101001101111110001101110
0001000011101010001101011000101111101011001011110101110100000111
1010010010101100001010110101110100010011010110110100000011111011
0110111111010000011110010111110011011110001111110001011100100001
0101101101010100101010101011110011101000010000101001111101101000
1100011011100010110100011101100101010111011101111001000111101110
0001000011000111011000101001111100101000101111011001110000001001
1110100101110000000010000110111100011100000111000001010100101011
0111110110000010110011010110011010111011000001100010001111100010
0010101001100101110110110010111101001010111100000110010000010011
1011011011011101101101010111100110111001101100110100011001001000
0011011111010110111100110100100101100110011010010110101011010000
1101100001101000000100101111000111101000001110010001000100100111
0110011101001111000010110101101000000010111111010100010000011100
0001010111100011100010110000101000000001100110011100111101010000
1011111110000100101110000011100010010010010000101101111000011011
0010110000011000000010011110011110011110000001011111001011100010
0110010100000110011100001011110011011000100000001001000101111000
0101100001011100000101010011001110110000011100110001101101101111
0111010001001100100000001100100100001010001110000011110010010000
1000101100111101001100100100101110000011000010100110000111111010
1011010001100101100001100010000110100111111000110001001101110001
0001101000111010100110001101010001100100010000001111110000000101
1101101101100111001011111010110010011011010010100010011010100010
1010001111111011100100000000101111010111100010101011111110111111
0001110110110110000110011011110110001110001011111100011110001011
1101010001100111101101101011000101100111010100000000010010001001
0000110110110010011000001110000100011000011001101100111010111100
1100000001100111111101100010011001011110101101011100010010011111
1111100110010101110110000011010100110010100101111011100011011001
0010110000110101011110111000000001100100111100000100110100010001
1001100111111011010100011011010101101111000010010101100001110100
0101000110100101000100110001010010111100001011111110100010011111
1001100011111001101011010101110001111011011011101011111110111000
0001000001101011101010101000101111000111111001000010110011111001
1010011000010110000100111000100100011011001011111010010011110010
0101001000011011011100100101110101000011101111111100000110010110
1011000010010100110001000110000000100110100001111101001110100010
1001011011110000001100100110010101110110100000010011010010011011
1000101011111001100100011110110111100000110011001011000011001011
1100110111110001010000011000110101110011100001011110010000111101
1000110011101111011111010000111011110100011101110001010001111101
1001100101110010110111101110001101011000101101111010000011110110
1100110011000010010101001011111100101110100010100001010010010001
1111111111010110011111111000110000100010010001000111110011001000
0100111011011101011011000101110000010100111110110100100011101001
0011010101110001111101111110101111011001100101101010101000101101
1010011101001101010000010100001111011100100101010010001010000100
1111011011101010000011100000100011011111110000010011010001100101
0111011000110011101111110011011011001010011001111100011010011100
1010000101100010011011100001100010111101001101010101111110110100
1101101000100110111011110111001110000100001111100001110011010111
0010111100110011101110010001010100101100101000100000010001101011
0010000011111000111100011110011010111110100111111100100111101011
0100110100101101101111111111100001110001100001010011100110011000
0010110001100001100010111100111000100100101001111111111101001101
1011001010100100001101100010110000101101101001110101101000111101
0000001000101001011000010010110111001101101000001100000101100111
1011001111100011110000001101001011100101100011001001010100100101
0000100000111100000111101010110000010100001001000000001100110001
1111111001001111011110010110001100100001011101111110101100001110
0111110110110111001011110001011101001011000000010101000110110100
0110111101100000110110101100110001100100010111001000011111101011
0011111010000111000110010100101100000001110111100110010101110001
1000001011100101101111110110000000001110110011001001010001001100
0110000101011101110010111010111010010000100010111110011100100010
0101011100111000100100100100001101010000111101010010001001001111
0011001001000010101011011001101001101011100111001100111100010100
0001110100000010110100011011000011100000011101001001000100101101
0000101101111111100010000011100100001101000000101010101111010101
0101110100110011111001110011001011001101001010100100111000010011
0010011010011011110100010100101000100111010100001000101111100111
0111111011111000000010101011101111110001001011111100000111111100
1100010110101110010111100010101101100010111001101111010110110010
1011100010011000001101101000101100101000001110100001001110001001
1111001011011111110010011010011100110000101001101101011010001100
1101000100101010100111110011110111110011010011010001101101001110
0000110010000110101111011111101001000010011100011000111100001000
1010100101111110001001110111101111010011000111010010100010011110
0000101001100001100110110101111010111100010011100010110101011011
1110001111110100010110001011100100101010011100101101011110101110
0111010011000000010010001100101101010110111000001001001010110111
0100010010010001000000010111100111010000110110101010010011011110
1111010001010001001011101101110110110010011000100100110101000101
1100000000100001000011111010001100101000110001111111010110011111
0000111001001111100011010101010011011000011000101111010000100011
1101010011001101110111110011011101110110111001101001101001000111
0111101100110011101110110101001010000001001010110011011111001101
1000100111111010000110111000000010111101110111011001101110100001
1011001001101100100100010111010111010010100011101000100010101000
0000010000001000000010010110000100101011101000101110000110110011
1000010000000000000010100110001011100111100110000011111101001000
1011100101110000101111111000101101011100010001101011011010100000
1100000101111000110001101100111000100101100011100100100011100100
1010011001000100111110110101110110100101010100001101001011100111
0010011000001011000111011010100010100011100111110111010000100011
