0100101101001101110010011110001000010010010110001011111111011011
0100011000001010110101110001011000001111100011100001100101110101
0101001011101001000101010111111100000111110100111011010110110110
0010111101100111010110110111110000100011100111001010100111100011
1001100001001111111011100101011001001010001000110001011000110000
0100110001011111011100101101111111100101101000010000001000010000
1101001010100101101000000010110000110010110011101110100100100010
0110011000000111100110111100001011001110011010100110110001001001
1111100100111110000000100100101011110111010010000001000011001110
0000100001001010100111000101011011100011100110110011010011000111
0001011100100111010111110110111100100011111010001010010000000101
1100100101000010000100010110010001011000000110100100101111011100
1011001110100101100100110110010011011111100011000000110110110000
1101101101111101110111100100000011000010100000000101111110011011
0011110001010101100011101011111110100011111010100010110010001110
1100100010001100100011111101000111010110101111110101011101101011
1100100111001100000011101001100111111010101011011100001011111011
0011101111100110011110101111001100100000011100100010001101000101
1011101101011111011011000000001010010001110110010100000111100000
0011000011010111011001011100110011111011010001000001101101111100
1000000010000011101111000101000010110000010110010010000110111111
1000101110001111000011110101101011101001010001001000110111011110
1011111011110110000010000001111010001100111000001110111011101111
1100011001101010100011001000111101110100001001111011101100110010
0110110011110100110010111111010110111011101000010000001100110100
0111100101011001001100000001000101100011010100100110100110101001
1001011011111111011001110010000010011100110111010000110010110100
0101101111011100010001000110011011001010010100011111010010100000
0101001100111010010000001110011110000101110111000011011100010101
1101111101010011000010011001100010000101001000110100100011000011
1110010101000010010100100001010111011010101000001001110000001100
0000010001110110111001000000011011101001100010011000001100001000
0110100111110000100100011011000110000111010000110010110010110101
0110110101110110000111000111011011011000100101000000100110100011
0011100110110101010000110001001010010110011110101101111101000100
0111100001011011010110110001010100101110011101000100101100100000
0111011001011011110010011010000110111100010001110000100110100001
1111110010100111010001110010001101000111111110111101111011101111
1101100101100110100100011100001001010101110100010101011101101011
1011110110111010000010001010111001010010000001100110111100111011
0001010000010111101001111000010011000001100110011110110001111011
1110011101000010011000000001010111011000111101010000001111000010
0010111010110110101111011011001110001001000110010010001000011011
0011000010101101111001000101001010101000100000011011011010000000
0110110000101100100111010100011110110001001000001111110110001111
1001011011010010111000101100101000001000001000001100001101001100
0000101001111010010010100110110100010000101011000100100111010111
0110001110110001101111011001001010000101110000001111100111011110
1000101110001110011101110000001110101110101111101101010001000110
0011110001011000000010101000010001010000010100011001000010011000
1011011101010111101000010011100000101011100000100111000110000001
1100000100110111010101011010110000001011100111000100111010011110
0101100111010110011001110001110110001000111100101001111010100100
0000000111110111100111001110110001011011001011011010001000100001
0101111011101000101110110110001111111101000000101110111011100101
1001001110011111111001111101010101110100000101100100001010110101
0101111101111000111110111000110101111111110100011000011000101001
0111100011111000101001111010100001010111010001010011000100100001
1010010111001100011001011100111000011111100101010111110011110000
0011100001001010011101011101111010011001100101000100011001101110
0101011011001000000010101100010011011101010011001111111100101101
0111000101110101100011100001111000111010110010000011100010001001
1001010100100110101001010000011111011000001001000010010001111000
1110111101101010110110011100010101001000111011011010000101011010
1101000100111111001011111111000010000110101010101110101001000111
0101011001010101111010100010110101110110000001110111110101110010
0010011101001110101110000010110011110110101111000110110000100001
1110010101111111011111100111000011101100101100001011100100001111
1100101010110111101101000111000110110101000101000110011001011000
1001011001000110011110101001101110011000100001001011010011000001
0001100100010101110011110010100010101100010000110001000100000011
0111100001010111001111110011001101010001000001100000100011100111
0011000110100011101000000011100001110100100110100110001000110010
1011000100110100000011001000001111000000110001100001001000101111
0000001111110001101001011001110100110001000010100011010110111111
0100100010111111110010011000111110101001100000011011110100100111
0110101010010100000101100101110010101101101001111101111010000101
0111000111100000100011001010001011000100100001111010100110101110
0110011111010000100100110100110101100101111001110011101010100111
0111000111001010110000101000100000111101101000010110001110011011
0111100110010001010001111100111111101011010001110010100111010111
0001111010110010101010101100011010000100001011001111000100000111
1100101000000111111100010110101010001001001111100100100101100110
0000001011000111001100011101110100001101110101010110000000111110
0111111011100000000000011110001010111101111110110100101111011001
0110001010100011001100111000001110011100000110100100001111010011
1010001000010011110100001111101101110000000111110100110111101000
