0100111011100101100000010001000000000010100101100101111010111100
1110110111001001010101001110110001101100011001100101110111101100
1110100010110110111111100001011001000100101110010101000011111111
0111000111110100011011010110010111101011101111100100001100111000
1001010010001100010101001000111101101101101101110001011001011101
1001001001001000010010001011001101011100000101001111011010111111
1101000101101100110101110011101001110100001001010010110000101111
1001000010001001010001010110101100111000111000101011101100000101
1011100110001100011111111000101100010101010100110010011010000010
0010000100100011010110011000000011110001100111101100101011000011
1111010100001110101100111101101111100111010011010000001110111101
1101110101011111000000001000010011011111111111000101000100111111
0001111100101100001100110011101010010000000001001010100100011010
1000001100111011000111100111010011110111001100101101100010000010
0100101011111111100000000010000111001001100011111110001000011111
0110100001111000111000101110001011100011111000010111110100101000
1000101111011110111011000011110101000011110100110001101101011111
0000101001110100101100000010010010010001110000011101011101011011
1011111001110111000101011100100110001100000111010101000010110101
1100001001101001011111010010100010000111100011011111111101111110
0101011010011001100010111001000110011010100000001100011001010111
1100110010111111111101010010101101000100001101101110000101100000
1001010100001001000010101101100111010101101001100001110111000011
1100111000100011010010011101010010011110110010011000111111010111
1110010000010101001011011011101011100111111100101001101111011110
0011100111000101101100110110001010100101001001101110011111101001
1100110010100000100100110010010000011001101100101100011011001100
1110011111001111111101101011111110000101100000010100001101010010
0101010001101111110000101010001010100101111110011101001101110000
0110001111101010001101100101111010100000000100011111001010101111
0101100101110011100100111010101110000111100110000001101110010001
0011111100001100010001101000001010111110111001100111110000100110
1110011010101110011010000001011001110000010011001001101011010100
1011100001011010100111111111001111000100011000011100101101011000
1100100101010001011000011010101100111110100111001110110011011001
0100011101110111011001110001110111110011000100110110000011010101
1110101011110111000101101011001000011010101101010100111011101000
0000001100101101100011010010110100101110101000011000000010000011
1001011010010011101001001111111110111000100011010011011000110111
1101111010100000101001011101110000010001101010100110100110100000
1001010011110011001011011001111100011011110101011001000010101000
1010000001010000111100100101000011111100110001111101000101011000
1001001111111010010100111100111110010000011001110001011101000001
0010111011111100100110011001001100001010100010111110101101111110
1010000000100100101010110100000011110000000010110010100000011010
1101001100101000001100111110010011100001010110111011001011001010
0011110100100101001011101101001010110100000110011101010101010110
0110111001001010000100111000101000010011101010111101101110101011
0100001101010011011100001111000110110011110001110011001000101100
1101101101110110110111101000101100111100111110110100000000100110
0111001010011111010000010010000110011001111000100010110010011001
1011010001100000001101010011110100010001000010100011001100111001
0000110101000001011111001111100101110010100000100111001010001111
0100001100010100101110101101010101101101110011000001000100001101
1000110011001000000101001000010101111001101111110101011100101010
1110000000101100000101111000100000110111000000110011000101011001
0010110000010111101111111010101101011101111111000001100010111001
0111101111011111111100010101101101011111010100111111001111011010
1000111100010101010100011111010001111011111101101011100111000001
0001110011100110001101010000001110011011001001110101100100011101
0000011100111011101000001110011100000000111100000010001001101001
0100100110011101110000000010101001111011010110011111000100001001
1110000101100001111000100011111000101001101100100010111011010001
0100000101010100110010010001100010101001101101110101000110010110
0001000001010010110010011001011101101001101010001001000000110000
1011000101001101000000110000011111100010010000101100001000010010
1100010010111000101000100000110010111110110100100100111111011000
0011111010101011100110100110111110110000010111001110100111010101
0000001001110011011111100001000001101111010111110100010011011100
1101111001100111111100011100001100000101011101001100100101010001
1010111000001000010111101010100011010110011001101001101100000010
0000110010010111010011010001110100111010111100100111101000011100
1100110100110101010100100100011001110111100100110101100100101011
1001110101101010001100111000010110110010100100100110101010011100
0001111101101001001010000000110000101000011100100010110001010010
0111001110110110010100110110000000001010001001011000000110001010
0010010101001100111000100001000100011001011100011001010001001010
0001100101000000110101101011110110010000100011101001011000000110
0001010000110011010001111011101000101110010110111110010110100000
0110010001101011101011110100101110111110010011011101011111100001
0111111010000111100001001001100100011101111111100010001011001010
0001010100010101001000011011011010110110101010000010001001110111
0010001000100110010000111110010000101010111011110111111011011000
1110010100000000110010111111101101100010011001100100011001100111
1101101010110001101000100100010000111101011111100011011101010010
1000111000000110110000110000110101110100100011011011000100101110
1100100001000011001011110010000010010011011101001100001100111001
0011011011101110100100011111000101001110111011011010110000010001
1101011001011100111000110101010101100000000011100011001001110101
1010000010000011110011111110010001000011010101000000100001010011
0010101100101010010000000001011111000110100000000011000000101011
1011000011010110110110010101100110011000100000010011001001111001
1011101101010101110001100000101101010000111011010111100110100011
1101100001110110110111101001111101101111010101110001001101100111
0000110111001011010110001001100111011000001011111100001011101111
1101000000010010110101010111111000111001000101111010100010100000
1111110111100010000001111010111111001100011101010101110101110110
0101111000010110010001001111011011101111100000110011101000101011
1111111011010011011010110000111110100110101101100101101101111010
1011000010001010000111100000111110101111100010100011011101010110
0111000010101011100001100100110001110001011111111110101101100001
0100100100011110111001001101000100110110101011000111111000001101
1101010010111010110001100011000000110011111010010110000101101100
1101100001010101100111101000101110100000001101001011001000101011
1001100110100000001011001111110100001010000101100011111110110011
0001111001010101110111000101101011101110011001011100011010011000
1110101101111100001000100001100010011110101101110100110111010110
1010111010011111000110000000100010100100100001010010110011100110
0011000000000101010011000110000011100100101100110111011101001111
1011000111011100000001011001111011111011010001010100011001001100
0100011111100011110010011000101010000010100010001101111100011001
1011010111001110110111000110010011110000000010100001000001101100
0101101000111100011100000000010000010100001001010000000010000110
1100100111011001001000100001101110011100011000101100110001100011
0000001011110111001010111011000100101101000001101001111000111110
1011000011101111101000011010011011100110110111011010001011111111
0011111010100110111011010101110000101001100100101100111101101101
0100001101111001101001101110011111101110110000010101010001100101
0000101000111101010111101110100100101111011111001010001100000111
0110101100011101000111101110000011011100001110111111110000100011
1011100110010011111100001101011111101101000110100010000010100001
1010110011011011111100100111101110001100110111001101000100111010
1000011010011011110110100011111111111110111010110110000110000010
1100111101010100101110001111111010111001000100000011100000000110
0001001010110100110011111001100101011110111000100010011000111110
0011011110010011001100011011001111110111110010110101110001001110
0100000100011000100000011000100110010100000011100100110000100000
1000101001011111101111011101000110111100001100111011011000001000
0111000110111100000010111000001100011111101000110111111000001010
1111100001000011000111000010011011011111010101110110100000011000
0000110110111111011000010010000101000000000000111101110110101110
1111101011111010110110010001111010101111110011110011010110110101
1101001111101101010011011001111000010010100010111011100000101000
0000010011101100111011000001111111100101101100010100000001010011
0010100111101001100100111001101000000000111010000111111111010110
1101011011100000101110000111010001000101101000010001111100001110
0000010100001111100000010011100110111010111110111110101100111000
1010000101110101101001011010000100101101011010110100011011101111
1111011000001100010010110110111111000011010110101100101101110111
0010111101111100011011100111101001010111000100111001100101000001
0111010110110110011100011101110111110001110110011000001000110011
1010001110111000101100100110011100111111101100101001101111100011
0010111101010110100111100111100110011011000101101110110111110101
0110010000101111000110010101110011110101000100101000111010100110
1011100101101001011111110001010010110110111101000100111101000011
0101111010111011111010111111110111010111100111111111000001100011
