0010111110000001001010000111000111000101010110001101111000011000
1001111110001011110111111010011000000001011100101011100100111101
0001111000110101001101110110101111000001110010101100000110111111
0010100101000011011010100010001011000000101010010001001111111000
0101001111101111101110011100011101010011111111000011011000110000
0110000001010001111010111010010001001111100011001100000000001111
0000001010001100100100101111010001000000111000110110000010100011
0100000110001110111010111110001000110111110010110110101000001001
0000001000010101000111011011100100101011111000001010100100110101
0000001001000001111001101111100100000110110111100000010110000010
1111001110111001111011000101001101001111001001001101011010100111
1011010010001101000101100110101011011110111111000100001010011010
0111010011000110110111111011100110010001100100101110101000100000
0111000101000010101010000010011000000001100000110011000101011111
1110111001100000000001000110101111000011000010011001001110100010
0011001010001000110000000000110100010010001011110010110010001100
1000110000010010111101001110010001010000011001101000000110110111
1100010000011101100100111101100000111101111011111100011101111100
0110001111001011001010001000001110100000010011011100000100101010
0010001101110010100000000011100011000000110010011001000100010111
0101100011111001001000101100100010101111111001110011011000010110
0100111011001011000011110100111011011000100101110111111100000011
0000100000011010000111110001100000011001100111001101001111000011
0000010101000101011000011010010111100000001001000110000100110011
1100101101001101011011100100100001011011010001110110000001011010
1001001010000100010100001010101101100001000011110111100000011110
0010101110101111010010000000011010000000100011000010011000101110
1100101111001011101110110100111111000111100110001011010010111000
0100001001110010111111111111001101001111011100101001001111010010
0000110011011010110000110001001100001111011110010001000101110110
1011101000001000011101010000100000011010010111101010110101001010
0100101001011001001011000111111111011001010101111111100010100010
1011100011011100110111100111001110110000111011100111100110011010
1111110001000010110111100110101100100110011110001010010000111110
1010010101111010010001000011100010111001001111000111100111110110
1010111111011111110010111110010110011111010000111111010101110001
0011001011011111010001000001111101011110000110111011110010011011
1101000111010100010001100001101111110001100010100001101000101110
1011100010111110000010100001100011111111001001110001000111100101
0000000001101011001100000101100101100101000000101110001000100111
1000110010101100010110101001011001010010010100001110110101010000
0001100010111000010110110010011101000100001010110111011100000001
1010011100000100101000111110010010001100001000111011010100111111
1011010010100001110101100101011000101100110011001101001000101111
1100110000100101101101111001011011011111000010000000000010010011
1111011001100111011011010010110100110000011011010110101100010101
1111110100101111110011111010011111100101100101100001010011011100
0001111111000111000001110100111000101111010001110101100001001001
1011101010001111100101111111000011100111101101001010001101000000
0001100110011010101111000110000000010100110011010011101000000100
1111110100011101110111101010110010110011011001011000010010010111
1110111011010110001010111000001000101011100110101001011100100100
1010000011110010000100010111111111101000111110011101010000001001
1010010001101010011011001000110011100111001000101001101000111010
1011111111010100111111101010000111000100011011110001100110001000
0011110110100010011011010010001000111000101000110101101111100011
0010010110010000100000100110010010101110000101000101010011010000
0101010110010101100010011101010001011010100101010111111110100011
0010111010001110101100110110111000110000010000011111110010111000
1011011000101011110111100111010100011110111001011101000101001110
1010011100010000100000011001000011011000111001111111111101100010
0100000110110000000010110110111001001001100111110100011011101000
0001110001100010011001101000100101110101101000111000001000110100
0010110000101010110011000100111011001101101000110100010010110110
0010011011101001111011101000000010011000111111100011110101111111
1011110010011111100010010010001010101011001001010011011001110111
0100101110100111111000101110001000110111000111010011011100001001
0111011000111001001011101001110110110101001100001001000011111001
0111111101111011101100001101001010101011101010100011110111110110
0011011000101010011001101000111000101100110110111111001010100001
1000111010101100010111000000010111010000011100011111100001000110
1101100000010100011000001010010110000010100011000001110111001001
0100000111111110100110111110100000110001100010010100000100011101
0001000010011111010101000111100010010010001011010100111011001011
0100101100001111110111110001000011000010010001000010100010110101
1010111111101010101011011100011100011111011110101010001001000011
0001101111001111101100111011001001011100101110010111111101111111
1110010000100110111110010110110001010110100101110100110001111010
1011011000111110101101101011101010001011100010101001000000010001
0010100001111111010011101101011101101100111111101011011000101110
1001111011110111111101001010101010101011100010010100100000110111
1101010100010010111001010111001011110011011000110011000100011101
1011101101010110100001000111011110000100111111011000100101111101
0100001111111011001011100100001101101110110100101000000101100011
1100110001000001011100011000011101000110001100000010011000010100
1000010000001111110111110101011100110011001010100110110001110101
0100001101000110010110110010111010000000011010000101010100010010
1110110110110001111001101011100101110010010110000111101000010011
1100110001011110001101111011011011110001100111000100000011001000
1101100101100111110100010011011010010100100101000011101101000010
1111010001111100010011111000001100000111011100110010001111000011
0010001111010101110001000111101100100001010111001011111001010001
0011000100001000010010110011010101100010101110000001011101001011
0100000001001001000101001111011111001000101001110110001010110000
1111111011001111101001110110100000011011010110001001100011000110
0100100010010010111000101000011101001000001100100001101010011101
0111110011011110110101100000101110011001110110101110011101110011
1000010101111110000110110101000010000101010010111010100110001010
1011011101100100110001011111100001000010101110001101110101110111
0111011111000000000011100010011000100111111000000100011010111011
1100100001010000010001000010001010111101111101010010001010110000
0111010011000010000010001101100011101111100000001111110010111010
1001011011001101001110010000011110101111110011010001110111010110
1110101111111010001000110100000110000000010101100001001111011011
1000111011010101110000001001010100100111111000000100100111010001
0011010001001000010000001110000000110000000010000110101111100100
0110100001010000101110001011011101110110111101001000110100101001
0110110010101101010001101111101001010010011100111100011001110011
0001110100111001010001000110110000110011100100100001110100010001
0111010100100100000000110100000110011001000011100001110100111001
1001100011001100010110001010101010001001000010001011110011101001
1111111011100110101111010110101100111010101001011010001100010001
0101110101111000111111000011101001110000101111011111100010111010
0001011110111011001101011011011100011111000110001010110011010010
0101111001000100000111101010011011011010010011101101100000010011
1001000111011110011010011100010111000100010110010100011011111000
1010100000000110011111011111001111011001111101011111001100000101
0001100011110100001110011101111000011100010001001010011000001101
1011100111000111001010100000111010110000111010101111111100101000
0011010101001110001111000000011100001110010010111101101100101110
1000011011011001110111111110000000110100110000101100011100010011
0000101010101011011110010111110000001010000110111101010001110100
0010011111101001010111100111010000000011001000110011101101100010
1100101010011110110001010000100011111100000100100011111011101100
0011001100110100000110111111101000001011100101001111001001111010
0111010110010111001101111111100100100010100000100000110111110001
1111001001100000011100001010111000110001101101011000001011000100
1110001000000111111000011010000101101100011010101110000001100001
