1111100111110110111110010000101011101100111001110000000100100101
1000111100000011110110100000000001100110100110110000111010100000
1111011001100100100100111000100000101100110011001111101111000011
1101001000100011001111000010001000111100001110101001001111001101
1000110010101101111011000000001110010101010011001011101000101101
1011011000000110001110101010111011001110011101111010001111111100
1101110110001011100000111100110001010011100110001011111011000111
1100110010111010000111110000100111111101100100000001011101101011
0111101001111101010111101011010100001111111111010100010010111111
1001101101101111001010100101111000010100111011111000101001110011
1110001100100010100111010011101101110100000100011110100111101001
0110111100001101011110100101010100001010101010101111101110100000
1101111011000001111010000011101100010010010110010111000111010100
0011100100011001100000010101100101101111110111100111100100101110
0111111110110011011010110110101101000100011100101000111011101101
1100010100110111101010011000001010001001111100011010100111100110
1110000000000101001110110111101100101100111101111110010110111100
1011110001101101110011110010001110010000111011011111101001000011
1000110111011000101101010011111010000100100011011001000000010000
0110111011011110110100101110101111000001111011100001010010000001
0111001010101100101001011100001110111001001110011011110011100010
0000111100100110000111011111111100001111101100111000000110100101
0011100000000101111101100001101110110000100111000011110011101001
0110011101011011100111000110010001111000011110000110110000100100
1011101101010100101100101000110101110010011111101010010100010110
0001110011101101000010111001000110000100110111101110110110110000
0101001111100000100010001100111001011110110001010010101110110011
0111111101111111001101101110110011100011011000110011011000010000
0011010101101001100001101001000011111011100001011100001111001100
1001011001110010101000111110111001101000010111001101101011000011
0110101111000010001001110010000100000110111110001000001111100100
1011001010100111111011110001011010011011011011101001010001000111
0101010011010110011100111100011100010001100100001100011010100101
0110000000001001111010001100101101110100001010110010110010000001
1100110001011010000011111000001000011110100100001111010111000101
0111101001111000010010100001011101010110001111110101010101010000
0100010010010101011010000110001000110100101011001010101110100101
0001101111001001110001111000101100100010100111110101110000100000
0111101010100101001010011110101011000010010111001110101100011111
0001010001111011101000110011111011111101110001100101100010110000
1010110010010011111111001001100000001100111111011110000100110011
0110101111001101000110111101010110100101000111000010000101100000
1101001110000111101110000101000110111010000100011111001100110111
0001001010110010110110110001010100101101111111110100100010000011
0100001110011111101001111011000101111001011110001010110001001110
0000111110000111000100000110101101001110011101100010011100111101
1110011100100101100101000000000011111000010110110111101101101001
1011110100011011011010010100111101011111011000001000100111101001
1011100111111011000001100011111100000011000110111001010001111010
0100111110101001001011111010010111000011010010110000001110011111
1011010101111101100001110110100111111000110111110101011110001111
0100010000111101011011010001100000000111111001011000000011111011
0011111110110011100010110110101001011111010000001000011101001101
0110001110100001010011001010101101010101101011100100111001110100
0110000001000101001101101010111000001000010001000001001010100001
0000101111100001000110111110010101110101111001010000100010111100
0111000010100110101001101010000111000011101101111011011000100011
0000010100100100000101000110111100101110110000101000011011110101
1001101100100010110010100011110000000001110111111001111010010001
1101100001110101011111111010011011000011111000100010111000010111
0010000101101000000101110101101111111100000001001000101101111110
1111100000010100000001010100001110011011110100110100000011001001
0000000100101001110001100001110001100110101001011001001100001001
0101111011110000111001110000011101010100010110101011010010110011
1111001111001011010001111001100101000010000101000010011100111000
0011110100110111111001111001100001101011001100010000000110110100
0010101011110100000110010000100000101100010010010101100101010100
0111101101100011100101100101101101111100101111111000011010110101
0000001001100001101111001011101001111110111010101110110111000000
1001010100111101000000001000101111000101111011101100100100010000
0011101101111010011100011010110010110000110010001001010111111111
0010101111011000011001001111010010100100101110000110111010110001
0110001101010100110000000110001011010100010101111011110001001000
0110011100001111010110100100000011100101101010111011100000111110
0010001100101001001110110111010101000100001110010000000110010100
1110011100111110000101000001100100100100011010011101000011011110
1110101111111101001111110101101011110001011000111100100100101101
0011101100100111001011011101100101001011010011000100000111110100
1000000101010000111111101110111110100100111101001101101010100011
0111000110100100000010110011000100101001101011001100001111001111
1001111010110010110011010001110001010010110010101001001111010111
1100101001001110011110000110101001010111010101101111000111101101
0111010100000111001111110111111010111101110010011100011110000010
1110100111000100101100101100111101100010000000011110011110101011
0001101101101111011001111101011011100000111101011010000101001101
0001000110111010100011010011011111101110101010000000101110000001
1111010011110000001001100011111110001000100101001010101010010000
0000011100010011100110110010101011010010010000001000110001011100
1011101110111001010010100011110110001000000101000110011111010010
1111111110111011100010110100001010101000011000110111010101011010
0011100011100100101001000111110101110100001101001101000010000101
0001001011100110111000111110001111001000000101101111100011100001
0010101100110110110010110100010110010001011001000000100111111011
1110110100001100111110000010010100110101100111000001011101011001
1010111101010000001111000010011011011001000111111101001100010100
1110000100101101010000011001000000010010100010011011111111101011
0001110000100100011111011101111011000101000000000110001111010010
1000010111111100100100010110001010000100000000001000010110101110
1001101111111100000111110100011101111001111110111010111100000011
1111101001010011111000010010010000111000111110100111000110011100
1100000100101110000100101100011111110100101001100111101111101010
0011010000001011110110000111110011101101011000010000111011110111
1100100010101110111011111111110000001000010010001100111111010001
1100000110111110000111110010111101011001000111010011000101100101
0110101010111111000010101111001111011101011010010110001011101101
1011011000001001100000110111011111011001001010101110010111011111
0000100000100101100000010111001100010111101110110111010101111110
1010010100110001011101001000111000000100110111011101000111110001
0110111110011111111100000011000001110000100010101000101000111110
0001000000101110010111101010001110100010001111011011011000011110
0001000101100010001111010110111010111110011101011001011100000100
0000100101000000000001111011111111011000000110101101011111101111
0101110110110100011100000011101110001011100010000110110011110111
0010001110111111010011101111000010010011110001011010101101000111
1100001010001101110010010011110110011100101010010101000100111000
0000011111100100000000000100111111001110000100010000010011011100
0100011001011110100010111101101011001011001010100100111100111000
1010110101100101110010011010101011001101010000110111001110100000
0001100000001001000000101010010111111000010110111001100101001100
0000010000110100000011100111101101111011110100101111111111000111
0100110110011010011100011011011100110010011100111111100110101100
1010100010110110010000000010110101100000111011100001001101000100
1001100110001111111010011100111011000111000101000110100101100100
1010011010000100010100000001000110111010100011010101111010010000
0111100000011010001001011001000101101011101000010010111000100111
1010101100011011001110011001101010101110010111011110110011000100
1110110000101111010110000110010001100000000111011011100000010010
0100010111001001110000011101101100101100011011101111001110111101
0100100000100100111000001000101011101001100000001100011011110001
1100011011100111010010010000001000000001001010111100100001110001
0001000110011110010001110100111010000000101011010111010111010111
0100100110001010110000001010001011011111110010101011110101110101
0110011101011111111010111001000111001111100000100110111100100001
1100111110111101001101100100100010101111110001110111101011001000
1111110011001101010011101010001010000101101010100011000101011011
1011001111010000011110010110100011001100010011111000110010101011
1111110000100101001010001100000100001111101010001100011011001101
0110011110111000110100101011010001110100001111011010111110010110
1011101010101101101010111111000111100000101110111111101110010100
0000101000001111101011001000111100001001011111101000010101110001
0001000011111000101001010010000000101100110001101100000011111111
0001111101010011010001010000001010011110101001100111011011101001
1110000100001010101100000110010101010011101010001010100000001111
1010111000010011011100111010001011001110000111111111111010010111
