1010010101111110111000101011011110001001011101010111010001010001
1010001111110100110101001010011100111000010001011000010011111100
1000111000011011111011001000111001011100110111011001111110000000
0011001001101110110100111011100001100101001111000001101111100110
0000000010100100001000111001111100111110010111001001100111111000
0010111010010101101010111110100101101011010011101010011000011011
1101000110010100000100100010110111000000010100001101011000001101
1111100100111001100100000100011000110001101100000110010000100110
0110011011011010001100010100001111100111001010001110110001110001
1010001100010110101100011111001011000111101011110000000000110011
0000010111001001101100010011000100111010101000101111111010111110
1001100100010001010100000110100111000100101010001110011001011100
0101010101010111001100101100001011000101010110110000100010100100
0100111011101000100110000110110110011101111000011110110011100010
1001100111000000010101010010010010010101100101001010011010101000
0011110001110011101101110000100100001111100111101101001100010100
1010100011111010001000001001001000111111011001111110010100010110
0011011000011000100011000110010011001101111001001001001101110110
0001110101000101100011010001111100001110101001111011010011010101
0000101010011100101101101011101110111000000001000110010100001000
1100111001010101110101111100011011000011110100110001000101100100
0100101101110100111111110011100111001010110000001000111010100100
0110101000000000100111010001101001010000100010001011101001100000
1010101001001110011011100001010001011100111110011101111110101111
1111000100101000001011110010111101101110111111001101011110111011
1111111000101100000001011011010110000000111011111100011111100011
0100101011101011101010010001001100101011101010110111011111110111
1101001110000010011100000011011101110001011110010101101111100111
1111111001100100110100000100011110011111001111001100100000101010
1110100011111111010111111100111111100111000011101001011100110100
1010110010000100100100110001110110111101100001110111010100111101
1000110101111101000100010010011000101101010001111010000010100011
1010101100100110100011000100101101000010001110101001010111010111
1110000100000100011000011000001010000101001011101100010101010101
0000011001111101101011110011011010001011100011111100100111001001
0000111101101101000001100000100001101011011100110000000110111001
0100101101001000001011001010100000110010100010010110110111101110
0010001010000001100011001111111111100100100110101011101010001110
0011011110100111000101010001111000011111011111101011011110111010
1110010100100100010100000010001110100110100001111000100010110001
1001011000000111000011111101000000111110001110110111100010001010
1111100001110110010100010111011100001000011111101100111110101011
0001100101100100110101110010111111000110000111011110001110010111
0110001100011110011000011100011011101000110110001100011001000001
0101101111100111010010001100111100000000111101010101011110010000
0001101001011010101000000011111011100111001011110111011110110001
1101101010101101010111101101101101000010000010010001101010011000
1111100001101011011011010111000100111011000100110110000000101001
1000111010100100110011110001000101000000110100001000010100101010
1111010110110011110110100101110110011001101001000011110010101111
1000110110010110101011011001111110101101111000001010001101011011
0000001100110000111000001001000000100000101111000001101100110011
1000101011100010001111010101111110110000111000010100100110111010
0100100111001011101001001011110010101000011011101111101100010110
0011010110100010111110010100100000111000111000100000001011000111
1001000111010110001000111001110111000011110011011000111001010101
1110100001110100110001001011000000001001111100010000101001100110
1001101111001001110000100101001001001110100010001100001001100010
1100110001011100100110111101101001111101101110101010000111000000
1100100010101100000010000011001010001110010100101010010011001000
0100100110100110011100110101101000000000100011001000000110001010
0000001100111001000011101111000100100010111000011000010111100011
0100010010111011111011111111010100001001000001001101010100101011
0010010100011100011011100011001111100101001001000011100001111111
0011100110101101001100100111001100010110011001001110110110110001
0101010000010111111011101101110100101101000011001111000110010001
0110001010110000110111110100010100010011011111000010110111011100
0111010111100001110100001001110010010000011110111000010000001101
0110000010010000101010101000100110111110010000011110011101100001
1101101111110001011101101101000111111010100110010011110110011110
0010100011100101100010101111100101011110110111111010101100001010
0011001000111010001010010111110001000000001111111101101101100011
0010001000100101100101010000110101111101000011101001110101100110
0101011101011011010110110000101001010011010011110011001011011111
1011001011111111001101110111101010011011110000011000100100010101
0000110010000101001000110100111000001101000010011100001110100101
1011001100101011001111110001010100101110101001101001101011011010
0110001000100011000111001101000111101100100111010001000000000111
