0101100100101011001010000011001100100000000000111010010000100101
1010100000011001111011101110110001010101010111011111100100111010
0110001101011011000101011010100011111110001001001110111111011010
0000100100111001001010010011011110100000101100011101000011111111
1011100100111011101110101010010100010101000011011110010000101101
1001100111011111011010001000001100011111101100010000001110000011
0100001011010101011010010000011110001110011010010000010000001101
1011011000000100011101000101110111001001111110101011000010100110
0101101101000100000011011001001001111111010010011110101011100110
1011011001100101010001101101000001110100000011101100110011011000
1111010000100010111111011101110010101111010001100100000101011101
1101101111011100100001110011110011100010001000110011111011011100
1111100111101000101000000011110001010011001010101101101101101011
1001000101000010111010010111010101100000100101001001110111000110
1111010010011001111111100000011011100010001001001101001101101100
0010001111011011111000101101011011110110010100110001111110101110
1001101000001111010110011111110110111110000110111001000011111001
0110100100010001101011000101101101111101010011111101011010111010
1011100100010101001101011001010101110000001111110100011111001010
0110000101111011000000101001010010110011011001000010001111111010
0110111111100111101100000000000100010011101011001100000100101100
0001001001101110010000110001100010111010011010100111000011100100
0110110001010101011111110010111011010000011110001010101101011001
0110101111111000110010000011001000001011001111011011111100110111
1001110100000110100001110101110000101100110110011101100111100111
0100110101010110001000111110101010100000001111100000110001110111
0101111101100010111110001011101001100010101110111100010100011111
0011000111110000000111001000100011001000111011011101000000100001
1111100011001111100101011001000001010101100100010110100010011100
1001101001011011010011111001100110100000110100101101110010110010
1000010011110101111011100110110000001011011110001011010100000100
0111101001110110010111111001100001001011011100110000001001010000
0011010011000100110111011011011100001010011001010010001111010011
0100011010010001001001001011011010010110100001111000101001111000
1010110000011111110000101010111011010011010011000100000001100100
0111010100001100001101010110100101010110100010010101111110011000
1010011110011010101011100111000011110001101000110000101010001010
1101000111000111100000010000110000001000111011101100101001110111
1011001011011100101000010011000000110011001110010110011111001000
1010100001110100000111111001000111101011110010001010011101001000
1000001011000100101110011001001100001110000001001101010110010100
1011110111000110110011000111101010011000011011011000110101111000
0010001110000010110001000000101011110110000100101100001101110101
0010101000001011010001010010111010010011011001110011011001001110
0010111100000001110011100010011010001000001000101101101000010011
0010010010010001010011110011000001011011110000110011100110010100
1001010000101101000100110111101011000110010001011001100000100111
1100101000001101101011110101101101100111010011011101011111101000
0101011000101101111110001101001011010101110011101110000010001001
1011100111001001110001011011000101110000001001000001100101000010
0010010011110010001111111010101101010001100100100101111000001111
0000011001010110011111011110001001000010010001101110111111110100
0110100110010010110100011100111100100100100110010100000000110001
