1100001011110001000100011011111001110100101001000101000010000110
0010101100101101101110010000110101100010100010111011110000000110
1101110111110101000000110100011000101101100001101011010101101100
0011110001000110110000111001110011111110111111101100001111110100
0100101001010111010001110110101100101010010000100100011111110101
0101101001011110110001000111010010100101001000110011111110110101
1001000101001101000101000110011110001011010100001011110000001100
1110010100010011111111011111010010111101011011100101011011001000
0101110110101100101001111001101000110011111101000100011100001101
1101011101010101101110010000011100000110001001110001010100000100
1011111111111001100010000100011111100011110101111100001001111000
1110010011100101100000101100000010001110110100011101101111101010
0111101110000000110101010010011101010100111100001100001001100101
0101111010011011001110000010000101101101001101000110111001111100
1110010100110011101010011111110011111101000001010110110111111110
1101111101100110011101110010111111001101011001001101110011111100
0011010111101101011111100011110001110100001011001101011100101011
0100011001000100001110001000011110011100110101111100111010000010
0011000101001111000111010100110101101010101011100110000101000011
0110110100110010110100101001010101011001001000000111010111000000
0101110000011010000110000000111110100100011101111101010111101110
0101101000001111000011100000110010011000110000011010001000010100
1110000101110010001101111010000010111010111011100100000101001011
0001101011101000110100101001011111001101010000000101010000011001
1011010001110011110100110010011000101001100111111001001000000110
1000110101000101101111111111101000010010001110111001111100011111
1001001100001111001100011011011011011011011010000111110000111001
1111010010011111001011001000111110111011111101111100001100010011
1000011011100110111000110011111001100011011100111101100001111100
1011011010000001100011101110111001111011000110011101111101000001
1110011000100010100100011100010001011000010001000101111101000011
1011010100110110110010010110101111001100010100011110100010010101
0101010111100101001110010010110001001010000001101111110010000000
1000101011110010011011000010000111010100011001011100011110000100
0110110110110100010111110100111000110010010101100100000001101110
0100001010001011010110011000001011001001111110110110001001011011
0101001100001110101111100110110001011111011110100000011000011010
0101111010000110100111101000011101101101110110111110010000101000
0010011011001100111101101000000011110011001000010101111011000100
0001010011010110000010000001011110001011010110101110110101000110
0100101001011100011100100011001000101100001100011010000111010000
1010100010000111001011101101110110100100000101001110101011100110
1001010001110011001101101111010101011010011010010001110111000101
1101011001111100001110010000110011100111110110011010000000101111
1100100101010101001001101001010000110111111101010001110111111011
0000100100111110001100101100001100011100001001011000010111001110
0001011011001111000010100100011000010001001110101100100101001101
1101110010001101111101111101100010011110111100010011100001001011
1011001010010101111111001011110110100100101100011000011000101101
1001101100001101110010010110000111101000110101001011010111110000
0100110110100100011011001100010111100001101011010010101010110010
1110011000111000010011000110111001010001110001001000111001000001
1110100111011101100001000111110100011001011010101100101110011110
0000110100010011000110101010010101100001001110110111011101101001
1011010100101001111100000011010010000100100100000111001101100001
1111001000000001110010110100100010101111111100100011101001111100
0011000101011001100010001111010101110011111110010000100101010110
0001100101010110000010001010101011100100101100101101011110001000
1000000001101110001000000101011001111011010100100001001011000110
0101000111000111111110001001110100100000000101011000001000000000
0010010010101110110001100001000000000100100101110100110111100001
1101100110011000011110110000010010110001010100110101110011010010
0011100000000011000001110111011000000000111110001000001110010000
0100011101001110111001011001100100101011111100010101001111110101
1111000000010000101101100000111110011100110111010100001000001011
0011101100010101100001001011011000010010001111010010110111011011
1101111101011101011010010110101001101010000101001011010001011010
1101001110110000010010111101110001001001100100101100111011111111
0000101010010100000011011110111101100110101001000110101110110010
0111011001111101110111101010010111001010001001100000011001100100
