1110010110000011110110110001101101100000010001100010101001100101
0000010011001100000011101011111100100010001111011000011001010001
0101101010101110111001110110000101100100101110110001100010110001
0011010110111110000110110001111010111000101101011010100110010010
0100100101010111011001101010010000101000011000100010000001100110
0001110011100001010001111001010100010101010000100000010000000100
1110010111100010011101000101110011100100011101101101101100010110
1010001110010101101010100010110010111011111001110110111111100111
1101100110101101101011111111001100110000111101000000000011111000
1011011000101011101101000011010011000011101010011010101001001001
1100000010000110001101000111010000111101100000000100000100010110
1001101111100010101000000101000010000010001011110111110100011111
0111011101110100101110100000011100011010110110001101111000011010
0111011001110111001011001000000110000000101100011001110101110110
1011011010000101010110001011010000110011101110011110100011001011
0111000111100101100101011001011100000110111100001101011000101111
0001001011110001110111001100110001111101101011110010000110101100
1100100100101011100011000110111001011000100000111010011001010001
1001011000101101101011001110001001111110011111101111110011010001
0011111100101101011011111111000111000101010101110001110100111110
1011000001001010111101110001100011111011101001110101101010101101
0011011010100011101001100100111001010111010110011001110100000101
0100101001011000001111111010111001011110010001111101001110010001
1001100100000101000010111100100000011111010111010110111110001001
0101011111100110101001111000000011010101111011010100011000011001
1100111110010100100011011100010010011101111000000111110110011111
0011110110100000001111110111001100111101111010011001010000000111
0000100000011110110010010001111001001110001100100010000010001111
1000011101111100010110110010111000111010001101001100011011110110
1111111101011100101010110110010100011110110110111011001010011101
0001001010111111100100100111010001111101001010100100111100100100
1110100111110100011011001110111101101100111000100010110000100011
1001100111111010110100010001000100000111111011011011100011101001
1100010011001000110000100001100111011111010110101100010010001001
0001001101110111100010010100010001000001100010100111001110100010
1011101000100000101100100110101110011011001101000011000100011011
0101111111101010111001010001001001111101011101100110101101111010
0010110101011111000111000100111111101111001101011111000001100011
0101001100110011011111001010000000011111010101110111100100100111
0001111010111100000100010101011111110011001100000010001010110011
1101101001010011010101111011010000100100111011110111101111000000
1100100101111000001110100000000110101111001101001001001110011010
1110000001001110110001001100100011111100101010011000100000000010
