0111100011011010100110011000110111010011100111100111100000101010
0010010110111111010001110001011000000111101011100100100001000100
0010100001100110000011111110001111100101011001111000010111101010
0011001000010001010001001011011110011011100100100000110111100100
0100100111011110110000100111111110000011111100010000000101100000
1001011001010111010011000110000001000101111101101111101011111111
1010010000100011000111000111011110001010000110001110101010000101
1011101010111001111101111111110111010101110011011001111100100001
1111001001010101001111110011010111111010111000101010100110010001
1110011001010000100111011000100111110110111000101011010111111000
1000111010100101000001000101001010110000100111000101101100010101
1110110011000100110011001000101011100010100010010011011101011111
0011100001010111111000011111001111011110110011111001101111101110
0110010010011010101011010010110010110011000000100010111011011101
0100110110011111110001011100101011011010011100000110101100011010
1111100101110000011010111000110100111011000010100111001111010101
0011001010111100011011010100101100100001111000101110011111110010
1110100111111101010101100011001001110100101111000000000001101110
0011011110000100010010101000100010011011000011110110110011010000
0100100000110001111010100000011110001100001011010100110011011101
1010001101001010011011001101001001000100111000011111010101100000
1001101111111110011110001100000010000010010111100010011000101011
1110011111100100001001010001110110011111011110101110001110100010
0000011011000000010000111100001011100100011110000010100001101110
0100111111100001000100010010110011001100010100101011101101010110
1100010011111110111011011100110001001000011011011011011111100010
1100100110111100100011000110101110100100100110111001101001001011
0010000100100101000101111100100001010000010111101010010101001111
0011001101110111011100100011011111110110111001010110011110000001
0101111110110000010011000111101001101111101011101010110011011010
0111101100100010011010110001000101110110010101010010100100101111
0101011001001110000110000111100011010111111100011010010101100000
1101110011100111111100000011101000110000011000001010110100101100
0011111000111001011111110001110111011000100011101100110110000110
0001100010101111110110011110010101000110101000011000111011101101
1111000101010101011110000101111101101111101011000100000100001010
0100010000010000010111000111100000000000110011101111101011101100
1101100000101101011100010100111010101000010100011010011101100011
1000111100010011110101100010110001100000100111100110001110100010
0001000001101110110010100010100110111111111000010110111000010011
1000101010110111011000000101111011110001010001101110011100010001
0001000011100100101111101001010111010101011100100100011011011110
1101000100111110101011110100101010110011001110010111101011001111
0010000100010101001110101110010000001000001001111001011001110100
0011111011100100100010100111111111000001100101011010101111111111
0101100000010010101100101101101001111011011110000000010011111011
0001110100011001011001001010100011000110110100100011110100011101
1010011010111111100110000000101001010011001011101100001110111000
1110011010001011111100101001010001101010110000000001000111110101
1101010001110000111000111001000000000010111010001100011001001001
1110111100010001101111011110110111010010111111101101011000101011
1011000001001010111001010001111111011100100011010000010101001000
0000000101100101001000100000100111100010101100110110110100000010
1010010101001000100000001011111000100011001110100000011101100000
0100101010000001000010010010110011000010011010101010001000111101
1010001111101001111001110101000010011001001010010100101111010100
1100110110100001101010010011011110100011000100001011101110101100
1000101000010011100011111010101111000010100100000001101011100111
1110010001111000011011011101000011011110011110110011001011110111
0000101111110111101000101100101101110011011110000000001101010110
0110010010110001110000101010110101111010001110100001100110001101
1111001001011100101011011111000011111101010010100001101110011010
1111010110001011011000011111010011100101100111000011110010011010
1110100110000110100110110011001011101011000000001101010011101111
0000010000101101100111000101001001100101100010001100101101100111
1111101001111111111101101000010111111011001100110101011001110110
0001101100000001101111101101110101010110000010001100111010010000
1110110001101011000011111100010001111110010100011110010001110001
0000010111100010010101101011010010111010000011010110100110101110
1010101000101100001010010000110001010110010000101011000001111100
1010101011010100000100110010110000011111011100001000100010111011
1001111110000100011101010010011001111101101111000010100011001100
0111111101000010001101000001001110111100101110110110001011110001
1100010000110101101011111011101111101011010011111011011011101001
0101110110101100101101101011111110101111110000100001011100110001
0010101011011111011111011101001101011111111001101101101101011110
1010011111110101100010011001011100111110110111001101110110101000
0100000110001010000110000000001101101111001110000010100011100011
0010111011000011000110110011000110110111010001011001111101100010
1101000101010001101111110000101000000011010010101100111110111111
1100110100101001011100000011001110010011001111110110111010111000
1010100011001010010010100011100010100100000101100110111001011001
0111110001110000101000100101110010001100100101111101100111111110
1011011011000010010001010111010011001010111010000100010110100110
1011000110110011101011001011101000100110101111001100011110101001
1001111100101111011000010001100110101011101101011100100000111001
1101000101100011101011111001100000000001110010011011101110011011
1010001100011011110100001010011111110011111101110011111000010011
1001011110101100110111110100000001100111001000010110011100000000
0100010011001011000100111110011101100100111000111110110111100100
0011000111110011000101101111111101100101010101110100011100001011
0011110001101100010101000111000001101000101111101011011101101010
0110110101110001100001101011000110011000110110110101010110110110
1100101100000110101000111001000110001101111001010011011111100010
0000110001110010011110010010110101101100111000011010110001001011
1000001011110100101010111010110101010001011101100110111110110110
1110101011101001010001000110111101101011010100111111001100110011
