0011110111010110010010110000110011100011111011000111011100100100
1010111110101100000000011110110101110111000100010110011001000111
1110001111101011100011101000010011000101011100111001011010100001
1111001010001000001011111101010110100111100010111110011101000111
0101001000111000010011000101110101000011010110100101011001100000
0100010110100101111110101100001000001010110001000010100001101100
0110110000010101101100100111001010110100010011011101101101111110
0111111110101001000111010001111010101010000010111100011010000000
1101111100010100100011101111010101101001101010000110101010111100
0100011001110110011100010010010100100111100001110111100111101111
0000001110110000110001111111001011010101110010111101110111001011
0001010011011001101010100010001001000000100100101001011010111010
0110101001001000010000010101000001000011011011110101011000111000
0101100001100010101110111110001101011011001001111101111101101011
0111101001100111100011111100111001111011100000011110100100011111
0100011000101000010100001110000100010000011011100101000111001001
0101101100010011000011100001111111000100111111110001101100111010
0000001110111001111011001111010110001110001011011100011110001000
1111001000111100100001110000111101100111100111110011001010001011
0001111110111000111110101011010111010111100111100101110101010100
1110011110101001010010111100100010010110101010001001001111111110
0101011111011011110110001110011001100101000100010110101101011100
1011111101001010100101101111010101101010010101110011101011101001
1000111110001110011100000100011011011010011100011111101000110111
1111000100110111111001101110000001110001110101110100010011110110
1000001101111001101011010000001001100111110011010101110010011101
0100101100010011001110010011011000001011111101011011111001010111
0010101100111011111100000101011110000110101100010010110101010011
1110010011110111100100010111010101011001011010111011110011010111
0011010101110010001101010101000010110011111010110111010100110101
1001000001000000010100000101001000100001110110111100100011010001
1101101100101111010000110000100000111110001101000110001111000011
0011110110000000111010111111001000111101000011010010011110010100
1101011111111010110000000100000101010111101111111100110111001000
0111100110111111010111010010110110000101111010010101111001100101
0100101000110111010001001001011001100000100111110100001110010100
0100001110101110110110100100011001001100100110111101101010010111
1010001110101011100010001001100001001001111101111111001011010110
1111010101011101010111010101100000000110000011100110011000001011
0100000101000110010110001100010101101000110110101001111100101101
1101111100010100001001100111011111101110100010011011100011001000
0111001011011111111101110001110111011001101010011110101111011010
0111000011110011000000100000101000100001111000111001111010001001
0001111001110000111100111001010101011001101000011110011010001000
0100000110000000101110100111011001000000100101000001111111011100
0110111010101011100110000111101101000011111111011011110001001011
1111000001110110010100001001100010100001010010110000111010000110
1011011110101111000110111001110001100110011011000000010101010011
1101100110111011010100100011010101111001101000001111111011110001
0101110000011111000110000011101000011001100010000100101100101100
1101000011110001111111101100101100110000001110001010110100001101
0100011001101010000111011111011000100110001010110011110000011010
1101000010000101010110110001100001011001111100110001001011100101
0100000101011010111100111111111101011011100101000111101011000110
1011011110100011010101001010000101100011101101001001100100000110
1100000001010001101010000000011000100010010010011110000111001100
0101101111011110000100011000001110001010111101001111000010101101
0011001101011110010011100100101010111101101010000000111010001010
1011000100101011110011100100001110110111100110110011101111110001
0000001001010101101000011110111010010111111001101100111010011010
1100001000111100100111010011000011001001101000011010101000011100
1010011101000001110100101101101101101010111011000000000011110110
1101010110000110000110101010010101010100110001000001100011111001
1101001100001011110100100101011111000100001001111111111101111001
0000110010000000001110100110101001011110001000011010110111001011
1010110001110011101011100000001010000101110011100100101100100111
0001111110110101010010110011110111001110110111011011010000100010
1111100100000111110000100110110010000110011000011001001010000110
1111110100101001010100001000100111010110100101101000110011111001
1000111100001001001010101111011000010100111001000111100001100010
1111001101111011001101011000011110010111100000100100011000001000
0000000111000110011110111110110110000001000101111001000111011001
1100011011010111101000011101101011100001100000100100100011100111
0001010100101100110110101010100110011101010011101101101110111100
1001010101101011110001000100100111111011100101000011001101111111
0000001100101111100011111101010110100101100111011010101000000000
0101110100000000011010010011110001000101111111010100000011101001
0101110101110101000110010110101111110000100010000001111111011010
0110001100100100000100101100110001111001011101010010000001101010
0011111100011111100011010000100111011110101000001000000110001110
1000110111000011100101000010010110101010000010000011101111010010
0010111011110101101001111000111001111111001001010010010001100110
0100000111000100110111001011011001111100010101011100100111011100
0110001111001110001001101100110110011111111001111001010111000110
0100100111100101110101011100011110110101001001010111110110111001
1010010001001010101101001111010101110000000010100110110001100110
1100110010011010110011010011101111111001111010010010111101000010
1000101110101010111110011101111111000100101111101000100101000000
1011100111101101011000101101010001110011110111111111110010000100
1000011000101011001011111100011100000001100011010001001100101001
1101000011110100100111011111001001001010110001000101100001011111
0110010100001101100101010100110010100001111010100101001010101101
0101111001110100011001110110111101001101111111010010011000101010
1010100110101000011011000101101011100001101001011010010110100011
0010010110000101001000110100000001101011010010000111100011000100
0101111110101100000000000001110001100110100110111101010000100010
0001110111001011110011010100000101010110010001001010011011011011
0010001000010000101100001101000110101101001010000011000000110000
0011111110101001101001111110100100100101100010110110001001010110
1110011100101101111101100010110101101111101100011101110101010110
1110000001110000110001010110001101101011100110111010011010001100
0001011101101000010011110110011001000110100000000101000001000100
1011101100100011100110011001000101110100111011000100101110011111
0000101110001011001110010001010110011011001001110110000101001110
0100001001001111011010001110011010001110001011011001101011000111
0001101100010101110001010111100000110001000001100000110110001001
0100011110100000110111111000110100000110011110101111101010100000
0011101110000001001100000000110011000010111101111101101100010111
1100100111011001000010100000111001111001001111101101111100010000
0000110010011000110001011110010111001010010001011010001010110000
0010010011100000010011100010000001100100100100010111101000111100
1101011011000000000101011000101010101011100010010100110000011100
1011111010110011110001000000001100001000000010001010110001000100
1010101111100110100000100100101001101101010100010001111101011101
0110111001111001001101110101001101110010001101001001101011000000
0000110011111010000111110110001100101000101110011110000000010101
0011101010010101101100111101011011101110011010111010011001011101
1010111011111110111011001100011111010011111100110110100110100111
0011010010010101001111111000110101110110001101010010110110101011
0001000010111110000100111001111001000011111110110001011000101011
0110001110011101000000011110001010101111111010000111000000110011
0100011111100111110101101001111111000010100011101001110011100110
0110010000101111110011010011001010101000100011101011010011101111
0110100110010001111001000010100011110100000010101001100000110110
1001010001100010011000100101100111001001101110110101010010111100
1010110010110110100010000001011101010110000011111111011100011111
1100111011000000110101110001000000011101011000110101001110101010
0011111000100000010100011011111001111000110101101010111110010011
0110111011110000010010110000000100001101001011010111001010011110
0000111011001100111101100011000110111110001000000111001011000100
1010001011100111111000101001111011000110111101100111111100100000
0111100000001010000000101100000110111001010100100111001000110001
0000010110101000100100110011110000101100100101110001100111011001
0011000010001101100100001010011011011010010000000011000100010111
1011111000000101111100000110110010101011100010011110010001101101
0001000111000100100011001001100101110111010101110111101110110010
1010011000111110111000010001100011000000100000100010010011111111
0101001100010010100101100110110000011111001100011101000000000110
0101101110001001011010111101001100011100111100101110011010111001
0101010001000101011010000011010101010100001110001111011111101011
