1000101000110101011010000111101000010011101100000010000000100100
0101000111011111000110000010100100111001000010011001001001111110
0111110001001011111001101011010000111100000000110111010010111001
0110100110000011011100110101100111000101110100111110010011101011
0110000100010100101001110100001111110001001110100111011011110111
0110101010001011100001110111100000010110000101100111010010011100
1111011000111100101001010110101111001001010110000001100011001001
1111011110001011100110111110011100000010000000100001101101000000
1010000111010111101100010101100010101001110010000100111001101110
1001100111110011100011001011011001100111110111100010001000001101
0010010111100010111111010100001001011011001111110011100010100011
0000100000011000010101011010000000111110011100011111010001001001
0010011000111010000101110001101101000000000111100110110101011100
0110111011010110100101100000101110000100010011011000001101101010
1111111001001000000101010001110001001011011010001101010011000011
1000100111110001110100000000111110101100000101011000101100101000
0011110010101111101110100100010000111000001101100100011111100001
1001000010010110100001101100101000010000100011110000011011000101
0111110011010011011111100101111001001000001101111000100101011011
1000110110110100011001001001111100011001001001001111111001011111
0010100100111111110001001100111000100101001011101001100010001101
1011001000100111100110000101001011011110010011101110111111011000
1110111101000000111000101000100101100001011100000101010001100010
0110001011111000111101101111111001110110100100110010010110000001
0101000000010101101000111001011010110111010110111000100000100011
0010100011101101011000011111111000011111000010001100110010100010
0101111001011010001111101110000101001111110011111111000101001010
0101001110011100111000000101110101011111010000101100001111110100
0101100000110000000010000100001101001010111110000111110110011001
0110111010010011000111000000010100001111000101110100010111011100
1010010100000010001100000011011011001010100101010001010000011111
0101010110110011111011110011110000001110111111011011110101010000
0101110110010000010001001011111000110110110100100100110001011000
0011110010101111001110001011100001000000011010110110000000101000
1010010011010111011111001100111011111010100110010000111011000111
0000100101010011111100011100010100001011010000001110100110100101
0001011000100101101011011011110001010100101110110101001110000101
0011001111011001010001001101001000010001000100101001110100111001
1010010100011000111111000111111101100110000010100011101011100000
1001111001000100110010111100010110101011111000110000011011110000
0100101001000111001111010010100001001010111111010001010111000100
0110111110010000001111111001011110100101011011001110110000000101
1101101111111011011111110001101000001111010000010100101010111100
0011111111101000011101010111011000110000101010010110101100110001
1011101000110000101000000100100011111011101010011111000001000010
0111011111000111001101100011101100100100011110101011000010101110
1111110010100111101100111111011010001000001100110011101011101000
1101000011000101101101011010101000100011011110101000000101101010
1001001111101111101110111101001110011011001110101011000110111000
0111001001101100100111000001101011000111000111000001111111100011
1000000100110101101011100010100110001100010001100001110001100101
1001101110001110001110000001010011100000000001000011101001000100
1011101010100101001010000110010011101100101010011100101100111100
0100100011100010101011100101100001010111010000000001000110001000
1100101000100111110100001011101101010010010001011100011000010011
1110010000111011011100101100100011011111110100001110101110001010
0011110011000011001010101110000011011110111111110011000011100100
0101011111000010101001101001111011110101001100001111111001010110
0110101000110001101010101100000001001011101010011001110011011111
1000011010011101101011001010011000010000100001010100001101010100
1001011010101100011110111011000010010111101100001011100100110110
1101001111000010011101001010010010111001100110010100000111001010
0110011010010001101110000000101100101100110101110111111000110110
1011100101101001000010001000001100111011000001101001110011000100
0101011101110101110110000000101100011111001010001011100000011000
0101101101000110111000000000100100100001010011100100011011110011
0001110001001111010110111100101101100010010010100001100101011100
1001001111011111000100011011010010011000010101011100001001111000
0101001010000100111110010000000011111111111110001100101101000111
0100000011001110110001010100010001111011111000001011010110001001
0110010101011111100110100110000111000010011010111110000011101100
1100100000000110111101100101110001010010010110001001000010111100
1110010100100111000010100101001101001111011111010001111110000110
0101001010101100101001011000001001110110110111110000010001101010
1101101111001000110010110101110010111010001011001100000000011010
0101011101100111011011010011001001110000111100110110101111010001
0001111000011001001101010111000011110010000100010110100001110011
1011000010011000100111011100000111100101110101010001110000011110
1000101000111010100010111010110101000101100101101011100011101100
0000111100100100000111000010001010001101010101010111110010011011
1110100110010000100110011010111011000010110010010010111010001111
1011000011011111011100110110010001111011110110000111011011000001
1011100100011111111000010110001001011110010100100111101110000010
1010001001100110010000110010001010101001000110011101101000110101
1010111100100000111000110101010010110110101011000110011100010100
1101111100000010100000001111100101111011101110010001010000110001
0001011101010100000000001111100001101000000100011001001000010000
1111001000100011111100100010001011000110101111111110101101101001
0101010110111100100001000000110111000001011000111110101100001000
0000000111101110110101010010111010010010001101100110000101011101
1111001001101101111100001001110001001110001010011001111100111111
0100001101100111101010001100101011001101110001100011100101001101
1100110110001111010101000000101101100011111001001001001001101111
1010011000001011101001111000111100001101011000110100110111111001
1101000100101010001111100111000110011000100101010010011011101010
0001101110100101011110101000100100100101110110111010000001101010
1111111001101101000000000100111100000100000110011100101010001011
0111101100110010000100010001001000001101110011101001111110000110
1101011110010111011110000111100111000101111100100110111101101100
0110101110000001011010110100110111100001101000100010011000010111
1001001111000111011101001111101000000000101100001110110010111110
1111000011011100011010001111011011011001011000000010010001111110
0111111001100000100000001011000011110100000101101011110001100110
1101111011100101101110001001100111011010100001001111011110011111
1100000111110110011000110000011010010011110010111100000100111101
1011110011010000101011001100011100011100110010101010000011110010
0001111101100101010111010100110000111110101011101001110100100001
1101000011010011101010000001100110110100010000100100001000110010
0010101010100001110101101111111011101010111000100110100010101011
0110111010000100010001100110001001100001011111001101100001001010
1111100010011010000001101000101111001001000111010010100010101110
1001010101110001111001111110010011001110001011100101110100100110
1100011100010010000011111010001111110000111001000100001101000101
1000001010001111100100110011010100100010111111010100100011100110
1011101100011001110011000010011110101001101000011100110011001100
1000000111010110011101111000011001101001110011001011010110100011
0000110011111101001110001101110000111101010001110000010011011111
0001010000110010010011101111101001100100111001111001010111100010
