1101100111011001101111010111000110000000000101100010000100001110
1001110000010000110110001101010000000010010010100111010110101101
1111100010000010011011001010101110010000011101001011110000000101
0110010000110010110100101010110011011010000101110110111001111000
1011000100100000110101101111000000000101010110010101010010011010
0100100001001010110111111111001101001100011010001111000110100001
0111111110111001010111011010111111100110011010001001111011011100
0110010110110010000110110001100000001100000011010111111100110010
0000111100110100001110001010101100000101010111100010010111010001
1001010000111011111110010011011011101101010010101010011000000010
0100010011100110110101101011100111100100100010001001000000001110
1001011000000110100010111001010111100011010000011000010101001010
0101111101011101010011100010000111100110011010101011101100010110
1001111110110010101111011100110110001100000101111101000110001010
1011011011010001101111011101000010101001011110000110000111011111
1000111111100000101011001100001010110100111010100101010110001111
1010111011110001011001101100011000110110001110000111111110001100
1101000111011101000110010001010010101100000001101111000001110010
0100100000010111010110111110000101100111101010111110000000110000
1100001000010101101001110101000000101010110000111100001110010001
1101001100000000100111010000111010110111011000100010001001000000
0110110111010001110001100010001001101011101010111011010111001010
0001010100011101101101010001100011111011100001001110011001000100
0101001010110010100100100100011100001000110011010110110001101111
1000111011010111111110111110100111111110011001000000000000100010
0100100100111001111001001011101111111000000001001000001000001001
0100011100100010101011100111100010101000010101101010001101110001
0001001111101010000001100010001000110001001011000111100110100010
0110011111101001010011001000001101001001011010100100011110110111
0100010000010100011000000011010111010111110101101011111100001001
0100110001100101011100110100001100011110110111001000101110110000
0110000001010110110010100111000110010100110000101001000000111101
0010110101101110110010101111010001000010001111001100100011001010
0010111110110001000000001010011100111100111010000101100010100001
0110010010100111010001101111110111101001000111001110111000110101
1011010000011101010101111101000010000101111110000011101101001010
0001100000000001110000101010110000111101010101001111010111110100
1100010100110001110000100001001000000001101000001000010001110110
1101100110011110001000000011111110101100010111000011101100011110
0001101111011100101100001000010001110110000110010111111001100100
1110001001010010011010000001111001101000010011101001011010000000
0111110100101111010100101101000000001111100011011000010100111110
0000100100111010101110101111010011001000001001011101110001111111
1100000110110101000000010101101010000001001011100000000011101000
1011001011000001111110100000010000011000001110010011001010011000
0010101011111101000011011000011001000110010011101101011000110001
0100110110111000011110110000001111011001110111110101000111000001
1000001110001010111110000000111001111111111100100011001110111011
0011100001100010111101001110100111100111101011101101010100011011
0001011100100011101110110010111100001010101001110100010111011111
1001011111010000101101110110100011100101111111101011001001111011
1111100010001010100111111001110010011111001110001010100000100000
1111111001101111010000101000001110011111100101110101111001101111
1111000010111111110000111101111010011000101001010110101110011101
0111011000101001110000111100111000111010100101010010100010110110
1111100110011101000001101010010000011110100010110101010001011111
1010000101010010110011011010101111100101101000101111011010111100
1111111000111001110010010001100100101100010100101110000010000010
