1111010001011011101011111100010111111101010100100101011011110011
0101111101000101010100011010011000010001101010010001001010011101
1110111110100111001110110000010100101001011000011010001000000000
0100100110111000100001110100111001101100100010110011110011010110
1100011000111111001000010001000111011110010100100001010011011011
1000110101100101110000010110001110101011110100000100100100110010
0100100111110101111100010100101011001110011101001110100011100000
1011010100000101110110000001010000011010011101010011000100110110
1011000010101001001100011011001110110001001001101001000110101111
1000000001100000001111011001001101010101101100010101111001100101
0011001101100000000110101100011101011011110010100111110010010001
1000111011011110101100000000001000011010111001110111111001111011
0001000011110010110011000100101010000101101110110100111110101011
0001001100000101000011000100110101101000001111011011110010111011
0000110111001011010111110110110001101010000000010001101100011000
1100010011100110101010010110110100001110010001011100000000101011
1010011010010001101010010111111011100110110101000111001110110010
0011110011111110101010111111010101101110001100100111011110100010
1001111011110001011000100011111101010010100100101100101011110101
1111010001001011001011010001010110110011100100011111001010011001
0011110000001000110010110110001001111001111000110100000011111001
0110110110011111110110011010000001100111101010010101110010101101
1110000010010111100000110011101110000011000101000001010110011011
0000110101000101101101111101001101100010111000010001101100000010
0100110101110011011111001111010110100011100000111110100100100111
0101000110000100100010000100001011110110010001000100000101101100
0010111110010001001101000000011101011100010110011110100000111100
1111111111100001001110011101101010001100011100000001101101110111
1111011011000011001010111101110101101000010000000001101100100000
1000100000111001111000011110000010111011100100000001010001000110
1111100101111100101000111011101000111011100010111100011101001010
0010110001001001111100000010100110100100111101100110000100011110
0100101110011001010110101110111111000011101001100110011010101110
0101011011000000111010001011101011110000010001001110011001000110
1101001110001110100100101110011000110000010100010000011011011001
1111100000001110111111001010111111110111001101010011100111010101
1110010010010100001010011101101100010111000011110110001110011010
0101011101010101000010000000010111011011010000001001111101101010
1110010010000000011100100010011111010001110010000110101100100100
0011111010011011001011111111011011010011000000110001110110110000
0011001101000101110110100110010000010001011110011101010000010000
1101100000001000001011110100101101101000111110111001110010001001
1000100111001100011100110001110100100010110101110110101111111011
0100000011010001100011101101011001110010111100101111110010100101
0010000110001110010010101101110101011001000110100000100101010100
1000111010001000110011100100001110110100100111101110100000000010
1100000110010111000000111010100110011110010011000111110101000010
0101001100100100111010110111111010001100110011100001011000010100
0111110010100000000000010101111001100000011100000110110011101001
1101011011110110010101111110111001111010001001011110111011100110
1101111110110100100010010100010010000110011111100011100010000010
1110011101000011111100101110111000011010100000000001011000111101
1111111001111000011110101101000010100111110110010100001011101100
1101000101101010101100010011110011101101111101111110111110000011
0001110110100101111110000001111011111001001111110111111100000011
1010001110111001100011001000000010111111010101101111001100111010
1100111001000001101001111001100001001010011100111100101011001110
1100000011010111110100110010110011000001001100101110011011101101
1010010010110100001011001101000111111101100001100101011001110110
1001011000110111101010111001101111000011010101101011110010010011
1011011000100010000010010000001011011011110011000010101011001100
0100110110100100111111101011100010000000001111011110000000101011
1110101000110111011101111000101111001010101111001000100000111110
0010001101111011110000000110011011000011001110000001001000000110
0011101111000000001011000110100110101101000100011001010111100010
1000110110110000110000010001010000001111100111011100010011100101
1001001110100111111111000010110111101111011010000000101111000100
1100000110010011010001011011001100001001000101100011101111000010
1010110101101110101001110010000101111101101110100101101010111100
1111110011000001000001110011111110001101111111110111010011101001
1011001100000101000000101001100101011001011011111011011100111110
0100001011011111101011100010010110001101111011001101110010100101
1010001001000100011010110110100011110101000101101110001000000100
1001101101010101001010100010101001100101101000111100011001001000
1110011010011101101101010111011100110100010011001110101010101001
0010110000100010111010101111001110011101111000010111000101110010
0101011001000000000100000001101110100000011010010100110100011000
1101010111010111100011100101110111110111000100011010001010001110
1010011011000101111110110110110010001110000101111110111101111011
