0111011011110111001100101001110000110110101001001111100010111011
1111111010011001111101001110110011011010100100101100100101011111
1000000010010011111000100010110100010011011000000100001110001010
1001011000101000101000100111011001111100110010111101110001100101
0111101010010110111000100111110100001010011000111011000110110000
0100000110100111111001101010111001111111001111001001011011110011
1101111000001001100000111011010000111100100110010101000110010011
1000111100001101110111010010001111111011100011101011111111000010
1000010011101110101111000001001011001000011001000100000100111010
0001001110111100010011101110011000000101101010111101011111010000
0001001111000000110111010101001000011110010001000110111101001110
1111110110111111111010100010000100011101100101010010101100100101
0010011011011000111001100010101011010000001111111011100001010111
0111101000000001111101101011101111110101011011011001110000000100
1110011100011111000011001011101001001001100101000101101000101001
1111011100011010101000110001001110010100010101001001011001110011
0000110010011110101011110000010101000101111011111010001010111001
1110000010011100000110110101011011110111110100111010111011010000
0101101100111010001100011110010001101010000110101101101110010111
1110011111010101100011000111010111001001000110001100011001101011
1001101000011101110101110111100010110110100011000010110000011001
0100101001010000011110100011101111111110011000100011011000011101
1010001010001011001111101011100010000011010010001001001101001101
1111011101010000010100101001101100110011001100011110101110000111
1001101100111101101000101101100010001001101010011101011101011010
1011010111000001011100101000100011010000111101001001000101011110
0110111011010010001100111011011000101101101101010001010010101001
1100011101110100001010010100101111010000101010101001111001000100
0101111101001011111110100111011001110101000001100110110000110100
1001100110011011000100001010001001100010110111011011100001011111
0011110000100111001001011001011011100100101011011000001111110111
1001101001000100100010110110100100110111111011100010011110101110
0011010111001100110100111011010000001010000000001110101101101010
1110111101101101000011110001000001111001000011111110000001010100
0001000100110011101111011011100101111010110000111111011111010110
0001100111000100101101101101111010001111010101000101001100001000
1010100000011100110111001111011100110000110011100000100110100110
0101010000110111011001100000111011101110010110001110001101010011
1010100101100111111100011011011111111001111101000111100110011000
0100010111101110000100100111001000111011111001101000101000010101
1011000010101011000110100100000001011101101100101010010111101101
0110000010010111010000110010011001000001100111100101110100101011
0100100100000111011111100111111011010110001000010110111010011101
1000001100011101100100000100100011011011011110101100001011100100
1001001110011100100011010001110110010000101010001111101101011101
0000110110100111100101011100101111111011100101010100011000010100
1101101011001010111110100010011110110111010001110101010100000110
1100110000001100010001101010001110101010110110011101101011001100
0110011110010001101011111101001111100010010010010111100001111110
0110100111110010100000001111100111110000111010100000000011000100
0111001101001000101010010101111001000011010000101111000110011101
0100001010100110111100001011101100001100011111000100010111111111
0010111011100101011011011010101001111010010011110101001000000000
0111100101101000001101011000111100100000110001101011000100011111
1011111010001011001001010101101110010110111000000011010011100010
1101011000001011000000000101001110000011001010100110010001100101
1111011100010100100101001110101010010010011011110001101011110111
1101000111110101100011101101010010110010101111100101110111011110
0000011000001011100110110000110110111011010111111000111111110111
0000100001110001010011111011110101001101110001010101100001000101
1001110111010101010001010110101111001101011111000001010111110110
0000111100100100101101111010110111100010001111001000100000010100
0110100111011010101001010111111011110101110100111001110110000110
1110110011101111011010100010000111001011000110010010111000101101
0011100101001101001001001010110000011000011110001000101001010111
0111000000010000110100001010000101000110100000111000001100101101
1000010110100010000011100001110001011001101000010010001001011000
1000010111100110110001111011010001010011101011111111110011101001
0001110001111010011001100000000011111000100101110011011000101110
0001001101000000011101001011110101001100111011001010010000000100
1100111011010101001000111110000110010010100001001010100111001010
1011111101010010011010110100001100011010011010111101000011000011
0011101010101011010000000011000110110010100010100010010101111001
1001101100110010110100101010001010101000001001011100000010111110
0101000101101000111111110010110001100011010001111111001000111110
1010000001001011111101100010111100100100111100110011001100101010
1100001001110000110000100010010100101011101001100110000101101111
0110110111111011110111101100101000001111110010101110000010101110
0110111001110010000000111000011110010001110100101101001000011110
1111000010000010101111011110101110100110101101111001100100000011
0110101100110001001010001011010110010110010000010000110001101111
1110001111001110011001110011111101101010111011100010101001000111
0101100000011001100000111000101010000101011011101110000101011101
1000101101101001110010011010110000100000001101101001110110111010
1100111000100001110010000110011011010011010000100111101001100001
0100100001100100001110111000000010101101111011111110101101101010
1110110110111100011011010010100011001100001000001110111100100111
0110110100010011011001110111100110100000011100000010100100101001
1000111101000100111001001111011011000010001011111100000011010111
0101000010010001110110111101010111010101111000011101000100010001
0010010000000010001011110101110010010111100101010010000011010011
0000001010010111100100011011011111001111110101000001100000000100
1010010000001010101100010011110111001110010111001101001011111101
1110011011010100100100011100100111011111111100001000001001100000
0010010011001000000000100001111001100111111101100011001101001100
0111111111100011010011011111010001111000001101010011011000001100
1101101100000000111001000011111010110000110111011011000011111000
0110101010100011000100111000001011000011101100111111101001001001
1100100101101000111010010000100000110100111100101011000101011101
1100101110101110011111000100100010001111101001000011111010011001
0001110101100100001001011010100110111101010001100000111011000011
0110010110001010111111010111010010111100010001011001010000010101
0011011111110011101111010000111000110000111101110101011110110000
1001011010000101001100010111010000001011011010110110100111000011
1010100011010000010101000101110001110010111000100011010100010011
1001011100111101100010011010001001100111110000011011001000001000
1001101110111011111101000100111100011111010101001110100110000000
0100111101000100100100100011001110011000101001000111000010001111
0000101101100101011010101110001111011100110111110111100111110010
0011011101000001101101111111001001111011100100010101101001011001
1000110100111010000011011101110111110110000100110010100001001011
1011001111000101000011110000111011100101010101011100110010000001
0101110010101001100000000101000101000110101100101110000011010110
1001000001000011001001010111110101011011011000101011010110000010
0011001111000110101011101110010010011000010010100100011100110110
1010001110010010111110010111101011010011110010111100000101101111
0111010011111101001111001101000111001110110001001101010010010011
1111100101000010100100101011010001001110001011101010011100110111
1000000100110010111001100000101101011010110001101010111010110100
1110100101101011110000100101111000000010001111000010000010110111
0110001000010000001111100001011011100000111001100111010010101110
1101110110010000100110011101011011111111000010011011101010001001
1000010001001010100110110001011100001110101000110110111101001110
1101110110010101100000111110100010010011001011011001101111100000
1101110101000110110000100100001111011011101000101010011111111100
1111101010111011110000110110000100010011101100001001000100011101
1011100110000101111101100000101011011000011011101001010100111110
1011110110100000100011110111101100001010000110001000001101010101
1011000100000001010110001110001001111010010011101100101000100001
1111011011001010100110100110111100110011110111010101111111100000
0011010001011000101000011110110001000100000100010000000111110110
0111111100001100000010100101000010101100110110011110001101100111
0011000101111110110100111101101101001111011000101001110101100011
