0110110111100100100110100101100010101111001011011111000010100011
1001100100010100000111101101100010100101111110100111010101100001
1011111010101100011010000001111011010111110101000110010000111011
0110011110111000100010001110111111001001000111001001101100101111
0000001010100001011011110111100011010110010001011010001000111100
0000100000101011111110111100010000010001100101011001100101011001
1001000110011100010001000011000111011011000011010110010000100110
0110101010001100010110110010110100010110010001001101111001101011
1011010100100001000001110000111111110000001100100111110001100010
0111100111010000111000101100010010111100001011011001100000010100
0010000111011001101011000111010011110011011100010111000011010010
0000101011011101011011011001110011100101011010010010011010111010
1000101011000101111011111001101110001100110100100101111010111110
1010100010011110010010110010111111110000011111000111011011010100
1110011101100001111110111111111100100100000000000011100000011110
0000000110101010110110000111110111010110101000101011111001011110
1010101110000000110100100110001011010111111001011110101011001111
0101110100100111000110010100100001101001111000000101110111011101
1110100000001111010111110100110101100011010001000110000100010111
0001001100110011000100100011000000010010001001100001110010001101
1100111100100001011100010011111001101011110100011001101010100110
1010100111111100111010111001110101010111010110111110100000101110
1011000000101001110001001011111110101111011010101010110110011010
0010101010110000110000000001101000000010111101110111001001010000
0001111010010100101110110001111100001111011100110100001100110110
0001111000101011110001000000010110011111011011101110001111011100
0011000100011010101011011011011110001000011000000101110001010011
1000010100011000000000100101011011110101111111011111111010011101
1000000010101101001111001000011001010001111010110101111001001101
0000001110100100001111111110101010111000110001111100010000100110
0010010111010000011011110101000010111101011010001110010111010011
0110011011000111010001110110001110001000010010101100101010001001
1110101100101001000101001110011000101001101010010000101100100101
1000010111011111000100010011100001001001000101000010111101001101
0101010101011110110111111100101001100101011101010011010111110101
0111110110000010001111010010111111100100010110000111011110111010
0110001011010101111001011010000001110111110110010000101101000101
0100100111101001011100100010101001110001110101001010100001100000
1100111011001101110111101010010111110100000110101011111000000011
0001101110101011101111011000110110111010011111001010001010110011
1000110010110101100010101011101011010010011010000011010011000110
1001111100111010110101100111000111011101100111111011101111100100
0111010010000000100100110001011010101101101010011110011101010100
1000011111101101100100000100010001100001100001001110001111000100
0011111100000100110011100011000001010000001110110101000011101100
0011101000101011101100110000100011110101110100100000110010000011
0011000000001010100011110101001000100001111000001001000110101101
1100111111000101100000000100101111101100110000110001001001111101
1001010011101001101110001010111000011010100101011001100110010110
1110111100110111011111100110001111111011101110010011101110110001
1011110110110001001010011111101111001001011011010100011010000111
1000111000100010001011000011011011000010110011000010100011000001
1110010011011100010111101001011110010001000110101100010001011010
0001100010000110010100001001001010111100110010000100000110100010
1011011101010101100110110010101011010111101110100011011101000110
0100101101010001010101101010010110000011111011100101100100111100
1111011111001100011011111101000001111100111000110011001110011001
1110110010000000001100010001010011010100011101000001110010000011
0001110110111011101000100100100111101011100111110110011000100110
1000110001010101000000011110001101100011111101101111011111110011
0100101110111010010100110011000000000110000101101110100100000111
0101010110111101111010110101100011110100001100111001001001100000
0101000011001111101111011001000111000110011101111110111111101001
0011010100011001110100010011111001111010010000101101111000100101
0100001110101010101110001110100101100000100010000000111110110100
0011011011110000110011111111101001010101000110011111101100001010
0011111101000001000111010011110111100110010010011010010110111010
0001011010111011010011111010011010111000100010100001011110101000
0001010011101101010101000100000111000100110001000011101001011000
1110100101001010010110011101101010101110010110100110010110100101
1101011110001101111010001001111010011110111110000110010010000011
0100110011010011101010100100110011100111010010010110110000100011
0111000110010100111001111101110101000110111000000010101000010001
0101110100100000001100100000110110100011001011000010101011111101
0000010100110101010001001000000001001111000001101001100110110010
1100111001011010000110010111011101100100110000100010110000010110
1000010110010001000100110111110111000100110101101011100010100111
0000111011101100100111011000001110100111000101111101100100011110
1110110010001000011110110011100001101010001100000101000001110110
0111101110100100111011010101000001110111010011110000001110110101
0011101001111010001110001010111000001000011101110101011011101011
0000000101110100010000000001110001101000010001010011000101010111
1111001110000100101001001111010000010010011111011100110000010000
0100101111011100011010111100001100001000101101100111001111000100
0100110000000001001001011101110000001001100001011010011001111111
1100101010000011001101110100111101111011011101011110101001010010
0001110101011100101001011000010010011011001011010101100101000010
1101100011110011100001010100100010100110101110111100111110101110
0101100111111101100011100100010110010000111111110111001000111100
1110001011001010000100010100111001111110000101000101001101100001
0100110101001100011000111001110000111110111001101011110011101000
1101000010110100100101011111110011101100011011110001011100010100
1101000000111000000000010001000011010000010000101011101111000100
1111101011000110011101000110000101011010011010011100000011001001
0011000101011111100010000101010001011100110100111010011001001111
0110010101000101110111100001100011111011111111100001000010001010
0001100100100110101111110010101001101011000001111010110100111011
1010101101110101101110111010110111110110001111000101011000110001
0001100000001010010110101001001111001101000101111011111110010111
1100010000011001111001010111011000010001000001011011000101011010
0100110110001001001110011011010011000000100000100111111111110111
1001101110111110010011011100111001101001110010001100010010000010
0110000011000001100110010111001101100111101001001011111111001001
0100110011000011010110101001001010110111000110100111110011010000
1000001110000010100111001001100111011111001110011111001111100011
1101110011111010000110100000011100011110100100101011010010000011
0010100000100101000101111010111001110011011101001010010101110110
1101011011110100101000011010000011110101100001001100111011001111
1111001011010000110000001000011011000100101110000011101010011011
0100001111101100001100000100000110000001101100101000001011001111
1001011010000000001101110111001100001000011011000011100111011000
0000111111111011011001001011100011111111110110101111001110111101
0010100000100001111100100010000100000100010001010100110101111000
1101110000101101101101010001001110101111010111111101100101110001
0001001001101110010000101101011100011110100111011110110000011100
1100100001010001110000001101111101101010100001011011110001011110
0001100001101111100101100001011010011101011100110101011000100000
0101011010010011000101011011110010011100100111110100001100110101
0100011010011001110000010110111001100111101010101011010100010011
0111011111110011000110010101100111010111011101101101101110111111
1100110111111101001100010011111011010110110001101111110011100111
1110010100011100111111100011111010110111111111011011010010000000
0011000000110110110001101100011010110000010011011011001010000111
1001100001011100001101000000100000010000011010000011010111101001
0110100000010001011001000110100101000111101011101101110010011111
1101111110001010000000101110011000110000001110011010011010100101
1000101101100101111101000010011110010000000110111101010100100010
1101101111001101101110000101011011100001111100001111001100010111
1100000001010000001000001001111101110011001001001101010100101110
1001101100111011001110100011101010100111011111000001001100011100
0110010100110011110100011100000001101100010000100111001110110010
1001101000100110110110101110101010001110011001101111111111010011
0001101101110010000110101101101010100101000000100110011100111101
1011001111000110010110001011100101000110010000111001011101111010
1011101111100110001011101001010101100011000100111101001111010010
1010010000000100001000111010011101101010010100001100101011111010
0010100111110010111101001110001101011010100001011000001110010110
1111001110011101100101010110000011100001001111100010011001010111
0101110100001111111101011000110001100110001001011111101101111011
0010011100000110111100101101111001011110101010100100111110100000
0000100011010000000010101100011000000000010011110001011100101111
