0011011110011101011001001001001001111011100000010000001000011110
0001110011101000001111010111110110011110011011100101001101110100
0101111011011110101101010111010001010111001011011001100001110011
1111110101100111000100000000010100010110101110110001011110111111
0000101111000100011011001111101100111010111011000110101101000111
1110010011001011001110011001001011001011001010001001001110000111
0110011101011110111111011001111101001010100010111100001100011001
0101110011110100000011000010111001000010101001000010000010110100
1011100110010001101101011000011101011110010010110010001110101101
1111110110101110001011010000010011101111010101000111010101111100
0000101101011001111100110001101000010001110011110000001111011110
1000001010010010101011110010110010110110101101111101111011001110
1111010000000000100010011010011111011111010111111110000111100100
0010010000111011000101100101011100101100010111010110100101010011
0100100001110100001011110010110111111011100001110110001110011001
1010001110100100100000000011000010101100100111011111000101010111
0011111111011001111110100111001011010011001101011000101010000001
1110100110011110110111110011101100001000100011111010001100001111
0010010100000100100010111001000001000101111010010111101111010110
0111100100001011001010010101000100010001010110000001010110000001
1111111111011010000000000010111000100011100101000111100001110010
1001100001011011100011011110001001101110001001111011011000110100
1110011100100001100010010101010100100000101110000010011111110110
1101101011100101001110111010100000001101001111011111000110010001
0011000011101110110111101010000011010000001010101101011010011001
1010011111001010001101111101011100111110001110101011011110101110
1000101101111100010110100010100110001101111001110010100100110001
1001000011110001100001000110101111110011010001010001011010010010
1010111110001111111111011101000101000101010010110010010111110110
0011000101001011001101001100001001000011100010101100100011000011
0010001101111010111100011100011000100011000001010110001011000110
0101111100010011010000001000011100011011000000000010001000010000
1010000011100000001001001011100000101001000011100010000101011100
0100110011100011110010001010111001110111010001000011001010110100
0110000110100001111010000110001111110000100011000000000100101001
1001000101100101100101011011111111101011011010000101010100111000
0100111001111011001011100110000111101010110101000110111000101101
1010000001010110010100010011100100101100000011100001011111100000
0100000101000001001011111000111010111110100111101100111010011100
1100100000111000001100111001111110010101111010101111010001111001
0001000010000010011000010111111001000010010101000011010011100100
0111010010100100001011110001111111010101101000010001101100011011
1111001001111100000000101100111011010010000111001101100001010100
0101001101010010000100100110000100100110111001100111001111011011
1100100111100000000101001011000000111100010001000100011000111101
1111001001011010010100000110010110101010011000101001000000100010
1101110010010010011011010001100010101111010111100011101001101100
1000100100111100111010111110010001000000110111011110010100010001
1001011110000000100110001111010111010110111111010010111000001010
1001100011101011101000001011111111001011011111100001110000000010
1000110110000101000001101001111111101100011100100000111101001001
0010011101111100101010010100111100100001111101111111011000001001
1100111100000111011001010000100011011110100011011001010011000000
1101111101001111011011000111000111111010011100110101110011001110
0100100000010110110011111011001011110101000011011101110111111111
1101111100111000000100111001111110000110011100110011011111011111
0111101000110011000100011011111110010110011110000001000011111000
1010011111110100011111010000011011010010110110000001101001110111
1011000011101101111100011001111010100011101000100101000110101101
1101001011010010110100111001001110001010110110101001011111000101
1100011101110001011010101111111001100010110111100111011100010001
0110001011001100001110101110000010001010111000110011010001000101
0100100000111010111100101111010111011001011100001011000100011111
0011101000100101010111110100010111101011111100000001100011100001
1001000110100011101000111001010000100010011111001101001000101001
1011010111101011000101110111100010110101101011010111111100010100
0110111110011111000001000011001111111000101000001110001011100110
0111001101000111111110110100110011110001110011010110011010101110
1110111000111111110110100111111100000011001110011111000000101010
1000011000100101011101011010111111001010000110100000000000111010
1101100011100010101001100011100101001010010111100110001011100011
0110001000110111111111011111100000111100100100010101011011000010
1011100100101101011100000101110010101010110100100000110101001010
0011011101001001101111010110111000011111110100110110100011110110
0110101101111110011110100100000011001001110111001000010110100010
0011010100010110001010111101101110011110111110110010110111111101
1111101110011100001110010100100110100000011000100010011111100011
1001101100100110010110110101100111111101000001110000100100000011
1001111001101100110111010101000101101100000100111100000010111000
0000100100010001010000101101000000011001000011110101010110010000
1011000011111000011110010010000111010110101111001001111110011101
0101101010100110101011111011110111001100010110010000100001000011
0000011010111010100100011100110100011010011000100011100100000110
0011111110011001011100011011100000011101000100011100110011111101
1110101110001001101110011111110111011000111001011000010110111010
1100000101101000001100011011011111100101111000000100000110001111
1001101101110111010000111101111000001011110101101110100001001000
0001101000000110101000101001101010010011000011011111011000010010
0000101101111110111001001110101001000000111011000010010001000100
0000001011001101000000011011101011111100001100111110110110000111
1100101000101010011100001110001010011110101111100101101110011010
1010100101100010100110001101010011101011011010001110001010111101
0000011100001111110000110100001100111100001101000010000000110110
0001010001011110011100110100000011010110111000100001000100101111
0010100011111100101001111010000001000000111110001101000011101100
0010101000010101011000011001111011000011101010011000101011101010
0000110001100000011101011110110101101101010111110011110110010000
0111000001001000001000110110110100101000110101111010010111110100
1010010111111111111111000100100011010001111011101011111100001001
1110011110111010101001011010101101011111000011000011101001000000
0011010111110100011101101011100011100101101101001010010011000010
1011011110001110001010011100100101101011000110010011101101111010
0101111100101111010110000110111100011001110111011100111001001111
1111011100000100110001100010001101010001001000000010101111100001
0111101100010101000011111111000001010110010000101001010101000100
0101100110111010100010001001101010011001011000110011100000001000
0100000001100111101101101111101011001001100100101001111100011001
0100010000101110000101010101110011010000111000111010110001101010
1000010010010010101001111001111110100101111101101111010110110100
0110000110011100100100001110101011001010100011100010010011110100
1110100101111101110010110000110000001100010110011101101000101100
0011100100110000011011100010111100001000011001100100001000010101
1111001110011101000101001110101001100100000100110110101111111010
1011101101000100010100001110111101000101010111000111001111110110
0100010101001000000110111010111100000011011010101001110101111010
1111011111111111111011011111100011100010110011011110101101110011
0000011000010100010101111011111011101011100101001100010011011011
1011001011100110101100000001100010010100111011011011011100000010
1010110110111111110001001000010111111000010101011111111100001000
1001011010110011110000010110101100011101001001010100111011111110
0011100011000011100011011010000001110110010011100010101100101011
1000001101111110001000101110010001011111000110001000100000101100
1010010001001011011010100111110101101011010011100101001011101110
1100100010101101000000111100000000011000010111100101111000001000
1000111011100111010001011111011110000100011100110001110001101101
0010000111010010011100010111100010100101000111110100101100010000
1111100100100010100000000101110100000010100100010111010111111001
1001001111010010001001111001010110001111000101011100110101011101
0111100010001110110110100111001011011000100101000000101110011100
1010100001100010001010000011000001111011111111000011110100100100
1101100110101100000011010001101001010011011010100000100001100101
0010110000111111100110110111000101101011110000111010010101100010
0010101001111100101001111110010011011111000111100011100111100101
0001000010100111100101010100010110111010011110010111000101000110
1101000101111100111001110111111110111010101100110001000100101001
1011100111100100101101001010110010101100111010110101010101111010
