0001110011101100011010101101011111111010100111110110111010111000
1111111110100001010011111110101100001100001000111010001110000000
1111111100001111111010111100101100000011000000001000010000010100
0110001101011110011111111100101000100100101101100000011101011100
1000110011001010110010110011001011010001001101110101011111101000
0011100100001000101010010001010001010110111101101110011111010111
1100100011110011011101001001101001110011100110110010000110011001
0011111100011110000010101101100111110000001001110000011010101111
0011111001110101110101011101010100010010011011000101001110101011
1000011111000000001010111100110110101000100001111100001010110100
1000011011001000110101001110111110111101000110101001001000000111
0001111010111101101000111010011000011111110100100011011010010100
1010010011001110001011101100011110110000000010010001111100010001
0000011000001001010010111111111111000100010100111010011111000101
0000011011110001111000010111001001101011000000000011011011101011
0001111110100100111110001110001010101111100111101101001101110001
1101100000000001001110100110100010001101110010011001110010000111
0011101111101011010011001011000111101011000100001000011010100011
1110001001110010001000100011111000000010101110110110011001111110
1100100011000101110001110100101111010010001100101100011111110110
0111000110010010001010010011001101100101011111001110010010100000
0100011011111001111111010100111111101111000001100001100001110001
0001010110100111011001001001101001000111101101100001100000000100
0011011000101111000101010100111101001010000101010111010000010100
0001111110000111111110001010000011101001101010011001000010011111
0001010101010101110100111110011011110011111011101111101101010011
1000011101110011111101001100000011111110010000110001011100111011
1111101101100101010101000110010011011100010000110101011110000000
1101001001001000100110111000001110100111110111101110010101101101
1100001101111110100011110011000111001100101100100000000111101101
1111101111001011100011100100110010010011000011000110111100101010
1000111000010010010010100010010001001100011010000001101110110110
1001110111111000010100110111100000101110000011011110011010111001
1000001011011011001000111110110111111111011111011111010010001011
0010011100011111100001001110011101001011101110011110100111110110
0100010111110100011000010000001011010101100001101100000111000001
1010010001011010110101101100111000000001011010011011110000011100
0110011001111101010000101101001001011001000001110111101000111100
0000111101100010101110000001101100010000000000110110111110001101
0011100100110011011110001010011011011011011001000111111000110001
0110111100111100101010111001101111101010110101111010111111001111
0101011111110100100000011100010101101100011101011001011101110010
0100011110111011011011000111101011111111111011100111110111010101
0011101011010101101100010001110010101000101111101111001111101110
0011111100101010011101110010101010110001111011100111100110101100
0011011011000001110110001101011000001110010100011101100100001011
0001010101000010001111000011000110100000001111011110110101011001
1111000010100011101100011111001000010010111010110000100101010000
1010111011010010101011101101000010110110001001001001110110011111
0010100100001111001010011011000110010111011001011110011111011100
0010001000100110001100010001111011011101010111110100010111110110
0110000001000110111110110011000011111000010011010101011001011111
1111010000101000000010100110101000101111010111011001000110110001
0000000010111001000100110100010111000111010010000011011011110110
0010010010111110110101011110110000111100100111110101000110001000
1000110100111100011000110110101011101110011010110101000011101001
0100100101111001011000011011100100010001011010100000111101110001
1111110100011000111001100110010100101101110001111010000010111001
0111001000010110100110100111110110010101111100011000000010010100
1101001110010011111000101100111110011000111100100110110000100101
1001110011101001010000011010000110100010100001110001000011001010
1010010100010001110110010001010110010001001101110010001101001011
1011111010100101010111011001001101101000010000000010111101010111
0011111011100011101111000011110001000000000010010100000111101011
0000000100000000011111000100001101100011101111111001100101100111
1010011001011110001000010011101110101000110011110110000011001000
1100000101100011110101010001111111111111101010110111101011010001
0011011010001110010010010010110110010101000111001011011110010111
1100000010011110110100000010010101101110000001010110110101101000
1011010000111101001010100000011011001111000101100110010001101111
1111011101011111111010001011100101001101100001010111111110111011
1001100001101000010010101100010100110101000100101010110010101000
0100001100110111110010000001010110111010111001000000111101010000
1111010100010111110010100001001010000011110110011010101000100110
0001010101000010101110001010001101010001110110100011100100000010
0000101110110011010011001010110110011001011001010000100100010011
0100011100111110101010111111011011110110000001111100101011101101
1001100001100000100000011111000111110001110010100010110110010001
0010111110001111111000111000000110111101100000011011100110100011
0101110010101010101011101111110111010101101000111111001110101011
1010000100100110100101010110010101001001000010000010100001001000
0111010111011101110110011011011010001011101100011000100011110101
0010110111000111000111001000100001010100100000010100100101000110
