1110101111001011110111010000011001110000001111010000110011010001
1010000010011001010010010000000001000000101100111011000010001000
0010101000110011000101010000011001101001100111000101111100010010
1100011000101000111000111010101010001101111011101110100011100000
0110000011100101010100100010010110101011001111101010001111100000
0101010110000110110001000100111001110000111000100011101100001001
0001101001010110000111110010000101011000101100011001010011111000
1110001010100100100001011101010101110100011000001010110100001100
1000111010100100101001001111000100111000000111110111100111001001
1101110011100011011101000001100010001000000110101000000111001100
0011100000011000101111000100100000010101101100101011110101001000
0001000010111110100011000111000100011101111110111100011001000100
0101100000000110110000010111010111001001100000100000110111100000
1010011100110110110000011011110001101000111110100011110000100100
0100010000100101000001101001000101111010011011001001111010101101
1010111110001101111111100111111110110010100101011100000100011100
0101000000110011110010111101000111111000000010001011010101101011
1001001100010100010110000001011010101011110010000101100100110111
0101001111000100100011100110100100111000011110011010100010010000
1000011011010111010001111110011001011111011010100100010011110101
1001010101010100101000001011011101000100011111000111110001100111
1010000001011011011111001011100000111110001100000010011001110011
1000000100110101011111111001101100000010110011100011111010110111
0011010101001001110010011011010101000111010011000110100101111010
1111010110000010111111010101101000010011000110111011001000111010
1011111000010000011000100110010011011001100011101000110000100010
0111100111101101011011110111101011001010111111000011101000011000
1111111100011001100000101111100011110010111010000000011000101000
1011101011111001110011111001100100101010100111010101001011101101
0100111100001111010011101100100000101001000101101111001110110101
0111111000110101000001110000111100100100000110010111011010011111
1101111111001100000110110111011111000000111100111101110011011101
1111000010010010101010010111011011001101101000011000100110111110
0100100101111011110110011000010010101100010110011101100001011110
0110001000000111011100111101100101001010101110111001101011011101
1010111110010010101100111100100101001101010010100101100001100100
0101001100000110000100010001011010001111000101101111111000000011
0011011110110011111001000111001010100011011101000011010111101101
0111000101000010111010101101011000111101110100110101010111101010
0000111000011000100010010010100100010111100010111111111111111000
0110100101000100011010101101001010010001010100110110000100111111
0110101110110001011100010101101100100001111001011101110011000100
0111110011001100011101110011110000001010111001000001010000001100
0000101100010001100011100011100101111111100110110100111111001101
0001000010100010101110011000011101000111000110011000010010001001
1011100101010000001000110110111110110101101011001100011110000010
1011110101110101100000001100010110000010111100100001001011001101
1100101101110011000010101101110110000101101111111111000001100110
1001000011111100101000001000011111001100111000101111111110001111
0010010110010010000010110101010100000000101111011010001010010100
0110001010111000010100111001000111011010001011100000011000010100
1100001100101100000110100101011001100011100010101100010111101010
0000101011011011000010100101111001111010001110011011101110111001
1101010011010111111001110010111011011011110100100110111111100011
1111110000010110110010001110101000000111100010000101010101100011
1010111010001100011010001001011111110110010111001111001010010100
0011110110110001101110100111001111010100010100111010000110101111
0101001010100011110001000001111110001001001110111000100001000001
1010001011000000100011010001011010001110001011001110010001000101
1101010101011011101100011100001101101110110011100011011111010111
1110001100110001010010010101100101010010011111010011000100000100
0101111010011110100000011011001100110101100101010111110011011001
0000111001001101100000111100101001110010000111001100111110010011
1110000011101011010111110000000010011100111011010101001100001010
1111011000111100000010101111001111001110010111100100000110111010
0011011100001000000100100101010101101000000011100011001100000000
1000000111110110011011110010100100111011110001001101001111110101
1111001111001000101100011111001001011011101110000101011010011001
1101011100011010100001101000000011011001000101001111011110001100
0000010111011000000001111000101001011000110001100101111001000100
0100110011111000110011101101101110110101101010011010001000101101
0010001100100000010010100100000100100100001101110100101000001001
1001010110010011000010010100100110101001010111011011011010001100
1101100110000010001010100001001101101111000101001111011010101000
1000001011001011110011011100100001001101111001110101101101011000
0001110000100100010101101010101111100010111111001001011010001001
1011011000111111011001010111011100110100010001001001101011110101
0101001100101101011000100100100000011011100000001101110000001100
1101111000111100001110100000001011011110010011011001110110010001
0111001111011001111110001111111001101000000111001010011001011111
0010111100101001000110001100001001011011011001101110011001100010
1111011110110001010100000001010110101000100000011000011001101000
1011110001010111010110001100101101100010100101011101111100101111
1110001011000011111011011100101000110000010100110011110001101110
0000011101110001010110000100110111000000110001000111000011010001
1100111000000010010000101101011011100100110001110001000110001110
0100000111111100010001111110010000010010001011001100101000101011
1011100111110111000101111101101100001111100100010000011011110001
0110101000111100010000000010000101011100110011011000001101100111
0110101011110111010000001111010000110100111001111101101011110110
0110111010100110101010100101010011101100111110001101010110110001
1111101101000001000001010011010100010110001011001000101001100001
1011001001101000001000111011111011100010111110000111111101000010
1000101110110010011100111000010100010011001101001010001111101110
0001111011001100111000000111101110010101110101110011000100000010
0110011000110110011111101010001010000100111100100100101110001111
0010010001101001010100111011111000010010101100010110110111101000
0011110110011100011111110000000010100000001110111111011101110010
0111000001100011111010001100110001101010010000111100001111000010
0111100000100101011111011000011101101101011111011111001110011100
1010000010101110011100000100100011101000001111111110100110100011
1101011110011110010010100110010001000110001110011110001101100000
0011100101111100100101011010011101001011101101100101111001010100
0011010011101111001110111111000110001001011110110100011011011101
1011111000110111011101100000100011011100001011011010110111000000
1010111000101101011111011101011001001001000111100100111100110010
1100001001100110101011010011000000011111110110010101000111000010
0011010000000011101011011010000001100001100101011111010011001011
0110000001000100100111100000110011100111010101010010111010100001
1110000001010000111110100110111010101000111001111000010000000101
1011000001101111001110101000010000100010000111000110111010010001
0010010001010001001110100111100110111000100110001010000000011111
0100000110010111111100011010100111111111011111100101001001110111
1000010111010100111001101100101100101010010001011001000011010101
0010001001001110101011101110110011110001100111001001111011101000
1000110111001000011011010101110001101000101001111111011111000001
0000110101101100001110000100011001101100010110010111010100110000
1111100111001010001101010011010011001011101110011000010000101101
1011001111110000100010100001000111011011011110010100000110100111
1011111110101000000101010000010000010101001101111011100010111011
1011001110010101001110110001101011010111111010011101001111101110
0010000000011010001001101111000110100110100101101101011001111001
1010010110100101010011011011111010010011100000001100010100101101
0001000111010011000100000010101111011101101110100000000010000000
0100110111010100111111001110110001110110000011011110001111011101
0000010011000011010111100011010110000111011000001101100101110110
0001111110010011011001010001000100101101010001000110110010100100
0100110100001101101011111101010101001001111010101010001100000001
0001010111010011010110000111010010101001111110001100000111100000
