0000100010001100100111011000001001011000110010010110100100010001
0001111101010101100000000100100111110110001101100110111001100111
1001011000001111001011101111010110001111111100000000010100000010
0110001010110000100110000000110001011101110001011001010010110111
0101010010011100111101001101111110111001100001010011100010010111
1111101000111101000100010111101101011111101110000011101111110001
1001001110000110100100001000011001101100111100111011000001111111
1000000010110001011111000001001001101110101101011110010101100110
1111000100010010010101101000000110011101101101100000110100011100
0000010011101101010111001010010001001110011001001101001101111111
1101010111011100111000000110101111100000100111110110000010011001
1011010110011001110111010110011100011111001001101000100000111110
0110110000000000010100110110011100001111001101110000100011101000
0101010101101010100000101011100011111111110001001010000101100100
0011010010011100011001111000010101001100000101100011010101101010
0000110100101001100100100001111000111000011100111100111011111110
1100111000010010100011100110111000110000100100100000001010010101
0010001010001110011000110001101000011011011110001001011011111111
0111011100100111100000100111101101100110000101001110101101100000
1101000000110011001100100111011101001110101100011011000001011011
1001010101011011001011010111000100010101010100111100000111001111
1011111001010100111000111110111111100000110100110010010111110011
1111101100110100000000101000111001101100010001111100011110011001
0000110001100111100101100000110011100000110001101110000010001111
0010001101111011100101011101011110110011100100001001111011010100
0111110000110000011100011111110101001010001010100011010001001000
0100001111111011110001110001111000101100111110011100111111011111
0001100011110111011011111011111010001110000111000110101111100011
1000100000010011100000110010100000101111111010111111110011101011
0101011101001000110100010111001010001110101011001001110000011101
1101100111011000000001101111011001101110110111010001001101011011
0001101110010010101100000101111110010110111001001011101010011110
1000100111110100111100111001010111100010000010001011101010010010
1100010011000101000011001111101010101011010111111111110010011100
1011110001011101110111111011111010111011101010110010101100111110
0010101101100110011001011000101110001001001101010111011001011111
1111010011001101101001100101101000100111100011010001001001101001
0111001110010011100000111001100110011010110100111001111010011100
0010010011101011111010110000110100010111100000000111101010001010
1111000100111111101011000000100001000110100000100111010111001101
1010100111100110011100101101001110010010111000000110000111111011
1010111010011010000001010010111101101001101101100100000101011101
1001111101110000110010111011010000000000110101101001001001001111
0110100100111001111100010100010011100111110110100001001001100001
1110100000100110101100001111111010100110001011100100000010001110
0010011000111011100001100110000100011101101000100010111010111110
1011010011101011101010101010011111010111101011000111010111110111
0000001000110110001010110101110101011100111001001010001001011001
0101101001010001011100010101010111111110011110011011011001110101
0100011000001111111111101111110010001101101000101110101010001011
1001011101000100001001100011001000100001110001110011010000111101
1010000011101110000110001011011111000110100000011111001111000101
1001001000101110010011110110101000011001001100100000111101101010
0001111110111110101100110011110011110010010011001010101000011010
0100010100000001100111011000010010101010101111011101111001101000
1110111110111110101101100110011111000010100001101000110111100100
1100111111010110100011010111011010100011011010010111000000001110
0000101000000101100100100010011110100101011011010110111100011100
0100110110111001001110100110110101000100011000111110001010101011
0001000111101000100111110101111110100001110100101110101000000110
0111001001110110111001110000001110010010011000101010111111110101
1100110000101111011101100001111110110011011100001010111100100001
1110011100111111110000000110001000011000110001111101110011111111
0000010011110101011100111110000001101111001101101111101001011001
0011011010001011011101100111011001100100001001100110011110000000
1101010110010001101000001101100000011110001001110101010110011100
0110111010000000101000110111001110110000110110001111011100000001
0111111001111001011011001111011101000010110000010000000101101000
1011011111001000010111011000000010111100110101101000110101001010
0111010010111101101100100011010110111111111001010000011110010000
0111100111001111111010101000011110000101001011001010000100011101
0100101001101110000111100001110100101101101010001000101011101111
1000101000001101101110011111101010010100011001001001111010011110
1110011001110100000110000110101010110100011110000100100001001011
0100010000101001101100111000110000100110101101001010100000100001
0000011010100001101111000111010110011001000101100100111100000100
1100000001001110000100011000111111111100001101101011111100101011
1111000001110001101000101100110001011111100010101101111001001000
0100000011100111000100011101011011101010100110010110111000011110
0011110111010110000110111100101111001110011010111101110011100011
0011001010001101000110111010101101011001000000110011001011001101
1110111011110101001111100111110000000010000111101000110111110101
0000011110101100110001010011101100111100011011111111110010111001
1100110011111111111101011010100100000110011011001110001001110110
1111100111110100011110110001011001110111110110111010111110011111
0001001001110000010101111010110100000000001101010100100011111111
0000011010001000000100011001111010110111101001111101100000111100
0001011001010011001010110011100110110110100011111100100011111011
0101001111001010010110010110110000101011100010001100100011101010
0111101011101000001011100101100011110011010101110011011000110001
0101101011101011110000111101100101010010000000011101001111100111
0101001111001010100011111001001000000100011000001001101001010110
1000110010000111110000111000110001101010011111110100001100001101
1111011000101100001100110111100111011101000011001000010101000011
1010101100101110100111110000100101010011100000110100110001100010
1100000111101110011111000111100010110010010111010001011011000001
0010000010001000100101100011100101010110000110101010101111111010
0011000101101100001110010000010000100000110100110001101110101001
1100000101000111110000000100110010010010010111001011110000111111
0010010011011111010111110001000101000000000001101111000010011011
0000100111111011111001001010010010110000000011111101000110111101
0000100111111101011001000100101101001111001101010101111111110110
1001100101101111000011011110011001001111110101001101110000000111
0001011101101001111011110011100010101000111111011011011010010100
1010110011101101110001110010110010110100000011000011001010111010
0101010001010101011110110011000011100001101010110010010110110111
1111001000110110110011010000011100000010000101000111001101100111
1101000111001001001110010000110010101111000110101100000101011100
0111000000010100100111111111111111110011000001001101010010100111
