0111000011000100010101110000000011010001011011001101110110110011
1101110110011000101010110100000111011000000000101100111110000011
1011010111111101101000011010111101110100000010010011110001000100
0111110001001010100001101010111000110101001100110011111011100110
0101001101110111001010000101010001000110011010001001101010001100
0001010110110001011001010000110011101111111001100010101011110101
1000011110010011100101101010010100000110000100111010001110000111
1011110011101110101100010100110010110111111000110110000010100100
0001011100100000100110110111000101100111110011000000001000111000
1100100100111001011000110101000001110011011000110001011011110011
1110110101101001010001110110011000000011111000111000000101011111
0000111001110100110011001011100001011100011010001001000111011010
1001001011101011001101111001110001111000010110100101111100001100
1011000100001111101100111101101101100000010111011101101001011001
1101101100101010110110111011011001001000111010101100010001011010
1111101001100010100000111011111111111111110001111111110011111110
0110011100100111111100010011000101001001011000011011001011101110
1011101100001111011111001011111011010100010100110101110011111010
1100011110011001100101100001101110110010111010011011110110011010
1110111100010000001101111000011100001011011101010111000111010000
0010011011010000000101000010101111010011010111001000100011001100
1100101110001000110101101111010110000100100111011101110101010010
0011011001110101111110000001101001101111111000011001011101101100
0100111011011010111110110001011000111001001010101110111001011110
1010011001111101010111000000110111110001100001010011111100110100
1010011010011100110000001010110010101000010101111111101110111111
0000010000011110001100101000000101110010100011110000111000010011
1100011101001001011000110101011101110000111110011100011101100101
0101011000011111010100000111110110000101010011100101101001101100
1100000000011010100110101000010101000101010000001001101101011001
0110100000011001110101011101110111101101111100111001011001101001
1010110010110010000100110110111101110100000110111111001011110001
0101000000110000010101111011010000101001110001101011011101111111
0111101011011010110010101110011010001010110010111011001010010100
1111110010101111001100001010100100011011100000100100100101111000
1001100011000010001001000110100101111110100000011011001001110000
0000001000100001000111111111100010101101110010011110110101001000
1000000000000111110001100000111000101110111000101001011010011101
1100101110010000100010001111010010010110101011001000101100101101
0101000101011110001101110110000100101010010101111100110101111010
0100100000000000001011000100111111010100111100011000001011110010
1000011101100100011100010011111010110011010101001000110011011110
0010111111111110100000010011100101100101011111111010110100000000
1111111001110010111000010011001111010000011000001101000011111111
0110111001001001100101010010001011010001011000101111001111111100
1110111100011111111110100000001110001110101101110011000010011100
1010010111101011011111101101100000010100011000110011111111111101
0011110011000110000011001000010110000100111110001110010010000001
1000000111111100110001101100000110101101010001110000111000110011
0111011001111011110011111100000001001111100110110011011001111101
1000000110101010010100001101001001010001111100101001011100111000
1000001010101011001101110010101000110011011101011110011100111111
0100011110111101011011100011000010111110101100001011111101101010
1001011111100110010111000111001001110011011110010111101101011111
0111100010101110011010111011000011110011100011101111100110100111
0011100010110101011101011111000001011100100011101001111100001100
0101011011000111010011000100100000110010100100111101111100111101
1110110100000011110010101001010100101111000101110001100001110100
1101010110001001110000100111010101010011101101000000110001100110
1011110011000111111111001011001010001001000101001101000100110011
1001000100111110100101001000110101100111001001011000111100010111
0101110111000110100011101001101111001111101010111101000111000111
0111101100110001100001100110000011010111010101111010011011101010
1010010100100011111011101000011000111111101010001110011001001111
0111101001011011110011101000100101111101000000011110100010010111
1001100100001001111001011011110011100011001000110001011010000000
1000011100001110100011101000101111001011011000111001101000111000
0100111110000010111000100000110000001110010001011111110001101100
0001111111010001010011100111011001001111000010100011010010000101
0100101100011100111000100011111100000110100100000100100101000010
1001100100100100000010011100000001010010110110010001010000001101
1010110100010000111110001011011011000100010111100011011001011000
1101110110000111111111111000110110111011010000011110111111100101
1110111010110101010111110101111011100000100001100010000101001010
0010010011101000101000000111110110010111011000011001001011010010
1001110111001100101101000111011111101000011000000011000110100101
0110111100111111111010001000001110000010110101000100101010010010
1001010100010101011010000000100010110101000110010110101001111110
0111100010000010001000011101011011001110001110111110100000101101
1000011111111110001010111010101101001111010101011010100100001100
0000111010011110000001110111000000000000101100010010011000000001
1101100110010101101000100011110011000100110111110010010001011001
0010001100011110111000000011111010111001011110111011010010111011
0101001011110010101010000100000011000000110101000111101000011110
1100010010010110001111110100101101101110100001110110010110111001
0010110011001110100100001110010100001101110011010111010101110000
0110110111000010011100101001001101000001100000001000111110111000
1110111011011000010001110001000111000010010111111011110000001111
1010000010110001110000101011000110000001101110000000000110101001
0011100011010011001001010011110110011010111111010110011011010101
1111110010010110101101011100110110100110110010010010000001011111
1001010001000010111111001111000101111100010001010000110001100111
1010000000011100011111100011111101110100000101011010110100111110
1101110110110111111101011001011110001000110100011000100111110000
0011010101101101010010101111111110011001100101100111001001101011
1110010101111001110100001110000000110111001000000110011100110100
1000001100100010111001000010000001011110010001100011100101110111
0110100000101010101110111010001000000010011000011011000110001100
1011100011010011010100000101001101101010101111111001011011110100
1101001100101111101011000111010011001110100010010100101011010111
1100010011000010001110100100000111101001111100010111000011100001
0110001010111110000001100100101110111011100010001000011110110001
1000000100010101000011001111010111100001111000101010010100111110
0110000111011100011101101110010011000110011010101110100110101101
0001111100111100000110001010111100001001001010110100110010111110
1111101111011010010100100010001010011010110010100010101111010001
1100001110101101010011010011111100011010110000000000011110001100
0010100100110110011010100001000001001000000111010101000100001111
0011001011000000111010101110101001110010100000011010000110100010
1010101101110111101101000101111000110011000010011001100010011011
0001100101010011110100001110100001110011010010101010001010111100
0000111010010000110010001010111101101001100110011101110010110110
0111011110000010110111001000000010010110100111111001000001110101
1110010001010110000111111101101001100011010010110100110101111010
1011111110000011100010100101100001111010010001100110111101110110
1010101011101001010111011011101110010111110111000001010011111110
0000110010000010101000001100010101010101111100000101101100100100
0100010000111000111000101011010111110101111101101011110111011011
1110110010011110100011101001101111101101100100110000011001101111
1001110110111010010110100100011101101010001100110100000101110111
0011001101010110011100011111110000111111001111010010101000011011
1100110111010000011010101011011110110111110000100001000000110001
0001000010011001111000001010101100100100111100001000011100011111
0001101101000010110110100100110110011001001000100001100011011110
0101001001001110110011011001000110101100011101100110011100000110
1011110111011000000111110101000011111110111011100111110011011011
0011100110100111110001110000011110010011011000000101010111111100
1000101100111010010010100100101110011111011110100100100100101000
1110100100111000001000001110101100111101110111111111001101001111
0000111000110101000010010000010100000010001111100001000100111100
1111010100101011011101001100101100111111110000010110001010111110
0011110000101010000101000010001000010100111001100111001111110001
1100101011100001111100000110110001110110101100010100001110101100
0101001001110011011100001000001010101001111000011111100001010010
1011001111111000000011100110010010110010011111010011101001101101
0000101111001100110100001100100110111110001001110010111010010110
0011110011010110100110110000010010100101111000000000011110110101
1100101000011001000100010000000011010000010000100011101110010010
1110110111110110001001001010001000111111000101101011001011100000
1110010001000001001001110000001010010001011001110110010101110001
1000111110101110111000010010100010000011011110110011110010010101
1111001110100110000000010100111100111101011001100110001000101111
1011100111011000100100010001111011111001010101011010110110010110
0011111010110110111010001110100000100010010011011001000100101010
0001100000011011000000010111010001011111101001101011100110111111
1101101110011010011010001000110000011000001011101101101110000111
0010100111100110000101111011000000011001000000111110100111101101
1000101001110110101011001010100101000110100010001110000100101101
1010100100000110010000110100011011110011110001100001100100101001
