1001000100100111001001111100110110111000001101100110110000011101
1001000111111010111010100100110101010101011100011011000011100000
0011011001110000110100110100001101111110000010100011100101000100
1101001100111111011000010000111101100000110111001100001101001001
1110001111010111011101010000001100010001111111000000001110111100
0100101010001101001100011001000101000110000100100111010000100000
0011100111101011111000010101110101011000011100111101001010011100
1101100111011110101001110001101010001011111011111000101101101011
1000111110000010101000010100010001101000011010010100110111010101
0110111100000100101101010110000100001110101010000111100110000100
1100111000011101110011000001010101010000010110101100110111111001
0100100011100100000100100000100111100000000001101000000111000100
0011110100111000100111011000000000001000111101101000011011110000
1101111000110001000000101000100111110101111110110100001010000001
0001111110010100110100011000111000010011111011101000011110001000
1111011001000010001110100101101000000000111010100101110110101001
0110000011011010001101010101000001001001100101011010111010010111
1100111011111101001101001011001110010001010000101100011111101000
1011001001101110001110100011000110110001111101110011110010101011
1011010110110001001010000010101010010000000000000100001111101100
0100101011110001101100001011101010001101111011000000101001010000
0011010100000101000001011101101111011100101101111001011110111001
0101111000101011100010110010101110111100100110100111000011100010
0001000001100110110010011110011011010010111111110110001010001101
0001101110100110001010011011011011111011101001101111001011101011
0100111101110000110100010000000110100000000010110001101001010011
1010000011111001000100001101101100000011011110011100011101100111
1000100100000100111111010111011110011001101001110011010100011011
0011100101010001101010001111011010011010000101001101100011001111
0010001100001101111010110111011110001010000110001000000100110000
0110010001001000000001010101111111000110110001101100000101100101
1011100101110001111101000110010111100101001000011110101110000111
1001000101001000110101110101010010010100100110010010111010000001
0011101100110000101010011000110010100011001011011110000001101010
1110110111100110101110110001010100010000001000000111001111000011
1111000110101111100001111111011001010111110001001010101100111010
1011111010001000100101001110000001111001010010010010111110001111
1001000110101100010011011001110000010101010111101000111010010010
1110110110101001110010010110101011110010101110000110100100011010
1010100111001110100101000000001000010110001110001001100000100010
1011010101101101110010010001001011110011111111111000100110110010
1111001110000010011001110101101101110101100001111001101111010101
1111010111101110110111000111101010101000101101011001101001111000
1011010011111100010100011011000010001101010000000110111100010110
1110011011111000011110100101011111011100000011001101001100011110
0101001111100101010011100110011101000110110001001111100101101001
1000000000111011111110110101100000011001011001011001011101011011
1110110011011001101001100010001101011011001001100001001011011110
1011100000101111010001101101101000010100100111000000001101000001
0100111000101100100101100111000000101001000001110111010100111101
1011101001111011100001110011001000100001111111001110100110110110
1010010100100010100011100100010011011101101111101011101110011101
1101000001001001001010110001111110011010110110000000111000101011
1000110101000001001101101110110100111110001001111111001101010001
0110010011011110011011111111001000010000010010111001011110000101
0111010110100010111010000001111011111100101110100000101011100111
1011000110110101011000010010101010000001000001100011111100000111
1110111110011000111101101101110010111010001101000010101001011011
0100000101000011111001110110100110111000000100100111110010100111
0010100001101000001011110101100111001000111110100110100111100001
0100100110000000111001000001100010100001001001000001100110100001
1011000101000100101000010001100001010101000010011000010011110000
0101100100110111100110101000001110101100001001001101111101010110
1000100000000101101001101101001000111101001101011000111010000110
1000101100010111101101100110101000001100001000001010101111001001
0110011101010100000001010101111000111101011011001110001101100100
0111111010100000011110010010001110111010111111011000000001010111
1110001000101001110101011100010101010111100001010100111110001101
1101110110001101100011101000010001101010101000001101111101111000
1011000000001100010011101011100010000011111111010000010000111000
1111101101111001010001010100100100111100001001011110010111100100
0100011100110011000001011110111000101001110001010111110101001111
0011001100011100101001101100011110111101000101101100001100010100
0110101010100010110000010100111001110100101100101101100100100011
