0111000001110010111001010011010001000110101111010110110010111001
0001110110011101100001110001011000011110010011000010001100110001
0100110010110111011100000011100110000101111110101010000101010111
1110011100011100110001010001010110100111001101001100010111000010
1011110100101010010100011100110101000001100001000000111010100001
0010010010100100001010100001011100100111011110110101110011101101
0010110101101011010000010110010101100001010010100000011110110011
0001001011110101101101100101001100101101101000111000010001110100
1011111010010000010011011011010000001010010100000110110010101111
1001100101010101011100110100101001001011010101101000001010100010
0010100001100110010000000101000010001111000011001101100000110000
0011000010011101110011111100011101101110000000100011001100000101
1111101101110001000110100010011100101011110010010001010010101000
1110110100000111111000000000111000011111110100111011110100001011
1110000101010000010011101010100101101100011010111101010011010111
1011101100111001010110010000000001000110000111011001100000001011
0011011101111110111011110010101100110001011111100011010010100100
0100010101000000111010011100000111010100110110001011011100110010
1000101100110001110011010011000010101100101011011010001101011001
0001100001110100101001001100101010100111111100101110010000100101
1010011111010111010010111011000100110111110100001010101010000011
1000011101101101111100111100100101100111000010001100001010011011
1101110000001110110110011111100011000101110111101100111000101000
0000010111100001011100110001010001101110001001000001001111001101
0001100101100001000100111100011111000000001101011011010001111001
0100111110010111001001000100011001010100100011000101111001101111
1111000010100111010000110010001111111010110010010000010100101000
0000001001001111010000110010110111100101000110001010110100101110
1111110001101110111011011101001101001001010000010110100110110001
0001111011011010010010100100010001101010001111011010000000111011
0001010010110010111000100100011100111011000011110100101010111111
1010101100010010100010111101110100011011110010100111010001000111
1100000100100100010010110111000000011100111010000110100011101110
1111010100100011100010110100000011000111110001100110111000111100
1001101011111110100100000111111110101110010101000101011010001111
0101110000100100001100000100101110111100010001110101100011001000
0000011100101101001110100001100100100001001000111010001111011011
0111010110011010010000110010110010101011110100101101111110011111
1010001001111110010101000001000011101110110010110101010000000000
1010101001001111011000000110111010100110101101110101100111000101
0111010010101011110100010100101100111000000111001010010110001010
0000010001000111000111110000111100111111100010111110100001110111
1100101110111101011111000000001000001010110101011101101001011101
1010111001010000100101000000011001101110100100001000101110111110
0111111101110001110101101000000011100000111001100010010011000010
1011101110111001100000000111000100001100010101001010101011011011
0111100011001011001010000110111110101110101001000110000100101000
0001110101000111111110111110001011001001010101100001111101100011
1010000000111101101111000101011110101110111011110000101110101101
1100111111000100110110111101000001110000110101001100000110010000
0001110101101001011010110111011000011001101001010000011101100011
0100000000001111011111110001000010001101000000101010100101000101
0111011110101110011010110001001010011001000100101011100100010101
1001101100010101001100110000001010101100001001000100101101011001
0111111101100111111101110010010000011100010010011110111010001100
0000111101111100000110001101100100000100110110011011111001110111
1110011100000111011110101110100011100110110100101001111011111111
1011001000010100000001100110011111100010111100001000111011100010
1111001110011000101101010001010001010110010001100100010010111101
1011010110011101010000000000111111111001001100100110010010001011
0100000011111001001011111100111101001001111010101001101110000110
1000100001111110011110011110100110100111010011011111100010111100
0101011101010001111100111111011101100111000010110100010011010010
0111000010001001001011110000100010110000011100100100010011010000
0011011011001100011110010101000011000110000101100000001100101111
1100101111001000010010000011110101011000110011001111001000010100
1001001011100010011110011010000101111001001111111101011001110010
0001111000000100010101111110010001111111011000101001011001010001
0000110011101110011001011010011110000111110101110010010101110111
0001001111101001100011001000010111011001111000011011001111000110
0001011010001110011110101100010011111111000101101100011011110100
0110110001111011000000010011111111101111010010010011001111100001
1010001000101100011010111011010000101001110110101001110000100011
0011101011101011010011110011101111001001010110000010001010011111
1111101000000011111110010111010100000111001111010101100101010111
1011011001001000101010101000011110000101110010011010111110101001
0101110111110101111001010110011110111011110110100101000111010110
1100100000000110010100010001011110000101011110100110110110001111
0100010100101000000001100011000011011000100100110100011111111111
1011001101001001100111001110000011110000101001000011100000111000
1000011101101011000010110101011110001000111101111000101000101011
1101111000010001011100010000011110100100001110110010111110100001
0100100101101110001011010100100011111001010000101101111111100000
0101011001001010011001110011110100101010110110011101101110000100
1101100001111101011000100100111001110100000010000111000100101100
0001000001000001110000010000000010011101110011111001001010101010
