1100111110001110000000111111001111000000101111010101101011010011
1100010101010100110010010101101001101011111101111100111101111111
1011010001110001110111110011111111011110001110000010011111110010
1000111101001010100010111100101111100111010110100001110001110110
1101000111111100111000110010010100110111111111111010110101110111
1111110100010001111101110111010100101011010101101101100101101101
1010111000110111011000101010110001001010011110000101000001001011
0001111011001000011001010110101100111100110111111111111010011101
0010000111110110111110011000010100001010011010001010000010011111
0000001010101111101111100011001101001011000111111000111111110011
1100111101100000111010010100010101101011101100010111100111001001
0100100010110000000110111100111011111000000010110001001110010110
0000011100010000101100001101100101011111111010011001101101100011
0101001101011111010010011001101111101110011111111010001001111001
0100100100010101101110110001001001001001101010011100010011001100
0111111110011001000001111101111011001101110000101101000010011111
1001111001001000000111001000101000001000100100101110001000111010
0010010001110011001001010111110011000011100111010000001010100001
1010101001000100001101110000100110101110100001100100111011111001
0111100011010100110010010011110011111001001010101011110010101101
0101011001010101011100000101001111011100100111110010011010111000
0100110011001010100100011110011100100111011111100100011001000100
1000101111110001110001010111101100001011111000001001110010100001
1110100111100111100011011100101110001101000000101011000101001001
0001111001111110110000101111010011001001000111000100111011010000
1111100110101001110000111010110001101111010101011110100101000001
0010100001011100011101010110000000100110010111001000011100001001
1101011011001110001001010101100111000101010111000111101010011100
1011001101000111001101001011001000001011000010110111111100110110
0001001010100010000001101111110101000101101000111111000001110000
1011110110010000011100111101110001000010101001010000110101110101
1111000010010010010010101011100011100011011011010111000000101101
0011111100011111111011101001011000000110110110100011011110111001
1101110000011111001000001000111010011010000110000100101001100101
0011011000100000000011110100101011000100111010100000010101000110
0001110110100100000101010000011001010010011001100000001111010111
0001101100011101101011111100110100001111001001000111110110010010
1111011001111110100110011000011111000001010101001110101110100111
0101100110000001000101010011011110000000000001011010111110011001
0001010111101001100100010001101111100011111000001011101000010101
0010110111100001111011101100100001100111000001001001111111101110
0011011010101110010100010100010000100100110111010001100010111011
0011010000111000010011111000111000101000011110101100001010011010
1011101001010100011100100110000111010101101101110011100100001100
0010110110100001111110110010101011111110000100110101000001101101
0000110110110100101000000111001011110101010010010101001110001111
0011101010001110011111010111000000001000011101010110001110011100
0111100011111100011011100110000000000100010001011011110001000011
1011001111011010110110001111010000011101101101100111000110011110
1010011110000011010101100010001011100010010101101111000000000110
0011101110101110111010011101101111010101000010001000001101110000
0010011110010111000111001011011101011110100010001010011111101011
1100010100101000011111001100001001010011101111010010100101100111
0110010110000001110010101100111011110110001001010110000111100000
1100101100010010110010010111000111100010001001110011111001101001
1111000010110101000010111100100001001111001110010100101110000101
0111111110110010011010101010011110111011011011110101111011100000
1000011011011101101100011101001110101011101111110110111111000110
0100100100101110011000000010011011101001101110101000001100100110
