0100000011111100111111110000011011011011111011000100100101100111
1111101101011010111011000000100011001001101000011111011011000011
1111110100001011000111110010010111111010011101101111111101101100
1011010010010110101111000001000110100001000001011000101001001111
0010111011010011110110000110010100101000011110111100001000010010
0100000100101110010101111010100111011100001001010111100100100101
1001111100011111101101111001101110001011100010110110110010110101
0101101010011110001000100111011011010101110100101001100100001101
1100010011010001100001101010011100100010010000011111111010010000
0101001100011011111100000000011110001111000100001011000000101010
1111101000010011111001001000100011101001011111011011001111110101
1101101001001010110111100111111100100001010100110110001011100100
0000010110001111000101011011101111001000100000001011111101111110
0100011110110001001100101110111111010110001011110110000000100000
0010110100000011100011111101011011111000101000000011111110101010
1011001111011100101111100100100111000000011001111101011000100000
1011011010100101101111011111010001100100000110111111101010000100
1100100001100010000010100100111010100010111110000110011010011001
0000011010010010010011011000001010001011111011100001100111000011
0101111100011010101010000010111110010011111100101001110110111100
1011000111011101010101010110001110111011001101110001100001010000
1101111010001010010101101011100111110100110110110100110011010000
0110111011100101100101110010101011110101111100101101100011100111
0110110000010011110111011011011101000000110100100001100001010111
1111000000111001010101101101100111100100011100101001011101010101
1100100000011011101111011110101100111010001011100101110100010000
1111100110011001011111001010111100101010010011100101010110011100
0111110001000000001000111010100010100000111101000111100100001000
1100010111001011010000001000100000100011011111011011010111101010
1010111100010110101000101011010101100010001110001111100110001001
1011001010010101001100001001000010101101010100101010101111011110
1011010001010000110111010110100010101101001001101101011010000101
0100010010101100010110000010011110000101001111010001111000111110
1100000111001100111010111001111111010101111100001101110100011100
1001110011110100011011110101000010110101111100000000011001000000
0110000101001100101000110000111010001111101101111000011010110001
0111000110111101101001000111101011100001100001111011101100000111
0001000011100010111100110001101110000111001011111101100011011011
0101101010111110100110111111010111011001110011001011001101110010
0101000001010110001100100001000110001010010100001000001001101111
0111011000010111010010011100101101011010111000111010011110110101
0110100010100101100100010010100000101011001001101010100000011101
0001111001100001011100001011110010000111001100101000011010110011
1010000001000010100011000000010110011010001001001101101110111001
0001110101010110000001010110000100111001000101100110011101000000
1000101100101001000010011001011001110101101100101000011100001011
0110110010110000100010000001010001101001110101110100110110000111
1101011100111001000010011101110110000100100110100000010111101010
1101011001011001011110001001111100010100111000110111110011111101
1110011011001010001110111111101001100001100110100010011101001101
1100000110000011101111010111001000111100101000000011000100101101
1111101110010011001111100000011011010110101010010111010000010110
1001101100101011101010110111100000101110000101110110000010100011
0100100001110011111100001111001011100000101111000101101010111000
0110100001010110011010101011000000000010011101011111101000110011
1110011000100111111111001011110000111111010011100110111011000000
1000101100010111101110011110010011111101011100011001111101000011
1010011001011111100101100011100001010001101010010101100111101000
1010101001110011101000111101010101000111110110100011101101111010
0001010000010101011011111011000011000111111100011011011011000100
1011010111110001000101000111000110111110111111111111010111111010
1010001011100001000111100110111101101100101100010011100111001000
0000101111101001011111111111111010000001010111011110000110100010
0000100101111110111110111101110100000000111111110101100111011101
0100100011001110101001100110100110100011001110010100100011000000
0011101100101011001011101111100010001100010101101101111010110110
0111111010001100010011111011011000101000111111100000100110000101
0001100111101111011011101011111101101001110110010110100000100011
0111100110100100000010111001100000000001000100100101000001111010
0100110110110000110100100011000010000010100110111010101110011010
0010101000100001110101010010101110101010101111000011100101010110
0001001110001001000011101010111001100010110110100101010101000001
1000101110101111011011001001000111101100010000010100111110000011
1101111001001010110000000000110100111000101111010001001011101001
1010001100101100100111101101000110110010101010100001101000001101
1011000000000110101101011011010001000100001101010110111001101010
0000000011110000001001011000000100011010111111000101110011010010
0010011110110001010110101111111010010001100011011011001010100001
0010111110111100110001111110001010110011111010111110011011001011
1101000111010101011000010001001110111010010101101010111110000100
1001100110111011100000110000001000101111010110010100101111111100
0101001001010001101001100011000100110111011011011000110010111111
0101110110100011010100001111101110000101000011110011010001010111
0010100010000001000000010000011111000010010001010101110011001001
0001110010110110101101010010110111101110111010001101100011000010
0011110111100000110111100010000001011001110100011000000101110101
0010111110010110001000110011100100100011100110000011110001111000
1100101001100010110000001000011110000001101010101110011111111111
1000111000011011100101011011110010010100101000011110011000111001
1011110101101011000100000000110011111101000100000110001100110100
1101111100111111000111101000000010010100001001101101111111001001
0110111100001101100100110100111100101100010000100110010011010110
0010100011111011001010000100111111111001110000001010101100111000
1011101010101111011110000111001110001110000000000001001111111111
0100000011001010101010101100001000101011110101000001000011101001
0101111010011000000001001100100111100111111110010000000111000110
1100110000000100000101111101010011100001111111011000111001000101
0011101110000101100111001110100100001011010111111101111011101001
1010110101111101111110001111110000001110000011001010001001110000
0010100011100111110100001101000100001110000101111000101101000011
1010011001110100100010000011101000010000110000010111110111000110
1010111000010101010001100011100001011011100011100001000111011101
0011100010000100111101011111101001011101110111110111001011111100
0110010010000000001110110011010100011011001100001010111110010111
1111101100101011010101110100010100010110000100001000011101111010
1010110010001110011010110011101110001101101010000011011101001000
1000101011000110101000111001011001101111011000010010010110000101
1110100011010101110000110110110001110101011011101100110101000001
0101010000101111100000011001010001111111101110111111101111101111
1001010111001000011001010100000011111001101000011001100010010101
1001001000101111110000111110001011011111101001110010101100010000
0011111100001111010001111010000111011101000011110011011010011010
0100110100100111011100001001110101111100001011001100110001111100
1001110111110110000011011111001001010010110000111101011111000101
1110100001001100010010101100010100110100010000001100001001001101
1000010011101010010000001110000000011100110101011010100110111100
0001100010001110100111110101011100100110110001011111000001111011
0101000001010011010101111011110100110101010100111010101001111100
0110011001110001010111110001110101110011010000001110010000001100
1111011111011110000100111011110101001110111001100100001101100000
1001010010011100001111111111010100001011011000101001111101101011
1011100001100010000111100011100000100010001110110010110010011001
0101000110010000101001000010001001010100011100000100001101110110
1100100100101000011001011101001111010100111100110001110011000100
1111000110000000101001111011010011100011101111111010001001110111
1111000000110101111010111111000010111100000000111000001100100011
1111001010111011100101001110010001111010001011001001100111110010
0100110100011001010001001111100111101011111000010100001011100000
0100111100000010111000001110011100100000100010001000010110000111
1111010110001110110001111110110100000111011000101001000001100100
0011000101100010011111100010101001001001000011010111000010100100
1010111011110001000000011000100110111011011000111001001101100110
0011001100100000100101010011000100010000011000000101111101101100
1001010001110100011010011111010100011100100000000111100011110111
1011000011001101110101010001100000111001111111111011000111110111
1111001110110110111111100100101001011100000100011110101010001100
