1100000011001010101011010111011111100001101010000010010001100101
0011111110001110111110011001010101011110001110111011100111101110
1000010001101110010001100011011000101010011000111101101010000001
0011100100100001010010110001110100011101000110110110000000001110
1101111111000010111010011000010100100011011001000001110001110010
1101110110110110011010011010000001111101101011000011000101000100
1011000011110001101111100001001110011011010000111110101110001001
0111010001011000011011010011111010000000101101111111000111101010
1101100001110011001011110011111111010110100010111110110011111111
1110011101000111111010000011110011010100001001010100101011111011
0110100010111111101110011010000011010011100101001010011110101101
1101001101001111101110010110111010001011000110111110101000100000
1111011101001110010101110011000100001101001000101011001000000010
1111100101011100110011011101111100101111000111001110100001000100
1110000010100100010100011110001111111101110011110100100010001001
1001101100001101001010010101011011101111011110111000000010001111
1010011110111101111010011111101010000001111010000101100001011000
1010110110110011010010110011100001101010101111111000000000101101
1100100101010010000100001011111000000100001001000011001111011101
1000011011110111000100000000111110010010000010001010000011000010
1010010011011011100010010100100101111000100011001100100011111100
1010100010011110001010111100100001010111000111001100100000101010
1000001010100110010011001010011110001101101111001011001001100001
0010011010100001011100110000111111110000101110101110111101001111
0100001101100111111101001000111011100001111111100000110000100001
1110011111011111011111101110000010010000100110001110110110110100
0000101111010011100100110000001110011001011101001100000000010111
1111001100001101110111101101111001010011110011111001111010010110
1000101111101001000000110001100010100010111000100011100111010010
0001101011001100111100001000000011010001111110011010010110001111
0110010001001001010101100111011001111110101000000100101110111101
1101000111110001110101100110000100100110110000001000010010100010
1101101000011111110100001000011010001111101010010111101111111101
0000110100000010010100110111000011010011100010111011000000100001
1001111001001101100000000011000011001100011100100011011010101000
0011011001000010110110001101000001001011111001010111001101011110
0101000110100100001111000110001011001101101000001100101111010101
0100010111000000000100100001110111010000110000010110110101000001
0100001000110010001110011110010000010100011011010011110001001011
1000001011011100110110110111011101100000101100000000110010110001
1110011100000101001110100101001111010100110000110000011000110000
0101011010111000011101011110001111100000111101110110111001000101
1000110101111011100011011011100000001110011100111000000110011111
1110110000001111011000011001011101000111001011010010010001001111
0110011111001011001011010011000011111110001011011100111100010000
0111111011010111101011100111001010001100011010010110110100111110
1001000111110100100101100110011000011110000000111110110101101010
0110110110011010110100101011111011110000001010110101010001100011
0110110100110101110000100101011001111101010001011011001110110110
1110001110010010000010101100000001000100111000011011010100000111
1111000010000100001101101000100101101111110011101010010000100000
1101101001011000101011100111100011110001111100011101100001011111
0101111000001100100000101100110111010010011010111010000010010110
0111111101111001010000110101101010101100110010000111110000100001
1111110000111110101100100001001110111110111100010100110001010110
1000010000110111000001001001101101110001011011100001100100011001
1001110100000000101010111100110110101101111011010010011111110011
1110100011111001100010100111010001100001110100010000110001111100
1011100011100110001010011011010001101111000011000111111011111001
0100010111010101010011110000110011011011100001111000110000010101
1001010101011011110000101101100000011100110100100011110010100110
1100101101011110001010101011001111110011001111000011110110100011
0011001001110100111011111110010110000000100100010010111110000001
1111101110101001011101001000110100010010010000100110101110001100
0011100110110101001010101110110001110110111100010111100001110111
1001011111000101000000111100101111001101101101010110000011100011
0011011110101010001010011110001001110000101010101010100011100110
1111101010100100101111110111011011100100001111111110111011110111
1010101101001110111010100101101100001100101100010110000001010000
0101001011100010100010000100111111110000010001100110101101111101
1101101100010100110100111100010010100110001011101100111111110001
1010011110001010111101110000100101001011000111010000011010001000
1110011110110111100001000101110100001101100110001010000101010101
0110011010100101110100011011011101000100011001011010000101010100
1111111010000011011110011110100001001011001111011011111101010011
0011100011011000111110011100010111010000000010100100101011110110
1101100110111101100111011000101001100111111111110110101100011101
1111010011111110011010111010010101110110110001100111000010111100
1001011011011100111110111111001011110100011000010010101100010000
0001110101001001101100100010110110110100111101011000100111110101
0101010001110000000001011111010100110101011001001010101110101110
0100101101011010110001001010100010110000001011101111101010001100
0011100011101111111100111111011000111001001010001111001110000101
1110010010010011100010111110000000001111111100111011011100010000
1111100101011101000001101000101110110011111110001010001010110010
0101100010111010110111010000111100011011111101110011101111101100
0011111010001100111010001011111111000000001100000011000010100010
0100111111101111001100110010011011110100101000001100111110001110
1001101111011000101100100100100110010011101000111110110001011000
1101100101110011100000011100100001111000110000101110111110001011
0110110100011010111000111001001111111001011100011001000001110111
0100001110111111110101000001001111001111011110110010101110011110
0010110110010011101010111000110101000010000101000110111000110001
1011010001001010000110001110110001001110010011010000000011111011
0000111000110100010110010011101011011011101101110011000011100010
1100100011100101010011111100100010100010110011101101011110000110
1111101111110110110110001011001111011110001010100110000010100111
0010110011000110010111110010101100001010110111011000011011101010
0001111110110010011101000010010110000000011100010101101000110001
1001011101100101001100101100110101011011010011001111111101011000
0110111001110101010001101001110100100110111011010111010110001001
1100001110000111001000100000011000101100100110100110101011010001
0100111111001111001010010000011100100010001001100101101010111110
0010100100001101110101100111110011010110110011100101111000011000
0000100000011100011011110111011101010011001001001010000111100111
1010000011001001100000001110100010001010001111011101101011101001
0001001100010001001101000100010100011000010101101000101101011000
1110010011101000011001010111100100100001110110101010001110101001
0101110001010101101110011101011011010001000010101001101000101111
0001010111101100001001010101011010001111000010111111111100100110
1010010100001001001001100000111100110101111001110000100001010001
1111000111111111101100110101110011001110000111011001110111110101
0111101111101101110100101100110000000111000000000101001000101100
1010111010001000011010010100010000001001001100001101000001111011
1011100001111100101100111011011111100010101110101011110000100011
1010011101011100011101100110111100011011011011001111101101010011
0101100111100001100000000000010010011110000110011011010110111111
0001001010000101111111100111110010101110010000001010010100111001
1011110111001011111100100111111101101010011111111111000001111000
1111011110001100011000101101001110010111001011011101000000011110
0101010111001011010010111100111011001010100101110111101000100001
0011100110001111100100111011111100010000111100110011001001001101
0011000111000011001100001111101010000110011010110110110000001110
1111001101001011010001011110101101001010010111100001111001011000
0111000100101000000100001111000100111001000011101001111110010000
1010100110011101101101010111111010010111110011001000101100011010
0011111110100011111100101011111001101001000010110000010111100100
1111010001001000001011111001010111001101101010000010011010001110
1111011110011101111010111110010111010111101010101011000000101010
1001010000100001011010000011110110001101101111101001011010001001
1000110110011100000001000100000010111010011010110001001110110100
1110010101011001101001110100110111000011000010101111001100000100
1101001001100001100001100001100100010110000110001001111111011111
0000001000100111010101001011101001010010011110000011011011001001
1100101101011101011111010110011111011100001101100001100000001001
1010001110110001110000110101100110101001001011001100011110101110
0011001110111011011110000000101111110101010100101111010111110101
1111100101110101100110011000110010101010110000100011110000000000
0111011101001110011000000100001110111100111001101100111010101011
0001101101001101100010011000100001000000101010101000001111000010
0110011110011111101011011110011011010010011000010000000101110111
1100111001110001110100000011110001000010110111000110001101110101
1100101110111100100011101010111011001100011100001010111001000011
1010011000101011111101011101010010000111000011100101010000100001
0001101011010000001001011011100100001110011011010010001110000101
0011000111000111001100111001001010010000110101111100001011000110
1111011100110110111011001101000001011010010010110010010010011101
