0011100000110111000011001110011110110010111000111101101000100100
1011011010010011100000010000011011110101110010010101010010110100
1011001000110011111111000110011110110110111001100000010110010001
1111000011111110010110110101010010110111101111000000000111000011
0110101010010110000110011111101100011111100111111010011100010001
0011011001000110000011000110011110011110010110110110010110010100
0000001010110011011010100010111010000110001010101100011010010000
0101101010000100001010010101111111011000001000001010011000000110
1001001100111111000111100101111000101101101110011101110001001011
1000100010011110000001100111100000000110000100010100100010101001
0111001010110011110101001011100001111110101010110000100110010110
0110100000111111011111000010010001110110101001100111001011000100
1010000011010101000110011010010111101111110100100000110001111101
1100001100110011001001001101111101101001001100101111001000000000
1111011111101011100101000011010100100011011001100101011011100110
0011001101110101001101000111100101011100100010111000111111111011
0111000001010111100001100011110110100110001110111001100000111100
1110001110101011011000110010001110011011111001111001101111100000
1001010101001010111000000011011000111000111111001101111111011101
0100101010001100101010110001101010001101111010101111011101111000
1001001110010101011001011011111001010101101000111100001111001101
0010011110000000100100000110000001111011010111011010010001101010
1010001110000001111011111101111001000000101101100100100000000011
1011001111100010110101101101100011111001110000100100010011110111
1100110001010010000000110000011011110101000010110101100000110000
0111001010110001111011010110101011101011100101110100110111111001
0111111110101001111111001001011111001101010101011000101011100110
0100011110110110011111100001011111010000111110110000001100010001
1110011000110110111100000110111010011000100100100001110001001001
1010010100001011100100000010101010111101010101101111100111110110
0101000101001000110011100111111001000110010001001100011111101000
1101111000110000110100010110011000010011100000110101001010011001
0110011001000010110111110001000010110101011101011011011101100100
0000010100101000110010111101010000011001100100100000111110101110
1100110111110001000101001101100001110101101101101001100110000010
1010101000110010011010100100100010011100111110011101111111001010
1101010010000100011001011011010111101101010010000011011011101100
0100101110010111000000111000001100010100110000100110010101101100
0010000101001001010010110110101011101110111000111010101010000101
1000011011110001000110110111010101100111110110011110100110110010
1100100101001100011001011111011010011000010111101101011010100101
1011000110000100101101110100000101001000111110110111010001100110
1001010001101111100100001011001101111100000001000000101010111001
0101111101010000000000101100011110000000011101001000100100001101
1110011111110011110000101010011010101100100000110001011000101111
1000101011110100101011010011101011001001100111110010110111110011
0101010010111111010011011110111001101101111001110011010011100000
1011110100000001001000000011100010011111111111111100010010011000
0011001110101000011100110001010011010101110001111110011111111001
0001100001000001101010110001011101110110001111001011110110101010
0010000101000011001000011111110000011011000000111110001110010101
0110000101011011100000010101001001100100110001110100011001101101
0001001101011100110100110011000000010010110001011100001111110010
0100001110001001001110100100001000111111111100000001110011011000
0101001110000011001110001000101101101101111010011010000010110111
1010000000101111111001010111110000110001111010010010010111101101
0001100111000011101100001001100010111101110111000010110110111110
0000000100001110101101000011000001010100001000110110000101101110
1101110011101010010100110000001101010111000001000010100101011101
1111101001101011111011010010001001000011100101100101110001101110
1010111111011011000111001001101011010101110001001001100001111010
1110011000001101101110000000010010100110101101000001101011011101
0001101010111100001011001000010101011110110000000011000011010000
0001100000100010001101011011000100100010100111001001110010000000
0101000011110001101011000101010111001010101110101011010001100101
0000010000111000111101010001000101100111010000010110111110110000
0111101000110001111010000000111011101001101100000001101111111001
0001000100010111100010100011001101001010110011101110001000101100
0010010000010001001000001101011000000000101100110011001100100110
0110110111010001110101010101001011100100010000100010110111100011
0111011101011100001101000011110100110100111100100011100010011100
1100000110000000010101011111001000100001011100000101011100111011
1001111010001100011101111110110111001100000101010110100010101000
0110001101000011000010111100100101100001111010110100101111011111
1011100101101011010100100001011010010101011011011010101111111011
0101111101111101010011100100100110000111110101101101010101101000
0010011000110110111000101010101011001100111111001100011011111000
0001010010000101001110101001010101101111011100011010100101001001
1011110111101000010010011011010111000011011011110100011011011110
0011010111010000101111111110100111100100101100011100011011101110
0001111001011000100111101001000101101110001100101011000011111011
1001011111110111001010111101010001001000000000111000000001000101
0010001111110111000000001000000111010000001100010111101100110101
1111110100001001111000011100101011010010100011111010110000101101
1111110011101000111010011111110101011111101101001001111001101111
0011010011001011110110000110010110110011100000001001100010100000
1000111101101100011100111010000101110011101001110001110011000000
0011110001010111010001100110101101111111010000100101010010010100
0001010011111010001111001010111111101101001101111011001000000111
1001110011101110101110010100100001010011111111100000101011110011
1000001110100010000011010111111110111011110110000001101111100110
1101100010110010000011010010011010111101110111110110001010101010
1011000011010000000100111000011100110100101001010001111010011001
0100001001010010011110101011110111110100000101111111010110100111
0010001011101110100101100110010110001010101100100011001101011101
1001000110100011101001111111001011010101001001100111010100110011
1110100111001110010110101001000111010011110000101000110110000100
1100011110010111101001100010101001010001000000000011101110011001
1000011010001111101111111100011011010100111000011000010111000010
0111100010010100011011010011011110111011111011011010010000100000
0111010101010011110010000001110011010111001101010011011001110011
0011110010110001100011101001101000111011000111011010000111000001
0010010011100011100100111001000011101111001011011011010110111000
1000000110010100010101010111010110100010011001001101011010000010
1011000010011011110010010010001100111000011001110011110011110010
1111111100001101101101011000110001000110001101101000100010101100
