1001010110010000111000000100011001001110110100011100101101011100
0001000011010110011111101001110010000101111100111000111010100000
0010000110010111111010110000101011010101010111000100010101000001
0001001101111110110111010101111100111000110111010010101100100100
1000111100110101001010100100101100100111110101010001101110011001
1011100000000000110001101100001110010101000011101000000000100000
0101111010000010101100010110001001011001001110101010100110110111
0101010111100000100010000011110110111001100010000010110011101110
0111100010011010000110011001010100011101000000110000111101001011
1111110110011110010101011011111101010001110111100011101001001100
1001000111001101101001000011100010001100111000101011001101100010
0110010010000100110110000110100011000111101011100111111011001111
0011000010111100100000011111100010110011010001100111110011010000
0110101111001001111001001010011000101001011011111011011001101110
1100111110101001000101101111000000001101111001110001010001010000
1010100100011100110110011110000011010011010000101010110000000000
1000010101100111011001010001010111010001111110110001100000101010
0110010111001001100110011111001110110101111110001100011101101110
0010100011001010100000100111111111000100110001001100101111010110
0111011010001011101010101010100111010101010111111001010010001101
1111001010111101101000011000110100000110110101110111111110101111
1111100001000111101101011011100101011001011000100010101000010101
0001011110000011101110100000000101110100011111001100001111111111
1101000011000001011100110111101011001101110100100101100101111111
0010011100100110001010101000111010100101010011010110011110000111
0011010001101011101100111111000110000000100101111100100100111000
0000100001110001001000110100100010000110101000011001000100110100
0101101100111111111010111000000101101111000001010110111010111001
1010100000111111000111011100111000111011000111000011110001110000
0101111101001001000001011111111010001011000111001001101111101110
1100000110101110101011111101101110110111111001100000010100001010
0000111010000100110100110010001110000001010010110000111101011101
0010010101110000010110100110011100001001111111001110001110110010
1111010001100010111000010010101011000101001010011010010111110110
0000100010000111110101000001100111000110000110100101001110010001
1010101101010110110001100101101000101001101101011010000110101000
1010101111101010001011101001001001010110111101100000111111011001
1011111110010001101001110101111101110100011001111010101100111110
1101111011011010000111000110001100101110010010110001101100000001
0011100001011010011011000100000101011011100100101011101110110000
0010011111011110101000110111110010000100000010110001100000001001
0111001000101001000100001001011110010011111111000010100000100111
1111010100101100111111111110101000101100010010101000011100000000
1010001010111100111011101000010110011101000001111011101101010011
0010101000110011001000111110010100111001110010010111100001100110
0000110011011000111100011010101011001010011101010110011010011111
1001101111011010001111011100001100100101001011000101100001100110
0010111000101100101111011010010101111110100101101110110001101101
1100100010001100011010001111010101101001111000010101101010101000
1011101011001001001110000011100100110011001101010111110111001101
1010111110000001111011101100100000101100110000101111011011001111
1000101101010110111101100010011001101101000011011011110001101010
0010100100001110010101011011101101011010111011100101010110101110
0000011111111101000011101000011110011010001001000111101101101110
0010101001111011111000101011001110001001011000110011111110100101
1010001110111111110001110001001001110101100101000010110101111001
0110110111100000011011011100010110011110100111111001101110111011
1100101111111100111000100111000011010000011110011001100011110111
1011010111010011110110100101110111011111101011000000010011010110
1011110110000000011110110001001100010001111011000110111001001101
1110010110110111101111010111010101000011101010000101100100110110
0110101011110000100100101011110011101110110110111111001000111011
0011011000011001010110001111010001000000101000000001001010011110
0111111001011110100001110101101100101100111011100111100011100000
1111111001111010111010110111110101110010110010111110010110100101
0101001110000010011001110111110111000100100100000101011011111110
1110100011101010111111011100000001111101101010100000001111110000
1011111100001110110101110110011011011011011110011110110011011011
1111110000100011101000011100100100111110011000100100100001100001
1001111000011010111110001001010101111010100111001001111010100000
0111000011011110001001110100110111011110100101011000101100100101
0111100100001001111010000000000111010011110101011001100111101001
1100100000101101100101100000000110010101000100000001101101011111
0100100111101010110111100111110001010010101001100100100100110011
0001100011010011010101011001000000111111000110010001011101110110
0001110001010110101000000011001001101111110011100101101100001101
1011111101110001111100011011000010100011110010111001011010010010
1000110001100111010101111011110011001011101010110011100011100010
0110111100101100011000111110000111100001001011010000000100010110
0101000001101011011000011101100000111000100011010111000110010101
0111010001010011110101110010110111000111010000101100000100011111
0011111100001110101001011100000001011000100011010110110011010100
0110111101010001110011100000110001100100110001101111000000101011
1100101010011101110111111111010100110110110100100011100110101111
0111001100100100010110100111000101010001110011010011110110001001
0100111011011010100110001010101100111010111010000100100111011011
0110111100100111100100000000110001011001010011010100101001110100
1001011010100001011110011111011111101100010001101101101101111101
1100101100001110111111010111100010111011001111110000111110111101
1111100011011000011111101010001110001010101011010100100110001101
0110001010011010011010111001001001100001011100110001101010100000
1100010000101111101101110010101011111111000010111100110100000001
1101101111101011011001001011110101001111101100000000111101011000
1001111011001011111101011101111011000001000100100101011001001101
0111100110111001100010100010100011101001111001100001110011111000
1000011010101001110011000110110100101101010000101100001111110000
0001111101101010001110001111110001111111000110011000001110111010
1010000111111001000001000101110000111101011101010001011111111010
0010001100010010010110110101000111110101100000010110010101001100
0101000000110000110100111110010100011100100110101110010010010010
1110010101011101010111011110010100011010111111100111110001001101
1011010110111111011000010110101110110111110001110000010110111100
1101010010010110000001010110011101101111000010100110011001000011
1011100010010100000011111000110100001100110000101010011010011000
1111010011111010110001011001101010010000001000000110001011001011
1000011010111011101000011110110101111000111001110010110011010001
1101010101110101001100010100101100100000101110010111001011110001
0001110001001001100101001111010001001011010111001001011111101010
1001100110000010110111110100101100110110110011110000011101100111
1111111011101110100111101010000000010001000111110111000101000001
0000110111001100110010000001011000001101101110100011000011100001
1101011001100110011110011010001011110010000010011010010111010011
0011001110100001110100001100011100000001001101111001010001101010
0000000110000001110010011000000111001010100000011010010101011110
1011011111010101101111101101000011001110010111011111011111101000
1100101011101011100100111100010111110000011111110111111111100000
0111001110100101000000001111100100011110101110001011001001010110
0001001000101000101111101011001011101100100111010110110011010010
0001000111101101111110101100111110101011100100010011100110010000
1101101100110000001101011001111000000000111011000001110110111011
0000110110000000000010010001110010110011100101100110111110011001
1111000110101111100001001100001101010100000001110100011111010111
1100010011001110001011001010010100011101010101100111111010101111
0111010011010111010010101110111010100100111111101111111011001010
0011101010100010000010010110000110011111110011110001011011100001
0101001101110010110110111000000111101010111111101010111101001001
1101101110101111011011100010111010110111101101000100100010100110
0001010001011111100011010100100100110010111110010000101101101101
1010100111001100110001100110111101110110110100011001101110011001
