1000001010111011000001110111001110110111101000100000011010110001
1011110101110100011110100100000111011101010000101010010010100100
0011110110101101001100011111100000100011111010011010001001010110
1110110011000010101011100101111110000101110100011110001001100010
0111011010001010110101011100101100010110000111001000110010001101
0000101001101001000000000100101001100010011110001110011001110011
0101000001101000111001011101010011111011100101101111010011010111
0011001010111101011000010110001011000001011111111100011110111010
0000100101100101111001110111101101001001000101110100100101101010
1110010101110101111110101001110110001110100101000001001001110101
1011101011001111011010111011101000110010010010011000100101100101
1001010001111011100111100010001111001111011000111101000110101011
1110100000001010111100010100001001011011101010101100011001011001
0010111101110100101010110010111101110110000010000101101101100011
0010011010000111011011110110001111010110010111001101010101011011
1110110111000101100000110000111111001111010010000111010101110111
1010011111110011100000000100100100010010011101101111010101000101
0101100101110011010110001010110000100110011000101001011010011001
1010011100101111000110010011111101100111100110010011111111001101
1101101010010100011100011000000111011111011101110001110011001101
0111101100000100011010101111010001100010010100000101110011101101
0000011101000011110011110000110101000110001100101100011101010000
0111011011101011100001110010001000010110110011111101010001101001
1010000110100000101000011111010100000000111110001000101100111010
1100000110010011011011011010001011110100000011011001111100101010
1100001111001011010011110101101010001100001100100011000011010111
0100100001001000101100101010101000010011001100001000010110000110
0101011000000110101011110111010101111000111001010001101011000000
0100001011000101011010101010111101000101100100001010011111111001
1000111000111111101110110101100101110100101111110001001011111000
0101101101110110011100100001011001100100111001101111000100011000
1010001001111010100010100000010111100111010101101000110111010000
1001111001110111001010110110010001000111001101000100011010001110
1001110110110110000101101101011010010100100101110000010101101001
1001001100011001111100010001001010111101111011110100001001011101
0001110111000100111000001000111001100010101101010110011010101100
0011000100110000010011011101111000011000110000101101101011100011
0011100111010111110000111000001011100111010111110011011011001111
0110101010010010101011001011111011100101000000101011100101101101
0111111100111011011100001010111101000100001001001000011101000001
1010001001001111101011110110100000110110100000000111000011010001
0011000111001101010011000000001111011110000110000010110000100001
1111000101011010011111000011110000010001010011010111111110101011
0101011011011110010101010110000101000101110100100110110001110001
1000011101001110100110000111101100000011010011100010101011010101
0010001000000010011110110111100011110101010100110010000010110010
0101001110000011010010110100101010101101101111001011110011000101
0101001111100100010011111101010110001110111000011100111001011100
0111110011110100101000110100000100000111111011111111111101010010
0000111101011110100100101001000011000010011111101011100110000110
0011101110110110000100011111111011100111000100111001110001111101
1100100001001111111011001100110101100110000011110011101100000100
1011000100010101111100000111010111011110011110101100100100010001
1000000010111011010000111111110001111010001101101000111100001000
0001110010101111000001100101111000000000011001111001110100101100
1010000001100110000010000001100011110010111110000101111101111001
1101111111100101000111001101011010101001011101010111110101011010
1000111100110011001110000101011100111001001001111100010000111011
0111100011111011110001111100010000011101111011111110101011111011
1111101101001100011100001111011011010000101000001010000100110000
0001011010010011011101010000011101000110100001000110010100111110
0110100101011101010001001001111110001111001110100110001110010000
0101000010011001111011010010000110101001101001111100110100101010
0000000000110001011010100111110100011010000010111101001001111010
1110111010101010101011011101000110010010110011000001100000101011
0010111110111000100000110010101111110011111000110111000010001110
1111100110010100011110001100011011010000101100011000111010111111
1010110101000011010100111101101111001000111001111000101000001000
0101000001101011011110111110000111011011110010001000111001101001
0001000000110011110101100001011111101011101100101100000011111001
1111010001011110100100110111101110001110011001111011100001110001
0101100000011110111101001101001010110111100010001100101000010101
1110011101001111001010011101000101100100010100001000010100101011
0000111001000011101100111100101110010100000000110010010010100100
1001010001010010000000100001001101100111010000100001011001010000
0000110001100001110100110010001100011010101110110010101001101011
0011111110011111010110010111101001011000110011001000010010111101
1110001000011111001000001010000101011101110110011100110001101010
1010110111001110000011100000000010011010010000110100011110001001
1111101010001101011001000110101100011010110001110010110011000110
0111110000011011100001100110011111110001000011010010000111100110
1001100011001101011001011001000101011001011100100100101010011000
0111101111000110101000011110000001111011101010011110101100010101
1011110111000111011101100011110100110011111000101110010000101000
1011010011101000000011100011101010000100101110100110100101101111
0001000011001010010110111001111100011010000111101111000110111101
0011111110101011001011000000010110011100110100101110110000100100
1110000011010111101011000000111001100000011010100110110110100100
1011011100011001101000001000010010100111101110011101010000100100
1111011100101000001111011011011011010001110110110000000110000011
1000010100000000100101111001000011010010100110111100111001100001
1101010101110101101001110010001010100101110111000001111111101111
0000100110100110010110111001111111111110000111100111011010001001
1110001111000101110010011101110010111110011011110100110100011110
0000101001011011001010000000101011100011111101010011101011000010
0001010110011011110100100101111110001001111001000000110110111001
0001010111010000000100001101100001110001010111111011010010011111
0001100001001000101000010111001001110100010110000011101000101001
1001101000001001111110110100010100111110010010001101011001100011
1001010111000110101001010111010111100110010101110101000010110000
0111000101111000001110011100001001110111000010110110010000101000
1101000001110011001000010011111100100100101111110001001010011011
1111000010100000110001000001011000110001010100101010111101100100
1101100010111101101110111011010101010100011101111010000111000010
0110011100111011000010110011110110100011101110111011001011100110
0100010010111011100001001100001000101001100110011101010111111101
1110011110011100011111010100011010110101111101100101011000011110
0100111100000110011001101001101000001110000100101000000011100001
1111011100000001110001110100100011010001110010101101000101010111
1000110011001101100100000100101001011011111010100110001001111100
0111000011000010100011010101010010011111000000111000000100010110
1111111000100111110000110101011110101011010110111101110100110110
0111001111100001100000000001000001101011001100110100001000011010
1111100010011011010000100010101011001001001111001010110011111011
0110011010011100100000001100000100001100110001010001110110100100
1111111010100010111010110010010010000101100001110000100001111111
1001001001100100111101100001111111001100010100001101100111111110
1010111111000011110000001100111010010000011001010101110011100011
0110000011001000011100001011101011100111111100110000000000100101
1010010101010000110110010001101001010100000110000110001001110010
0111111010011000111011001010011111111111111101101110110000111000
0101010011110101101001000110010110000110100010001111001011011010
1000110101000010001011001111101111111101100111111000011101101010
1100001110111110111101111011100010101110110101110111010010111110
0100101110010000001111000100011110110101111011100001111000100100
1110101111011111001101111111000001110110011011101000101010001111
1010011101111001100010000100001111100110000110010110100101111010
1100110101000101010111100000101100010110111011011101001000010111
0110111000100010101010010111011101100010100100001000110101000011
1001101110100001111011000010101000001001011101000010011110001100
0111001010010011000100100101101000001100011111100011010101000000
1101100001100100100110001100101111011000100100001111010100010110
1100000001010011100110101001001011000011001100011001110101001001
1100000010100100101001100000001111001011110010011001110101111101
0110011000101000101100111011011001000110111011111011011010000101
1000000111001000110111100101011000001000001111111101011010010000
1011010101000011101010010000101100101001000000010111011100000011
0010010101100010101010111011001010011011010110111010111101100011
1111101111000000111111100110101010000101111001101100010110100001
0000101010000000000000001101011011000001011100001101110000111011
