0011111010001001110001011010100111100010010010010001110100101100
1111100100001001110001000000001101000100011001111100001100110001
1001111001011011000010101001111011100110001110100110100000100100
1100000110100101010001100111011101111001110000100110010000110100
0010001100010000011011101010011110010101111000110111111101100011
1100001011110111010001010101011110110010100101111100111000001001
1110011100011001001011010110011010000111101110000101100110111110
0101110001101110100011110100101010101111010111011010110000100000
0001101000101000000101111001101000111010001110000010010011011000
1011001000100110000110010010001011100001111101011111110101100010
1110000000110110011001100111000001111110001011110111101001101001
0001111000010111101111111110111101111101010011001100110001111011
0010111000001111011101111110111100101001101001100101100011001001
1100101010010100100110010011111000110110011001011101111110101100
0000011101100010111001000000011100000101100100011111000110000100
0100101110100111011011100110000010010011100001010011100101000111
0111010110111100011110110010101100000110110001011011111101100000
1010001101110111111011001001010100100011001001011100110100000001
0111010001001010000001100110101001011000111010110000010010111111
0000110000010100001111000010000001010110000110011110011101011111
1111100100000001011010111011111111101111101100111001001111010011
1001111010011101011101011100110110000011101111000010100111111010
1100000100110001101010111100111000010111111001101110111101001011
1011111100000000011000010010110011101001001011111011100110010001
0001001111111110001010001101011110011000000001011111000011011010
1001010001101110111000111011110101101100101011010011100011001011
0010110110011001001001000100011101101000110101001000001010110000
0000011100010110110011110111000100100001101111001010110100010010
1111000001011011111010101000100110001001000010010011010011010001
0101000010110100110010000010101000010111111000100101100111111001
0101110101011101100010000111100010101011111100100110110001101111
0101011001010110010111000111010000000111010010010011010000011100
0010000111011100110010011111000001100001010111100001110011001111
1000010011111110111011001110001110011101110100010010010110001011
1110011101101011110000011110010110101100010101010101000011010001
0110000101011111100111000010111011010010101010101101000011100100
0101010111001100000111110101100110110011000001010010011000100011
1001110110001011100010001000100000010001010110011111000011101101
0000111111111000000100000111001010101101011101011011100110111001
0010000100111010110101011110100001010011110001000011011011001010
0111010011010001100001011010101100110101101100110101010010111111
0000011011101011110011011100000111000010011010100001100000011001
0101111010100001001000001010010000011001001100000000010101000100
1010100110111101110000101101101101101000101101110010110111000100
0100011101010000101101011111001010101111010100111100001011110011
1100010001010010100111100010100100001111001010110000110011000110
1001100000111110100011011101001110111110100101011101101001010111
0101101010100100011000011101011010101010010000110000001110100110
1100000111100101011101010011101000010000011001011011010000011001
0000101111011011100010101101111100011111111000100011010011010101
1110101100001110101011000011110010011010011001101111001100111100
1100011111011000101111110010110100111100100101111101110010000100
1101101100000011100000000000001010001101100100010000100111001010
0010010000000101111001001011000010011010100111110100011111000001
1100011001000000111011011101100001011100000001010011000010001001
1000000011010000100000110000011101010110100100010010100111100111
0001001101101001000010111100000111001110000110110001010000101001
1110111010010110100010110100100001111100011000100101101000101100
1011000001101111011101010001100011111111100111001110111010001100
0101111100100010001001100110110001110100000000000011100111011111
0100010000001000111101110100000000110101110111101010001001100001
1001101100111111010110101000100110110000001001101001011110010011
0001001001100111110110111011110110011011100010111100010101100010
1010110000100110001011111101010100000101111110110011011111100010
1101011010010101001101000010111111000100111110000011100101100000
0111011110110001101101110101011011101010000110111110111110101011
1101001110011101000101011011010111110001110100001110001011111011
1100000101000011111111110010100010001110111010101000100100001010
1110111100000010100000110011111100000111010000100011110010000100
0011101000111101001100011111110101001011101110011011100001001101
1000000010001111010101000010110010000000110001011110101000001011
1011100000001011110000101111110100000011111110101011111001000001
1111110001001011001110011100101001001001011111110000101011000001
1010011000101000011000111011110111111011101000001110010001011111
1101010101110110110011100011100111110111001011011010100001001101
1011001100001101100100100111001010011000110011010111010101100101
0011010110010001000110001010101000101000111010000111111101001111
0111101111111010110101101111011100100011110011110111110001110110
0100100011100011111010101111110101000010001100001001101011001111
1011101111001101100110010000111110010111100001101001000100011001
1110101000010000000100110011110101101011111100101100110100100011
1111011101111010101011110011110011110010000111110111100011101010
1111100000101100101010011010111010111011000101111110100000111011
1101110010100111110001010011111111101010100101000001011110100101
0011100100111111011111110010000110000100100101101101111001010110
1101101111110111110001100010110010101001101111110100010011001010
1010110000101011001000000001110000010110111010100100010001111010
1110100001100100000101101001000111101011101100110101001000000010
1101011001111000001100000110011111011111000011101101100011011101
0100101111000011010101111011101111011010111110111111000010011011
1000100000000010101101100001011000010110010100011100101111011011
1100001000010111011000100111101100000011100101010101100110001101
1101111010110110111100101101100110111011001000001001000110111001
