1000011101010111110110011110110001010111100101111001111100010011
0011100110111001000100111011010000100101010001001001011010010011
0001011000111110101111100101101000000001101111100101110110101101
1000001111100010111001011000101010101101000001010001101001110000
0011111010110110100101100101001010011001111100101000011101100011
1100111010011011011010100010011010011101101101011100101001100100
0000101100000100100001010110011001001010001000111001110001010000
0110110100010110001111111001001110111010001001000001011100111101
1010110101011111000000101101000101010110101010001011111101110011
1110111101110010010111100001110111110010000111001010000010111011
0011001001111100010010100100000001000111011100010010010010001010
1101111011000101100110101100010001110010000110011101001010100000
1001100010011111001100111111001000010011001101111110101001001000
0000001000100101000100111011001011101000101101010011001100010111
0100011111010101100110111101010001001011111001110111010010101001
0111001110001101011001010101111111010110010000110000001101111101
0001100100000101101101110100010000100110110110000101100001101101
0010111000001011100001101111010000010010101100110011011110111011
0101100110011110010100010110100011111111111011110110110001110101
0010111110001010011101110101010001110100110111111001110011010000
1100111110001110001110110010010010101101110000111011110110001000
0001001101010100100110101100001010000100000101010101001101001011
0001101111011001111001111101000111011011101101100010011101001100
0100100100101100001011101000000110010110101101111011010010001011
1101000111011001100001100011100110100001010011011101111011010111
1010000101011011101111011101100001100111011000010111010111000110
0111101000100001101011111010011110110010011110010110001001111100
1111010111000111100101101111011111101011100111101011111000111001
0001011101011011101111111010010011111010000000100111100010100101
1111101011010011101100110110100000100000011101110010010100100000
1111110101111100110011011111111110101001101111011000110000100011
0000000010101011001111101011111010010010111101011110100101101010
1111110011111100100111110100111001111101000110010110000110101110
0101110110111001000100111100100100111000010010011000110011011010
0000000001000010010010010110101111111100010111010001100101100101
0111101101011100001100110000001110111111101101101101100010000000
0000000010001011000110000111010111000101010010001100000010001011
0110110111001101110010001011111000011100111011011100100111101000
0001110100011010100101100000110110001000111010010001000100110011
0111111101111111110100111101010000111001000101111101011100111100
0000000011010100010110000101110000000111101100101100011101001110
0101100001000001010110001001010111110011101100001110010011001101
1110111001100111110000000010100000101101100110010000100000111101
1110110001100010000110100101000111000000000000101111101011010100
0000111111000010010000010100110010101111000000100101110010000101
1001000101001101001001010111011011001011011000000011001000110001
1000010001101101001111101100010100001000110101010001101000010101
0100110000111011011111101101111010101001101110111000101010101010
0100100110000110001011011001100101110101111011000000000001100101
0111010000010011000011011001100100111001100010101011110111101001
0110001000111101011100111011010111101110010001010111010110011111
0111111101011101001010110111111000000011110111110100100111110010
1111101001011100010111000000001110010010010100000101101101011000
1010001110001001111101010110011000111011010100011101110111111000
1011111000111110001100011101101100101000101100000100101111000010
1000110110101100100011101000010101111011100110011011111000000100
0110101011101001001100111101001111111011010010100100010110000110
1100110111101000010110010001000000000000011010010011110000100100
1110011001001111100110101010100001100100000101001111100001011111
1110110010100010111111000110100110111111110001111011001010000011
1111111000111101011100011100010010100101111000110011000100100010
1011010011100100101000010011101100111101001001111000011000100010
1111110010101100101101100110001001011000100000000011011001011111
0100111000000101011101111011110101010001100111111100001010101110
1011001101111101001111101010000001100101000000011110101011010110
0101010010111000101001010100101111110101001001101111011001011110
0010110110000000101010011110001101011101000001011100110111011001
1100010101100100000101100010110100011111100001010010010010011111
0101010101010111010000011011101111101100010001000101110101000001
0011010011010111110100110011001010000000011010011000010110110011
1000001011001011101110010001001100110111010110111001110100101000
1001100001101101001000101110000001100100011001100101110110010010
0101010101011111100001011011000110001001110111000010101010010011
0101100111111011111000010101111000010001011111110101100011011011
1101110111010000111111010000011011011011001100001010100000101011
1101010100001000100110010110110000100110100110011100001010010110
1100010101000111010011100110111110001100111110110011110100010100
0100000010000010101001000100100011011101111111100110000110010011
0110001000011100011001010001111100000011111010101100001011000101
0110110000001110000000110010001110110110111101010000011001001101
1000010010001110011110011111000111001010000011110010111000110111
1100101100010111110110010011010000111111000000001010111111111101
0111100101010010110001001111101000010000000000000010111000011000
1100011101010101101011011011100101000111110111000111111000111101
1100100100101000111110111011101001011100011010000011111010111000
1110011110110001001100110110000000101100000100101000001001010100
0100110111111111101010110001000000011001011000011010010101010111
1111110011010100000000111111010110101011011111110001101111011010
0110000111110000100110011000111100000100101001101010100010110010
1100010001110001000101101110101000101011100110001100100001110001
1001110000100010011001111001010101011111111011100001000111001011
1010110111011100001110100110110010010000100010111101100110001011
0111000011100100010110111001111101111100010001011011111000110010
1101110101010011100110011101000001101001110101101101010010111010
1001100101000101100000100111111010011110100010000110011100100101
1010100011100000010001001011001101010110100100111011010111001110
0100010001110010100101101001101111110010010100011110111001110000
0001101010001110110101011111011100010101101111000111011111001100
0110101111100101110100101100110100101110111100011010010001001111
1001100110001100000111111010111010110000110001100010110001100100
1100111011111001100001000111011100001011001101010001000101010101
0000011001000110001110101010000011100100110000010100001010111100
0011001010010000101101111111010110010011101101100111000010010001
1011010111111110000110100001001001101100101001001010010010010100
1010100011111010011001110011110000111001001110100111101000101100
0100111000010111010101000100011001011100100100110001000011000101
1011001010000100111110001100110111011001110010110110100011001001
0000010001001000111111000111110111101000100100101000111101010110
1011100010111010101000111011111010011100111100110111111101100111
0101010001111001101111000011110100100101011101010111101001110011
0000011101010011001110101100001001001111110100011011111111100001
0100110001111000001000001010100100101101110101111001101000110001
0001111111110100110011110001010010001000101010110101011011100001
1100110110000110011100010000100001100101111010100001011010110001
