0000110111010001111000111001111110010011010001011110110011001111
1010111111010000011011010100011111100101000100100100011100001011
0100110110010010100101010101010110100000000010001011111101010100
1000011110101100111010100000010000101000000000010001011110010100
0000100110001100101100110110110111011010100100100010000101101010
1110011000010011111110000001010011100110001101000010100100110101
0011101001010111010101010100010010111111001010010001111000001100
0000110110100010101011011000100000100010101010010111011010111111
1111111011001110000000101011001110010110101011101111000001001010
0001001001000000001011010111100101000111111110111110100101111010
0010010100011101000101001111000100111100111110100001111101100010
0111110110101000011011111000000111000111110000001111101001101100
1101000000010011000011110111111001110010010000101111000001001110
1101100111111001011101001000101101101100101100000000101001100010
0111110101000011111010101001100111111011001010110000011011111110
0101000001110011110111100111111011010000100110100111000111000110
1011101110111010110011001100010011101001110011011010010101111101
0000010111110011000011000001110110000001110111100001010011101011
0111010100101001011101011101111110010100111010001100101110000110
0111000110100011101000100101111111010111001110011000111111101010
1100101110011001000101010101101111101010100011000011101011101111
0110100110010011101101110111111010101110100100001001101101110010
1000100111110101010110100011100010110101010000010010001111101110
1010001001000110001001011000001101000100000011001101000100111010
0101101101100100000000011011011001111110011101011110111101111110
1110000001000000110001011000110100000100111000011001001010001000
1111110010111010000010000000001000111101111101101100010100111000
1001011011111101000100111111110100001101110011000010011111001010
0100101111000010001100000110100011101100011001001000001101001001
0010011110000011101110010110000111101011001010011001000000101011
1011010100111001110000101111000111111010010011111001011001001111
1111000010001101011000000011111111010000011010011000101101011100
0111111011010010101101100101100111011011111111101000000101111000
0010000011011000110011000101101000111111010000011101010001111010
0011010000010110110111101100010001011000101000110110101000001100
1011101101001101010010010000111011010010111111111011111010110101
0001101101110101100110110011001001101100001000011100001110101010
1101110101101111011100100110100101000000010101100000100011101111
1111111000010110100110010101101100001110000111001110101000111010
0100101001110111101001100010100000001101100010110101100101101101
1010110100111000000100100101100000001111101010000000010001010010
0100101011011001000001101000010000101110110000111000101110110001
0101100000000110100111000110111001100001100000110100001001110011
1100101100111001010010011000010110010010000101110111011000100001
1000011111111011001000011000111000011110100010101001111010010110
0000100000011100111110000100110011000011110111001100111000010001
0011010010001000001011010010001000001100011100010101111011011101
1110000111010110100111010101010010111011010000100100100000001001
1001010100110111100000000000000100101010101110000110111111101110
0101100111110111011100100011110111011100101101110101000001110010
1101000111001001011100110010011001110011000101110110010011010100
0010011010110101010011111110010111000101001000110100000110100101
1010010011101101100110010110100110100111101011101101111001000011
0010000000011111101011100101100100000110010101101000011100101101
0011001101010001110001010110100101110000000100000001000000011011
1100001010111110010101111111100011000100111010110001000010001001
0111000100010001100101111010000111011010001000001010110010111100
0100100110000110110110001001111100011110110110001010100010001110
0011110011100001011010101010110011100110011001111100011100100010
0011011000001001000111101111000110111010000100001010110101101100
1001101101011110100000100010101101000111110100011100010010100010
1000011110101010000010000000100010110001111110111110011111001111
1010110101111000000100100100100011011010001110000001100010101111
0010111010101001101001110010011001110110010110011000110111111101
0110011010111100111100011001101100111011100110101110101010111100
1100000010000100111100001010110011111101010101101111110001000001
1111110000001100100000101010111111000111111101100100100100111011
0111010110110011010001001011001110100001101110010010111000001001
0100000100001011001011010000011010100001011010001001001000010111
0010110010011111100000100101101111011010100000001000101100101100
1101010011011000111000011100010111101000011110011110111111010000
1110110011110011100011010101111000101101011110110111111011001111
0110101011000110100100010110000100001111100011100001000001111100
0100001001001110011101100100110101000110001110010100111010111011
1010000110000110101101101001100100010000000110101101110100110110
1001100101010100101100101100010111101110001100001100011101100001
1110011011011001111011111011111001010111000100111110000111110000
1001101011100001011100000010011011111000101111101100010101111001
1010001000011110100110110111000100101011000110010000101000000011
1010111101011001011011110100100011010000100000000010101100100011
0100101011000000010001110111000000111000101010111101111010100111
0010101010101011100110011010110101100001011011001111100000100001
1111000100011011011000111100101010111001011001000101011101010001
0010100110110010000111111000011001000011010011010001010011001000
1100001000101101000000001100110001000010011111110101000111000000
1000111111100001001110001111000011010101010000100110000110010011
0111111100000011001000010111001001100011100001001001001010110000
1001010101000011010010011011100001111110100000111010111101111011
1000111100001111111110110011100111010000010100111100110000111110
0111111010011001001010100111011010101001101110000110010110000010
0011100111000100111100100110001100111000010100010111100010100111
0010001111110111101010111110110010000000111111100111111001101110
1101000100011001110111110000101101011011001101111001011010101101
1001010100011111101101001000100101110111100010101011001110011011
1000110100111011100110011000111000101001111101001001000011001101
1000111111111100010101101011111010110111100011010000101011111011
0110100100010001001001011111101100001000100010100010111000101101
1000111011010110110111110001111000100000110100110110111001001101
0111100011001110001011010101000110111110001111000011010001001000
0011011110111000010000111000000110000101000010110001111001111100
0010000001011001011011101010000011001101001011110101010111110010
0010100001111001100111101011011101100011001001101010110111000101
1100101011100010010101101101001010100101001110001110001001010100
1101000100010101101001101110100000101001011110110111011000111111
0111010111001110101100111101011001010110110000100011010010100110
0100100000111000110110101011100011111000100101001011001100000001
0110010100110000111000011010101001111100100010101001101111010110
1010001000000000001101100000110101010111010111100111111110100001
0001001011110100011101001101111100000001110110000001110001001011
0001010101111101111110111011111100011110011000100010110000000111
0110110010111111011111100100100100011011001010001010011001010111
0100000111100100010110001000000111011110010101010111100101101111
0001101011110010111001011111110111101001001110000101101101110000
0000111101010111000000111010011101100011011111010101000101000010
1101011011011011101110001000100000011011000010001111101011110000
0010000101111011011010001101100010101100001010000000011111110111
1010001110010110100011001001010110101110000111001101101101011001
1110110000001011000100111000000011010101010010000011011100100011
0100001110101100001010110011101001000010011100001011110111100000
0110111000111011100010110101000110010010101000100000011000000001
0011010011000101001000001110111011011100010000010101111111000011
1100100111111010110010110010011101010001010011101011000001101100
1100000101010010010110000010101010000111000111100001100110111100
0010110010010001010111001111011110010100110101110010001000100100
1101110100100011000000100110110011101010110101011011001000110110
0011110010100100010000010001110000110010011001000100001100100101
1111110001111000100111010101000100111011101011000011110100100101
1111001100101001001001000011101010111001010100010100111100000111
0110011001000110110101001110101000000000100110000100000011101010
1011110111100000000110010001110100000100110000000001100100100000
1110111110111000010111000010010101110100000101111011101010010100
1111000011101010111110000100011110010101001101100000000110011110
0001101101101110110110010100000100001000001011101111111101010101
1101010001001101101010110100111111011110110000001001101110110111
0100011100010110111010011111111010111111101101000110100011111010
0010010110011001101101100101001000010111001011000111110110001010
0110100101000110001111000111101011101011111100011111100010110011
1011001011110001100111100111000101001111000001001001100100001100
0101101110000101101110110111111101001011100101101110011011100011
