1000101011001111101000111001010001000001001010100000000101001111
0000011110111011101000100111001011011010101000111111111001010110
1010001000110000011110001110111010101110111000100011001100100101
0100011011001110111111000010110001001111101101110110010101111111
1111101000111000111110001111010001111001100010001111001111111001
1100010001110010010110010000110100011100101001101000110001010010
0010011100000111010101111000001010101111100110000100100000000111
0101001111000010110110101101001100010111100100111011110001001110
0011110111111110111001101001110010101111100110011010011000001100
0001101001001100011000100100101000011110110110111111110111011111
1110110100111000101000011100100100010001010010000001101111000111
0001011100000110110110010011000000110001011100101100100000111100
0011011001101011010000001010000010011101000001001111000100010100
0001000011111011100110011000000101000010010011001111111110100101
0000101110001000111100101000110010100000101000010011011101101110
0011000000001000011000101100110111101110000001110001010100100101
0101100100111100000101011101000100100010011000000101001111100110
0101000110101011111110100100110000111110010110110011000011011001
1000111111110101001100111100001010010011100110000111010100101000
1001010011110011101010101110111010001010011000000110111010001100
1100010010001101111111101000000100001001101111010010000111000101
1100110110001111011010110000110001010111111111100001000011111110
1010010110100110010001011010110011011011010111101010000110011100
0001010000000111100110111111000001011111000110110100110011100100
0011110000010010001001101011101101101011001111000011001011100101
0001110111001110110011010001001110010010101000000100110000000111
1111101110011111010111000100111000001001001111010111011101100011
1101000011010100001010010101000010011110100011001010101011100010
0111010111011100100000010011111000100010011100101111100100111011
1101011100100010000011001100100001110011010000100101010110110000
1101111000100010001001011010110100010111001101010101111110101000
0100111101001001011010101011001100110111000110001010011100000011
0001110001001010001100101000110010111111011100100010100110011111
0001101101101100010001000101000010110011111101010110111101001011
1100101001110111101100111010010001100111010010011001111110101110
1011100111111111010000011110110001111000110000010000110100100000
0110111100100111001101110101100000000101110100101111000000101010
0010110011100001110100101000101001110110100101000110101101010111
0101110010110011111100000000101111000100000010101000111010001101
0001011010001101000111010011010100011111011111100010011100000011
0011110101100010010100110011000110001010110001100010100011000101
0101111101001000110100010011000000010000111111001100000111110011
1011101101000100010011110110110101111111101110111111001100010010
0101101101100110000111101111011001010010010000001110010110001110
0111101001101100000111010010111110000000100111111011001001000100
0100100101100111101100100110010111100111000101100110010111001110
0100101100111001101001110100011100100011110011001101100001010011
0000011101010000110011000001000001001010110100011010101001000111
0001111010011001110100010100110011000001010010011010101101010100
1101010000111101011011000111000010000110000100101110000001011100
1101001011110101101011101000101010011001101110011011010110010010
0110101010101101110000111001100011001001110000100111100100001011
0001000100011010010011110000001010110100001011000100111001100010
1011100001111111100100110010100001110100010000001010000111001000
1001011001000001001101001111100101000010101001110010010011111110
0101001101110011011111101100001110011000010000110001000100101000
1001111111001110111001010011111000101001000001101010100000101110
0000111100100100100011101010010001001011101111000111101010000111
1110011101111011001011000001101000011000110001100111100000001010
0011000110000011001100011011111111100100101100000110001101110010
0111011010101011110001000011010000010001101111000000011001100001
0101100001110111010111110010000001011110101100100010011000111101
1001100011100101100001001001000100010010001011011111101000010000
1111111000010110001110011010011111110000000110110111110001101110
1110101111010011010010000110111101011011100010000001100000100001
0010100100001000110001000110000000110111101010100110001100010110
1010110000010001001101101011111111000011000000111010110011110010
1100100110111111001111001111011001101001111011010000000100111001
0100000001010010010101101101010000011001011100111000011111111010
1110111001010010111111111000000101100001101111111110001111011110
0101010111001110100111101110000000000001100011101111100000000110
1010111111110100001001100110010101011100110010010001000100111100
0000011110110101001010111011101101100111110111101101011111111100
1111111110010100101000101000000001000010111011011000111111111110
1111000111001110011111001110011101100100100000101010101101101101
0111111100000011111010101000011111001011001010100100010101001100
0101100110001111000110110100100111110010001001011100111110101001
0010000101011001001000001100110100100011100100111001101001001100
1011010010101010010110100000100110010001010111110100111101101011
1010010001110011011110010110010101101000011101011101010110111000
1110001111110010011001111010011111110010011101011101001110000001
1110000111000101001011110010110111010011101000011101101010100010
1110010010110011100010110011011110100100001001001000100111111101
1111110000000011100011100000000100110010001100010100010101110101
1000001110011000111100101000010111111001111100110111010111100110
1111001110111000011111111111111001110001011011111001011101001110
0111010001000000011111100010010110011101110100110010000000110011
0100000011001110011101001010000011000110001011100101001000110100
1101011011111101010100100000111101001001100101011111110001001100
0110110110010101001001101001101110110110100001011010111110011001
0101011011010011101110110110111110100110001011010010110000011010
0011001100010110011110100110110001101100011100000010111010010110
0100000100011000110111111010111001000000101001011100010001100001
0001100100101000001011110000101111111000111100101001000100110011
1001111110010000110000001101000110110000111101110111111000001110
0111110111010000010010110101011011101111000101111101010100110011
1010110101110000111011100101010111011100110111100101000000010000
1000111110101000001110011001100111111010111100011001110001001010
0000010000011000111111100010111101101001110000011101010111111110
0100000110010101101100101110000111101011011010111101001100100001
1011101110001100010010110110010110000000101110110001100100001001
1110011110101101010100101011001010011000000101110101001110100010
1010000011000000100000100000000110110001000110010111001000110101
0101110010100101000101011111010100011110110110101000011111100110
0110100010001010000000101100011101010011110111100100110101110100
1101011000111101011101011010110101111010101010011100000111001110
0011000101010100000110010111001110011011100110110001101101100011
1101000101100010000001001100100011000001011000110100001001010110
0101011110111000100001110100110101111101000000000101110000011010
0110010001010110101000000011010101000111101011111111011111101110
1100101111111001001110100101010000001101101011111100100000001000
1101010101110110111100001110000111110100010111111101001010000001
1100011000011001000110000011001011001001101010101000010101100010
1101101101001011111100010110111000000111011000010010010101001110
0011110101100101001010011101000110001110010011101010011001111100
1011011111001010000010110100011010110010111001011010101001101111
0110100011001000101000000001101111001100100011101010111001010000
1011000000001110100100001010101011101110000011111101110010011000
0110100111110011010111000101011100101001111000001111010110110110
1110111101011111000111000011111110110110110101000111000000101000
1110101111101011111111111110101001000001101110001100000101000111
0101011100011100001101010000110011001011110000100001011010100011
0010100000100011101010110001101011000110011110010000000101000110
1100110101111100011101000100010110010111011100001011101101001101
1010000101011110000001011111100010010101110010000010100101111001
0010011010110000010001010000110110000010100001000001000011101000
0101001000011111101101100101100110111101011110100010101111010010
0010111101000000110110111010110000100110101011011100000010100111
0100110110011100011101101011111110101011110011110011010010001011
0101010011110100001101100101110000000101111000110101010111001000
1011111111011100101010010100001111101000101101111111111111100001
1101000001001100010001010000001110000100010101000100111100111000
1111011001001110011000010110010000010101011110010011111010001001
0110001110111000111100111000111111011000100011110011100100001010
0001111010001001000011100100101010010111010010000111001110000000
0111011110110110111111000001001111101011001010001100001110101010
0010110110010010010110100000110001000101010010110011111110100100
1111110101001110001000010000011011110011001010001010110000110110
1011111010000000001011000000001110110010010001101011000110001000
0100110000111011111110011100111111100110101001110011010010100111
1010000011101000010101111010110000011100011111100101010100100100
0101001010100101101001001001100101001000011111001011010100110100
1100101011011101011110001011100001100001100001001001011010000111
0000001101010101100011010110000000101001111110100111010110011001
0100111011100101110000001111100011001000100011110010010111101011
0100100000011001000000001001100110111000110101111001010111010010
