1011000100001001110000101100010010110100100100011000000110001100
1100010010001111001000110101010101000110000000000010001100111001
0100110001011010000110010011001100101101111111000110010000011101
1101111111100110010100101101011010001010000110000000001100101100
0100110110100001000011010111000110010011111011011111111101110000
1101101101000011010000000101000101010110100100010011101011011100
1100100101001101101000010010010000001101110000001000000010011100
1010110111101101111111100100111010101110101111101001110000000110
1110110110111000101111100100100111101001100100100011110011011100
1000001110110111010100001100011001111010110000011111111011010010
0000010011011110000011001111001100111111010000111000101001110101
0001011110001001110100001011110010010001001001011100011011011100
0010111010110101111111000111010010000101100010101011110111111101
1000010111101001110100010010101101101010011000011011100100110110
0110101111111111001111010110001111011111100101010111100000110011
1101101101010100100101101100000101111101010010010000100110001111
0000010100101001110000000011010010011110110110000100100010011010
0011010110000011101000101100100111110101111101010101011101100101
0010000000000110100000111110011111010100101100100000011110110010
0001101000011010100100111010110101100111101001011111011001101111
0101110000001011010000111100011010100000110101010000101001100100
1010010101110011010101001111100010010000100000010110110011101011
0001110000111111110100010011100011110110010000001110000111110101
0100101011101100110110000101001001111111111111111011100101100110
1100100001111010111110011000110011010001101111100000010011110010
0011000011110100100100000001111010001100000001011011010000101010
0101011011010111101110101100101011000010000110000000100010011011
1110100011110111111010011110000101000001010000111100110101000001
1011100111001100000010110000101010010100111010100100011110000111
1110111111110010011011100101101001101000000000100000010000011110
0101011101001000110010110000011000101111110010110110100011101010
0101011111111001011011101000000100100100100001011000000010001010
0101011100011100111111000001111100110001111001110110010001110110
1100011010101001001011011111100100101010010010111111011001111011
1101001011000000111101011111001100011110101101000101010111100010
1111000001111010010111000111110001011000000001111010111111001101
0011000100011010100001011000100001010100100110011100010001011001
1000101111000111001101110101100000010100110111010011001011001111
0101001001110010110010100111101101010100111111110010010111000011
1000100000110010000010010011001000011000101011001101110000101110
1000000011010001000010000010010111010001101101110010101010100000
1011100110011000100101101111100010000101000111001111011000011101
0000011111000000100111100010010000011101110001000111010000101111
1100001001000111011110100101101010101010101000100010111110010100
1011010100101001001001001110010010100101110100010110110010000100
1000010101101000100001100111101101001100100100111101100010111010
0001010001000101000000011001001000000000011100000010100100001110
0011111010100011110001010001111111101011000000100001101010100000
1110100000000101001101110101001000110101101010000000010010111000
1010010010101000001101001101001000101011100000110100000101000111
1011011111011110101111101100101111111010111000110001100110000000
0111000010000010001011101011001011101000001100001011100110110011
0100111110001001000110110101000001110001111001100101011101000001
0101000111101101011010100100110000100101010010000101110110100101
0010111101101101100100101000111001000100100000001010110011010100
