1101101110011010110001111011101101001000101001001110001100101010
1011010001110100000001110001100010010001000100000001000111001001
1111000011111110111011100001001111110010000111100101101000000001
1111111101100000101110110000110100101111101100001100000000111011
1000000111001011011100011011100100010101100110000010100101001011
0010101100100001100101011011010011101001001101100011110111100001
1010011110101100011101100101101101100101000100010101101000101100
1111111000100010100111011101100001011110001101111111000000001111
1000010100000100010000100111000100111111000100100001000001100101
1011100001110111011111100000001001100001011011110101001001000000
0001001011000101001001111010011000101010001010100001110111110111
0010001101101100100011101101000011011001101010011111011011111110
0010100011011111101000011100010111011110011111001100010010010000
0011001001110001101001001111110000100010111000110110001001110000
1010001111011101101110110100010111111010110000111011100101101111
1100100001010111001010110111101000101101010100001101100011010000
0110011010000001101111011011000011100100001010110001011001011000
1000010100000000111001001101110111101110001100010011011100000100
1100100100101000110011011001111011000110100101111000100010000111
1100101000001000001000001110011000101001001100101011000011111110
0100010011000010101011001110001011000011110011111010101001011010
0000110100001001110101111011011101101101010110001100100100000100
1110111101000100011110010001001011110100101010000111100101101111
1000011011100110011111100111101111010001000101000101111110011110
0001100100010111001110010100001010101101110011110111011001000011
1101011100100100111101111001011011111101011000010010001111100011
0011100110100100110000101110001111010001100101100011000100001100
1111111011110010001100111010001011000011100010000001100000101111
1010110110111100000001100111011001101011000101011010100001000011
0110001101001010000001100111010011101101010100001000111110010111
0011001101111100001001010000000011111001111101010000100001110110
0000001000000000100101101101010110110101111000010001001011101110
0010010010101101101010011001101011110011011011000010001101111011
1001011111001101111001101110111010010000100111110110111001110100
1100101001110101000110001111101011000010100000000100010000011010
1011011011011101110011011101001011010100000010000001111111100010
1100001110110110010110010110111101110110111010111101001011011011
1100001100001101001101011001010110011011110101001000111011010100
1001001111011000101000100101010010100010110100111000010111100011
0011110000110001111000101101001100110000100000001001101100011111
0111000100000110011001011011011001010001101100000000001001101100
0011011101111111001010011001101100111110101001111100110111000110
1111010101111000110010100111110101000011010010111111111001100010
0111001101111111000000000111001111010110100101000000000010011100
1001000110011101011100010010010100000101101011010110101010010000
0110111101010100010011010111000010000010000000001001001011000010
1111100011010111110111110101010110000010111011101100010001011100
0011011100010110010010001110111000110100111000111110110000110111
1100010001101000110001111001101011010100111110110110111001100101
1000100000101010100101011100100001000000010000011101010111011001
0100011110110111101100001100011100011011101101010100110110010001
1101100001110101101100001101000000011101011001100000000010100111
0000100010011111110000000111000100110101101100000001100111111011
1101101100111000001000001010100011011100010010011110101011110110
0011111111001010011000101011101100110101100000000000000101010011
0000001001010001011000100110001000100010111011111110110011000001
0110110110001110110010010011000100100000110000011101000111111000
1101110010111011010001110011100000001011001101010001011100100001
1111101110001111111110011110000001000111010010001110010110111111
0011000111010110100011000100101010110000001000110110110001000110
0000000011000011001111011101110110000111100010001101001100010011
0011010100000011011000000001001011000010010011000111000101100110
1010010010011100110101001000100010011000111011100011101011110101
1000000001100111111001011001000100100001011100111111100010011101
1101100110000000100001101010001001001011001010111010110100000101
1111101101011100001111101000110101100111100000010110101001101100
1000101100100011110100000111011010110100010010011110000111100110
0000100010110011001011001000101000111100110001011001101010101111
1010001000000100100100010111110010000000111100110001011101000001
0010100100101001010110111000111011001101110000100000011010000110
0000011010101010011110100000000001101010010100001000011100010010
1111111010011010101110011010010010001111110100011010111110010101
1010100001101101001100001101000111001110010111000101111101000100
0010111010011111100011110000000010110110001010111011110001010000
1100011101100110110011000110011000100011010100011111101011010111
1000010110110011111110011110111111001001010111010000101111100011
1101010001000011001110101110100010001100001011011010001100000011
1001000100101101100100011010001000100110110110010000100010110000
1100101011101100111101000100111000001010110101111000100101001011
0010101100010110110100011101100001010111010010101101000001101011
0110100000001010111110111001110010100001000011010000000010101110
0111100111000110100100110011011011011100111000010100010101110110
1110010110111110101111111111001100010100010111100110001100011011
1010111110100001101111100000000010010001100100001110011011001001
0010111010010100111100000101010110111011100100001000010111010010
0101101000010001001110111010110011111011101110100101111010010011
0111001001110110111100111100100110010111111110101101011100110100
0011010010101001110111011111111001001100101011111101000110101100
1000100101101010011100110011100111111000011101111000101011111101
1010001100100001000000000110010010001100001111111100011111101000
0101000001101000010001111110001011110110100010000001000011001001
0101100101011110100010001010100000100101111100011001101101010011
0110011111100011010001010000111101101101001001000010100010101100
0011010100100100001010010011001011001000111001101010100110101001
0010011111011111010110010001111110001001110101100011011010100101
0010101101010110101100100000100000001101101111001101000100011011
0011100101001011010001000101011110100000101100101100011111000101
0111100110010110101001010000011110111010100000000110011100000011
1110111011111100111011000100100100101000011010110101100100001000
0111000011001000100100111100110101000000010010111011010000001011
0001010000101101000101001000110000101011111100010011010111110001
0111111101111000010110011111110000010110010111111110111101001010
1011000000110010000101000010001110110001000010011100110000111111
0100000111001001101111001110101011011000000010011000001010101011
1110111010101111101011100111010101011001000011110101110111101001
1111111111100111001010100000011101100100000100101011101011001011
0111010000111111111100101001010110000000010011011010100101111100
1101011011111000100011100111100011100010000111100101011100100011
0010111001011011101110111110001110010111000010011010010101010000
1101000110010000001110110001010101101100001001111001100000111100
0101100010101101001111101000100011111010101111001010010100110001
0101001010001111110010101010110010111001010010001010000011000011
1110001101100011010110010001011011000011000111001001110100001001
0001000011011100010010111101101010101010001110101100110001110111
1011000110010000010011110110100001101010111111111010000111101000
0111010000011100011001001001111001100011101000110000000001100001
