1010001100010100010001111010110001110010000010111000100000001010
1110001001001001101000111110101011111000010010001110000001100010
0011100111111010111100100001111001000001001001001110000100101110
1010010011001101011000111001101010110000101011110010010100010111
0101011001011011100011111010001000011001101110000100100110111110
0001100000011101001111100001111110110101010110010011000101111111
0111011111010101000011101000100010001010111101101001111001000111
1000110010101010100111101010001110110111111110001001111001000101
0111101000110100100010010011001000111110010111000011010010001011
0000111010110101001000000101010011001101000111100101101111101110
0110010011011101001101010111111011110100100010010000011001110101
1100001011010001111010100110100111010110101000100110101010000101
1100101000110110001000101100011101011101111011010000100001110011
0011010100100111100000011011001110000011000100110000101011010010
1110001111010011010011100101111110101100010110011010000101010111
0000011111011000010101011110011111110100010101000101111110111111
1011101110110100001110001000011101011110001101001000010000101011
0101110100110000010100100000100101000110101110111011100101000101
1001101100101100010111010001001101011000000111000100001110000010
0110001000111010110011000101111111101110000111111010000011010011
1100101010111101000111010100100010011011101100010100101011110001
1010110010110001001000111100110100001100110111001000100010111000
0100010001100101000000000111111010001100101011001101011000010111
0100111101111101111101010100100000010001010111010010111011101111
0101101110001111100000111011100011001101100100111111111011111110
0110001111010000000110000011111111110101100100101100110011100000
0011101110001111101110001011010111010011000000011001010011011100
0000010010101111110100011110101011011111101000000010101001011100
1100101000011000110010101111010110010010110010010111111000000001
1111001111111000010110100100101101000010010100011101110000011011
0000000001000101111111011100001001111010000000001110000110001100
1011100000000010011010000000011000011110001000000110001101011000
0101100110011011100001100000011010101011000010111101010111010000
1001100100011001010110110000011011010111111110101000111110011010
1001110101110001010001111010010011110011000011011001110101110101
0010100101100110111110100111000111100100110110100001011110111011
1110100000011111110001101110111001000100011100011101010000110010
1010100101011011001001111101011011000111001001110101001111011100
0101110010010100111100100000111101011110110001111101110100100010
0110010111000110101001001100100101101000010111001100000100111100
0010000100101001100100001011100101001010100111010010001011101100
0111011111101111101010111101011110100010110110010100000110001110
1011111010111001000001100100101111011100001000101010010101101101
0011101011110101100000111000001001011010000100100100100011010111
0100101011000100000110010111110011010001010100000010110100100100
0100011100111011011101110001010011010010111111111111111011111001
1010100011011100010011011001100110111010100100110110111011010010
1001011011100000010000011001111000111100010111010100110100011101
1111001110001110100000000111111011111010110111100011001111001010
0111011110011000111000100111100111010000111001000110110010010001
1000100001100100101110011101110011010010000010101000100100111100
0000010001111011100001111110000010000011001010010010100100010000
1000010111001000101001000111011010101001111101000111011111001000
0011110110110010001010001010110111010010110001101001110010111110
0001011100100101100010001001100011100001100110001111000001001011
0101101000101010010110011010110011000110010101010100011011111110
0000000100000010111111110011111010010010100010000100011000010100
1001000010000111100101011010011100101010110100111000010100000101
0000111101000010000001110101111110101100100011111110000010000101
0010101001100101101010101001001001110010000011101101000101011010
1101101111011101000011110000110000110000010011010111111010100101
0101000010110000001000101101101101111100101111000010001011011110
0001111001111100101011000000011111101001110100000110100110000011
1001011100100100100110110110000010010001001010011100000010110100
0111011010000110101101100010010011101011110100011100010001000101
1010110010010110111001010000110010101010011001011100000111101000
0101001111011100101010010000111010011000110110011111111100101110
1011001011011001010001100010010011101111111000101100100111010001
1011010001111111111100010000100010101111010000101001111011011001
0000100111101001111110011101010011111100011011010101111100000111
1110100001000011011001110100010011100010001100111011111100101010
1000010010000010000111011000000011010110101010100110111111110000
0001111001010100001110101110111100101010110111100111111101101001
1111101001110111001010001110001100001010001110010010011111111111
0101010111010001010010110100110000111110011011000010001100100100
1101111111000101001001010000010110001101011111110000111100011000
0100100000111011110000100101011000010000010001100011010100011011
0011000000110101100111000001101001111110110001000101100110001110
1101011110010111111001100001101010101000000000011010010011001111
1001000101001011010011010011101011011010011001001001101111111100
1100111000100010000010111100100001110001010010110011000111111111
1000111101001000111011100011111100111011111111010011011111001100
1011001110100110010010110101110101110101100001010101001010100110
1111111010001011001101000001101011001001100111101111000100001011
1011011100001111000001100111111111011100100001101111100111110110
0100000100010111010101011110110000100110101100111111100110011000
0001000010101111011100000110000111000010000101101111010111101101
1001001101001110110100011011110010000100001001101001110100011101
0010011101110001000001000110100101001010011111110000110010100110
1001001100001101010111110100011110000110100001100011001111011110
0010111010010101011110011110011011110101101010011010100110110010
1000000010000011010110001100000001001000001001010001110101101111
1111110110101000111110001011001010100101111101101011000011001010
1001100010110010011010101010110110001001010110011011010000101110
0101110100100000110110010001000011101010110000011010010011110110
1100100101111011011010111011010000101101110100000011111000000101
0011001100001010000000111101000110111110011111111100110101010111
0010111001011101010111110000010011110100110110101010110011000011
1010001000001100000000001111001100011010001111111010010011110011
0111000110101101100011100101001111000101001000110100100010100100
1010111011001000010110111100000111010010001001011000100111111101
1100000111100011010110100101100100000011010010110101110111110010
