1101110101110010101011000110001101010001101100101110110111010000
1001001110010010100010111110001011010011111111111001100101001000
1100101101000000001000100101011011001100100100101111101110010111
1100101000101011001010110101110011011100000101000111101100000101
1111111001110011101000010110000010001111011001011010011010010111
1011111111000101100110100011101011100100101111111010011011011101
1000111100111001111110100000001011100000011101001110001011111101
0011101101111010011111011000010011000010110000010100001001100111
0010101110110100000011110100001001100010011011100111101000100101
1011110101101011100101001111110010001110101111110100111001110011
1000010011001100100000110010111111010011111001111000001011001001
1011101110001010101110110101111000011011100110010001101010010001
0111000110010000101001110111011011010011100110101100000100100101
1100010011111011100110000111000110100101111111000100010110011000
1111010001000101110010011001000100000001100010010010010100010100
1110101111010100001110100001011001000001100001010100111001000101
1001100101010101101100100011111100011011000001111101011100111011
1000111000111101001000010101000011101011001111110100110111011010
1000110111100000110001101000001100011010011101001110011011111010
1110010000101100110010111110111111000110010101110000001010000111
1101100001110010101110010111000010110000101000001101100010010010
0111011010101011100010100000101011100010001101110100101110111011
1001111001000111011001011111110011111110100010001100100111101001
0110011001011110010101111110111101101011010101111100000000000110
1100000101100001110111101000010110111010111111110111010111110000
1001111110111111100110111110000100000010101010100111101000011000
1111001001110011100101011101110001110101110111011111111101001101
0011110011110010011100000110011111000001010010001110011010111100
0000001111001001000101011011011000010101111000111100011110100100
1000101001010001011110000011010000000000001111010011010011111011
1100010111000001010000100011000111100011010111100001011011011000
0001001110101000011111100100010011101100011010011101101111001010
0110000010011000001111001000101010000011110011011001011111110110
0100101100110011111110111110111111111101101011100010010111011010
0011011101011001011100001011110001110101110010001111101000111010
0100101111001100111111011101011010101111111101011010110000010010
1000100100011110000010011111000110100000010011110100000000111010
1011001111001110111101111111010100111111111001010000001100001100
1100101111110001110011001111111001111111010101011000101001000110
0101011000001101011111100010101101101011000010000000111110111010
1110100011010011011010101001000110000101110111111101011011001111
0000011101010001111111010010001110100001000101101111111000011101
1111000010010110000100010101010100010111000100110110000011001000
0110000100010101111001101000100010000101100111001101001001111011
0111110100010101110111111011111100001000000010110101001110111101
0101001001110010111011110010011110001101110111110100011101101001
1111011101001110111111110000101011101001100000101001100100111100
1011111111010001001000111011101000101010101001111110100110110101
1011001111011010010000000001000111100101011011001001010000010100
1101101011111110100011001000110101100011110000110001111010110000
0000010000101111110111101111101010111110111011110101011111111001
1011001110111111110011001100110110110011010000001110110011000111
1101010010010101100101101110010011110111001110011100100100011111
0010100101011100001111110011010010100110100001110011110000001010
0110010010111000111111001000011000010011011011001001101010111111
0010110110101010101100010001101111011010010111111010110100000100
0000001111101101011001111101100101011011101110110110100110100001
0010010000010100111010101000110000101111001100001110100001101000
0110000101101001111001111111011000100100010101110110101001101100
1001110000110111100101111010011100001110010111010111000010010010
1111100000110110000001111000010001010110001111111101010001110001
1110011101101010001101111111110100010101101101011000001001011101
1001011110100101000001101100101001101010001100111011011011001100
1101101111101010100000110101101110110011111000110110111111101100
0100000111001100010011110011011000010100001101100000011011010111
0111011010110001011010000110111000111110010110100110110101100001
0000110001010100100001001101100001101010101101001101111001100010
1101010110100011101010100110111001110100111111000111101010100100
0010111101101110011000000010000100101000000010100001001101100011
1101011001111101000100110110001010000111010011010001111001011010
0110110110000101000000011100010101111011000101000101101010001101
0010001110010001001000001010110101110100101111011101000001010100
1101000000011000000101101010111100000001000001001001011011100001
0000101000001011111100000001100011001110001001011000000111101011
1101011100011111001111000111000001010101111111111011010101111001
1000100110101001000010011011010110100100100011001100100000111111
1010101101111010101110011000110011011100110000100010101110000100
0001111101110010101011111000000101010100011111100100110111011011
1111101001000001110101001001011101000110010111010110001100000101
1101111110010011101001100100100000001010010010001011011100010011
0000010000100000110000011111010100111111000011101010001011101001
0110110100100000010000111110000011011101110111000011011010111001
1000101110011000101001101010100001000100000110010010010010111111
1110000011001101111010000101010100001011110011111001010010111100
1111010101010111111100101101111110100101100001001101111110111101
0111110010101111010000100011000101011011001100000010101011101010
0011010011010100010110101111001011011111011101011101101010000100
0111001101001010101000100110111101101000100111001010100010110111
1001110011011001101100110000001010111000010111011111110010011010
0101110010101111000110010000100001101111110001101100000010100000
1011100000001100000001000101001000010100111101100010010011000111
0101000110010011000011110000111001110000100101100000000010000100
1000101111000001010100110010110001101000011000001000101010001101
0100000001101010110100011000011110100010101110100010110010100001
1011101100110011111100011101100001001111001000010000001111011110
1101011001010011010101010011011111111010110110001011011000010010
0100101010011101100001011010111100110100010101110001111100011101
0011111101010100001111010100010001011001001110111100101111001111
0101111100111101001111010111111011010100110110100010101111110010
1011011010000011110100000000010100100101000011000101110010011011
1011000110010110101011101010100101011001111111010111000001000111
0111110101000100110010101011010101011011001000110111101010001110
1001101111011100010011011001101010101001001110110010001010000001
0011000001101010101101100101100110010110000110101111011011011101
0000000010011011000011101000011101011110011101011111101000111000
1001101101010001011001001101000100000110110011001100001010010000
0000011101011011000101010111110011000111001101001011001110000000
1001010111110000010001100100010101001100001111100101110000100001
0110000101010100111011010110111011001000001110001001011101101101
1001111000111101001111010100001110101100100000111001010100000010
