1000001100100010010110001101100110011111010001010010100001011010
1001000101011011000101010010011010111101000111110000111011111011
0110100101101101011101111101110110111000001011000101110011010011
0100011101011001101100111011101001101001101011011100101001001011
1010000110111110010101110000100001011110110111001101111100001110
1001101110101101001000111010010101011000000111010111101000100001
1111101111010100101100010011011010111110011111011010100010010010
1010100000011010011101101101001011000110000110001001101011101011
1001100011000100100111110000001010101111101100010111000000110101
0001111111110001000011100000101110000011111000111110111100101010
1001000000101010110010110101101110101110100110000001011100001000
1000100101010000010111000000010000011101100110100101101100010000
1100001110010011010110100111101010001100000111111111110010011010
1010000001111101111010000110010110101000111110111111010111010100
1001000010111101110000010010011100110101111010100100011110101100
1001011010010110111001000010100001111110010101000110010010110001
1001101010100100000010001101101100000011000111000110101010110000
0010100000001101010100100100000110010011011100011100010000100100
1001100101000000011011010000001000111111011001000010101100110111
0101001101100000111000110001011000111001011111110010011000100010
1000011110100011011100010001000011100000111101110011100001100110
0001101010110010111110011001111101001101010100110101101010110001
1010101011010100001010010000011110000100000000001010111001110000
1001001110010101011000110010110010000000101000111000111101010000
1001011000111111101001111101111010010101010001101001111001111011
0011001101100111000110100010001010011001101000001111111110000001
1011010110111011110100100101100000010000011000101010100110110100
0101001000101010001011010001010110011010110100000101110111110101
0100010001101101001111000001100011110101101010101010110001010000
0010011100101111010101010011001001101011001101000100000100101100
1101110011100000010111011010010100101111100010011000001011001000
0111111001010000110000100010000111000000110101011011110100110001
0001111110100101010110110100111110111101000111100010010000000100
1000000111101111111011110000001001101101011101001101101010101000
1100100101010011010011011010001011111110011110010011001100000110
1111011001010100100010110110000010100101111011001001111111000011
0111001111000110011000001001001000101101010011000010100110100010
1101001100010001000101101101010000100110111110111111100110000110
1101101100100000001011110000101001010011111000100011100000111010
1110001100001110100101000010010101100010001001000011001101000001
0110110101110110111110001011101110100011010010001000101100011100
0111111101010001001111000000100111010010001110011100010010001000
1010001000001100001011001011011110110001011101000010010000011111
1100110010110011011100110110000001111010111011010000101110111100
1110110011100010100100111001011000101001011110001111011011110000
