1011110000101111000000100100111100011000001100100100111010011011
0001111101110010011000111101100010001010100101110101011011101101
0101011010011110001101001110110010011100110101010111100011011011
1000011001100001000001001110101100000100000011100100101010010000
1010000011000000100100101010001110000101101111101110000110110111
1111100111110000000010111100111000010111110100110001101100111010
0110111110101111111100010011010000001011001111111101001001101111
0101101000100010001110100111011000100100011000000110101111010011
1110110111011110001110000100010011011101010110010111110110111000
1000100100111100001011100010010110110000101110110011111111001101
1100010000100110011110010000001011111101101100100011000110100000
1100011011111111101001100000101011100001011111000111100001101111
0111100111110000101011001010100000110110111000011100101000111100
1111000001001100110010011010000110100111001000011001111110101011
1100000010110101110000100011000010000100010011101111000001100000
0111101100110010010010100100011010100010100110111100000010100111
1000100111001100010001101110001001101100001101011011000100100101
1000010011011010100000001010001111110010011010001001101001000110
0101001001011001101101010001011111001110001110001010110000110011
0110000101111001111110010101001101101000110011111100101101111100
1100011111000110011010011111001001100001101010011100101100000100
1001011001000110111110001010011011101111001110001101111010001100
1011011000000100100101110110010010000000101100010000000010110000
1000010010100000000000100100101100111010110011011001000101010110
0100101000001000001101000110100101100001011100001110110110101111
1011010101011010100100101011100100011101010111111001000100110101
1101011011001000000100011101001111010100000011001001000000011011
0000100110011111110001110100001000111010000010110001100001101010
0000110001101101011111100010111100101001110011001000000010111111
0110100001010010100000101100101010101110000011011101001110100001
1001011101100101111110001100100101100101010010011111010010000000
1110111111010000001110010110101000011110011101111000000011011010
0100011010010100110101010110001100111110111111110100111001110110
0101011010110101101010000111000110110000110000101000010100011000
0001101000001100011011100111000010110100011010100111101000110001
0010000000101100101000111000001111000101110101010111100001001001
1011001000100100001010001000110011100000011010011110101011101111
0000010101101101011001100010111001110011110110000100101100101011
0010111101111111000011101001111100111101000110001101010001010100
0011010000110111111111101001000110110000011100111111000101011101
1011100101101011100010100101011001101001010001100001001001111111
1110110101100000110110010010111100100011110010010011001001110001
0101101000000001011100111111100111000001100001000000101101011100
0001011111000011001100011010011100000110000101100001010110100111
1101100100110111011001101001110010011100101011101110010010111011
0011010010110000011000001000100010011111011110011100001001100001
1110110000100000001100010100111011110000100110010110010110000000
0000010001011110100110110011111011110110001000100001111010011110
0001111111101110110010011110000010101001000000011011011111000110
1001001010111010010011011010011111001111001110001100101110010111
0010110011000010000100110011001100001001110010010011110011101001
0011011110000100001010101101110011100010111010110001011111000101
1111000100111010011110100011100100011110111001101001011011111110
0001011000100110000100001111111001110011000011111010100101100110
1101101110010101010011101001001011100100000001011100001110010111
1100101100011111110001101110011000000000110111000110100100101110
0001101100010001101111110110000100101011111101111010011110111101
0001011000110011110001100111000010001011011011100010000010100101
0010110101011111000101010100101000110001100101000100001101110101
0101000100010100011000100101111100010100111000000100001101110101
0110011111111100000010101110011110001001011100001101101100011100
1011101011110110011100000000000101110011011011100010010011011010
0110001011000101001001110110101001110111011100111101110111100001
0001111010001001011000110101110110001000111000110000100110111011
1011101101011001101111001110000111100000111100001110001110001000
0110011101000000100100100110111000111111011100111101111101000010
0111011110101101000010001100111001111001011000000110001000010100
0110110111001111000001110111011010111111101010110000001101011000
0001001010000000001110010111010010101001101000011011110111000001
0011100100000000111101111110001001011110010011110001110101111001
1101110111101000001011101110010100110000001010110011010000010100
1010010111010010000011011011011011100001100101100001010111101001
1101110110100101101000100110101101101100111011010000110000001111
1110000111111101110001110110110100111000010000111000111001001010
0000101010011111011011110101000011101011000011101000101101000100
0110000000100010111100011001011011100110111001101010111000111110
1100001000100111010110011010111000000011010100101111100100010001
1100110011010111110101010000101001101000010101110010101101011111
