0110110100110000101100100001000100001110100111011010011111110011
0111011100011110110000100111000000110010101100101011000011111010
1100011101010011101100111111111111011000010111001100100011010000
0011111100111100110101010110110000101000111011100110110100100111
1111001111010011100101000101100110101100010010000111110101011000
0111111010001100010010011110011100111010001110110000100111100001
0100110110100001100111010011001010001111100001000011001010011000
1101000010001100000010111101010011111111110110110001000011011111
1111011001100001000011011101111110111000100101010000001101011000
1111000111001000110011101011000101001101001111110110010011110111
1011100010111001010101010011110101010010100000100111100010011001
1101010011010001101001110101111101000110011101101001001000110111
1010010011010110100011100011110110000100100010010011010011010010
0110010111011010000001101000111011000101100101011111100010011101
1001111101100100101100101100110011000110010111001010010101100011
1001111110010101000000011000110101001000010000000110001000111001
1110001110000101111100000010001011010100001000111101000110111000
0000101010101011101010001000110111000100000010100011100101100000
0111110010111110111010100111111111100011001001011101010001101110
1111011111010111100111011011000011100000001100111010010011011111
1101101000111111110000111110111111011011000101100000101000101011
1101110011110001001001111011111111000101110000001111100111000100
1000010011100010011111111110100011110001100100001010110000100111
1011100110000101111111100111111101100000000000110100001100111110
1001100010110111101010101110100111000000110110110001011000111011
0100000010010011110011110010100101010111001010100101011000101101
0011100110010100011110110010111100100100110101111101101001100011
1000110001110100010101101000010100001010011011010000110111011111
1110101000111111011010000110000011110010110110001011100011011001
0001101111110110000000101000110010001000001000110100101000110011
1110011110110010000101011111011010100101010100011111101111100101
1100011011101000101010001101110111001011100000110110000001111110
0110110111010010000101101010000100100100111011101001100110010101
0111000111000011000101001011101000100001010011100000100100011010
0000111100100110100011011010010010100000011001110101110011011110
1100001110001100000000110010111011111001111111010010010011011101
0000011000110111010000100100011101111001001101010011000101001110
1100011110100011101001001010110010101101011100011010111010101100
0111101101010001110110100111100111101100100101100001000100110000
0101101100111101101101011011110101000111110010010000100000100111
1110010101111000010000111101001000101010001111110001100101111101
1010010100101010111011111100011111110001000100110011000111110001
0100000111101111001100100111100111101000000000111100110001100011
0101111100111001101011111101001110010111010111101001100100111011
1001011011000111101110000101111100110010111110110011100101110111
1010110011011011110100110110011110101011110001100110101111100000
1011101000000110001010111101011111001010001101100110111100010101
1010010011110101011010000101000111100010111011110000111111011111
0101111111111010110000110111101000011010110110111100001011100110
0110001101101011010111101110101110100101111001010010011100111011
1110001011100000110100101001001011010011000110101011000101110011
0011100010110000010101100011001111100010111001111010011110111001
0110000010000000110011001010010110110110001011011101010100110001
0101011110010110111010100000100000110001000101011011000011100100
0001111111011000101100110110001001110100101110011011100110001100
1000110010001000110001000010001011100010111110000110001010011011
1101101110100110001011110010001100101111100011010101011111111100
1100010011000011011011010000001011111111000101011010110011010010
0000010111011010011000010010000101000111001110000101100100101111
1101101001110100001000101010001101100001000000001101110010001010
0101110100100100100010010011001100111010010100000111001100000000
0011000001111000000001100101001111010010111010100011001010010111
0101011001101110101101100100110000101011000100101000010110101011
1010100001100001010001110110000101111000110111100111100110110011
1011100101111001110001001011011000111010001101000010100011101010
0100001100111011111010010101101100101111000100110000111111111000
0011010111011100010101100111001010010000011111101110010011100001
0111100101010001001011101011111001000111101011100111011000001110
1100010000010001000011110110010011101000011011110000101010111001
1101101100111110001001110110100010010110010111011101001110000010
1010000111000111011010100110110011011000000010011111100000110011
0000000110010000010011101110001011111010011010000011110010110101
1110110010001000111011111110011011000100110100101010111010101001
0001110000010011011001010011010100000010101111101101111101110000
0110000111010001110110001011110101000010110101000011010100010110
0111110110001000110111110110110111111111111000101000110101111101
0011111001001101010001101111000011011101110010101110000011110000
1010000110010100011000011111101001000111000011001100001011010101
0011011010010100111110111110100011001000011111110101110100101101
0110111000100000110111101101010000111110001101011111101101100101
1010010010100100001011100101010101011000111111001111010011010001
0001101000010001011101001100101100101000001111010100100101100000
1001110100100001110010110111011001111110110100001110110110010010
0110111100010011001111001000000110101001000011000000000111011000
1010110111011000101101111110011110010100011001000101100101011100
0010001010010000111001001000110011100010011100111010111101111010
0100001110101000100000010101100000000000101011111010101111010001
1011010111011001001000010001101000010000011000101101100000110001
1111110000000001101010111110011011110010111101100011001101111111
0100010001111001111101111000100100001011011100010100111111011101
1000100001101011111111110011101011101101110101001101101111101111
1100010010100111100011010111110100011010111001101101101100011011
1010000101101001001001110010111101011011001111111001001000011101
0001011011010100111000110011001011100101101100011010100010010100
0000100110100110100111101110101100000100011110011001011001100010
1110100011001001011100000010000111010111111000011010111100010010
0011110110001110110100000110110010111100011000111101100101110111
0111101010001101001001111100011011011011100011100011000000101010
0100000010110110010111110001101010100001111100110100101110111100
1010111001110111010011100110111111100111001110010010101001111000
0100010111000101110100110101101110110010110101100011001001011110
1010110101100101111100100101001101001010001011000110001000111011
1010101001110010110111111100010011101010000011000011011101100110
1110011101010110110000001110110100110110001000110001110010010111
0100110000010100001111101110010100110011110001001000111011010101
1110111001001000111000010111101100010001010110101110010100101100
1111001011111000101101110110110001010100100100110001111111000001
1111111010100011100111100101101010011010011111011111001000001101
1110111110000111101001011001010001001111111111111001001010000111
1111101100011001001001001000010011001111010101001001010101000111
0100011101011001011011110100001100001101000101110100111000011000
0010000000101001100100100111100101011110000101011111011110011111
0100011011011010110011011111010101000001110010000011000110100100
1101010011111010110111100100111111101000111100001101111101010000
