1001110001111101111101111101101111010001000111010101001111000111
1000100000101111011011000000001100010000101001110101010000101000
1000101101100110011111100010001000110000101100101111110001111001
0000001001010011111100011101001101110001001010110101001111110000
0111111110011010010111110011101101011100010100011111100111001000
1110110001101000001011000101100111010100000110010110011110101011
0000010010100010001001010100100110111101100111011101000111001110
1110000000101101010100111111110010010010111100111000111111100001
0110110111100101010011001001001010000101010011111100011101111101
1100000001111001001011100110101110011111000100111110100011110110
1011001011000010011110010001111010101101101110110000111010110101
1011100110011001111001111011101100010111110010100110011110110011
1000100001110001100101100110001011101011000111001110110111000111
0100100000111100101011101010001001011100101100111011000010001101
0011111010010000110001011001100011010100010101110001110110110001
0110110000010000001110001001011110001111111010101111111001111001
0001001011011110111111110110001010100110001110110101010011110100
0100011011100010000010101000011001101110011111111101100110001100
0010001101100110110100010100001001110110000101001001110010110001
1001001101110011010100000101011010010010110110010001110000001000
1001010000101110111100110110100011011011001101011010111011000100
0111100010000110010010111110011001101110010101001011011011001011
1010000110010001000101110010100111011010110111011101100101110011
1010111001101111000011100110100111110110011110100110001100101011
0000111001110111001010100110111100100110101110111011000011110100
1000000111000101011111000110111100000000111010111000001001011000
0011101011101010000111101100100001110101000100100110100101000111
1001111100100010010101111000110011111001011000011101100000101010
0011001111000010110100011001011100100000101100000010011110001000
1001100100101100111111111010111000110010000001000000101011111101
0101110001011010011010011001000111011101001010010010110101001011
0101111011010111111000111001000000010101011010011010011011111101
0111011101011110100001100111111100111110011010110011100011101101
0110010111100011101111000011011000011001100010011101110110100000
0100000100001001010011111010011101100000111111100101101011110011
0101010100001101010101110011001011000100010110011001100010001111
1011111000101110011010101110010000001110001111001110100101011010
0100000000011111101011010001110000010110010100101100110110101001
0010100110011011111000110010100000000000101110000000001011010011
1100010001101000001001111011110011100011101000100001000001000001
1111001111000000101010001001000111100010101011001001111111001111
0111000000101111010100000010001000011100011001000001011011101010
1110100110110111110001110000010100111000000010001111010111110100
0011100001110010110111110100001001111001011011010000101110101001
0010111011111010010111100011000000001110100011111001100111110001
1110011101001011000111011110000110110010000000010110001100110110
1101100110011110110001101010100101100111100000010111000110000110
0101000101011010101001011010011010001110000101101000000111011110
1010000100101001111100100001001001100110101000110110011010100000
0100110010101111101000110000101010110000111000110011110101010010
1010100010000010100110101101011101111000011101010011100111111101
0101101101110111110010110001000110010000101010000011011100010111
0011000001001010000010010011110010001001100111100011100011011011
0110001000101110110001010110101001010001100101010110001100100000
0110001111111101001001110101110111001011000111100101100111010111
0010011010010011011101000101000011010110001110001010011011110111
1110000011101001100111000001010111011011000111000110100011101101
0000010111010101011001010010000100000010100101110011101111101010
0000011100001111000010001100000001000101010101001000100001101011
1000001001010101000110101011111011111111101100001010001000001011
0001101111011111010111010111000101001101000100011111101011001000
0000100000110101100001101011100011101011010101111101010100000001
0011101110101111001101000101011011101111000011100011101100101110
0110101000001101010110010011101000100101100100111111010001110010
0101110001110100110101111101000100110000101011111110000001111000
0100100000100001110100011001100011011100100100101110110001100111
0001111100010111010111110101011101110010101000001010010110100000
0101110001101011111111001011110100100101001111000110110000100000
1101110011110011001011010100100110010101001001100001111110001101
0000000001110001000111011000101000011111111000101101111000010010
1110011101010101111001001011011011111110111010111011110110011000
0101001110001011000100011100111111100100011100001110000000110000
1010110110010000100100100001000111000010001101011000000111010001
0011011111000111111010101101101110010000111001101000111011010010
1000010001001101110000001011100011111010100001110000110000011101
0010011100011011000100010100011010000100111011000001101111011000
0110100111000010001110010011100101000000010010101111011111110110
1111110001010110000101110000000100011011011001000010011101111001
1111001110001010011000110101111011111010110011000100010010110101
1111000011011001000001001100001110110101111110111101111000100011
0101001100010011010000011001100010100101001001100001011011111000
1101000100110100010111000100011110000110111110010100000111100011
0100100001100110010011000100000001111100010100001100110100101010
1111001100100010111000111101010110100101000011100000011111101000
0110010101011110110100100101101100010100111100001010001110001100
1010011101010010100000100000001100010111101100001011110111111110
1001010000001100101001101100110000110111011001101011111000111111
0111000000101110000110100100100111001000101001110000010000100000
0000101110110100100010000001101111111100010101011110101110111110
0110111100111011101010110010110110110101110110001111110000101000
1111011000011000101111010010100011100100001001011101010000000001
0111110100000101010110010010110100111100111101000001000111101110
0001101001111011100111111011100011000110100110101110010100000111
1110100000010110010001111010101001000110111101011111111111010100
0000000100110010101000000001111111100100011111001011111001000000
0011011000000101011000101010000010001111110101011110101111110010
0001100011101010101110001000011111111000110001001000000011101101
0101100001100101110010010100101101000001111010110101111110101101
0110100110110101100110101010001010100110100100010110011010111011
0011111110110100011000110010010110101110110111100101011000101001
1011011101111001100111000001100000101000010000011011111011101110
0000111100111110011001111001001010111011111010001111000100011110
0110101111100101100100101110000010100111000111000000001111010101
1101010101101000010100000001001000000110101100111101100111010001
1101010010100011011011101100001100000111110011011111000110110011
0110001111101100100110010111010010000011101101100000010100001000
1101010000110001000101100001001001011000001010110010111011111000
1010011100010001011011101111001111000001111111110101011001111111
1010000001011010100100110111011011100110110001110110100110010100
1000011110010101001100100011100110101010101011100000101011100110
1110010111100001010011011111111101101000011100011111100010011111
1111101001011100000000000010000000010001000011000110110110110001
1010100000001010001101001001010101100100110000110011101011110000
1100001110010001100101101110011110111010100111001001000110111100
0011010101110111101001010100100110100001100001001110011001101111
0010100110111100000111010110011101001111111011001011000101100010
0011110101010011101010001111000011110110101111001111111010101100
0001111000010110101101101000101101101010000010100111011111001001
0111110001011011100111111001011111100100001001111010001110001011
1101000100100000010000011110110101011111101110100101001010101110
1101100101101100101011011000101110001011111000011100000011011011
1001111011011111010011111110000001001101001101101111100011101101
0011101100010000010101010110110110110111100001001001100110101110
0010010111111101100111001110100010110110100100111111011001110101
0010111010111111100110111110100100011010111000110011001110101010
0110010111011111100010001010101011001000100011111000100100011101
0010100101011110000000111111111101110111111010101011000001001111
0010111110010111001111001110111100101111111010001100110010010111
1011101011110000111101010000110000111010010111110011011001011000
0010100110110100100100101001110001100110101001010100010001111100
0110001010110000010110011101100001110111110100000110000001110010
0111001011101111011101010100111110100101001111100100110111000101
0110100101001000010101100010111001110101010011010011100101001001
1011100100110101100101100000110110011100000100110010110110101010
