0001011110100101000101010101011010101101101101010100101101000111
0001001100110101111011011011101111101110011101110101111011111001
0000010010010001100100100011000010000111001110110010010100110110
1111110110110010000111111101101010100001010000011111100110101110
0001001100111001100100001100110111111100010110011011010111000000
0011110100010101010001010101010001000100101000000110111100110010
0111011011101000110101100001010001101010111010111110111110100000
0100101011101111000000100100110000000101101011100110110100110001
0111001101111000100100111111010000111010100011111011101000000110
1011000100010110001001100101101011110001001001001111110000110111
1110000110000001110001001110110111111011011101010011100001001010
1100000010000111101111101011001000000101001001101101100000000111
1011100000001010110111000111011000110101000100011110100110110101
0111011011101011111100001100000110000110000010101000000111001101
1001100100001111110111110111110110100100110000110101010001111110
0000110010101110100110000100101101011010101111110110000011101010
0110100011110101111100111010100011110111010110000010111111011011
0010011010101101101110001001111000100111010000010101000101011010
0101100010100111010110110010111100100111010001011110100001111101
0100001010110111100011001110101111110010110001100111011011001100
1101000011110010000110101010101011101010000110101100011100001100
0101000001010000111110100111001001101010001110000101011001111001
1101000110001110001000010000001001011000010010101101010010101001
1100111001101100010010011110000000111011010011111111000000001011
0011101110100100110010011010011100011001110111010110110011001000
0000110000111010010000111110101111011000100111101111000110111100
0111111100111101101101101111000011110101010111010000101101011000
1110110001101000111100101010001101101101011111101001111010100000
0010000111011110011101001100100010000101000001110111100010011101
0111001000011010010100101111010101011000000111001110010111011010
0101011010001000110110000100110001111011000010000010011101101001
1010101100011010101010110111001000000110000100001001110000001100
0110011101101011100111011011111010010111100100111111000100101010
1001001101001110100001110001000000000101111111101111010111100001
0010100100011101110100000001001100101000111011011111110011000011
0001010011111101110101100101010111100100001011100001100101110110
0001100011100011110101010000001010000001010101001100101000100100
1110000110010010001010010110101111100101010110010011111111001010
1110011100111111101000010011111011001010011001100110001111000001
1111101110111100010110010101000100100100111011110000100100110011
0110001110010010110100000111000101011101110001011011000101110110
0001101001110110101000110111100011111010100101011111101100101101
1001110100100110111100111111010111001101011000110001100111010110
0010101100000010110111111011110110110111000101110000100010010111
0110111001000010111011111101011011110000100111100111101101011100
0111010110010001100001001001100001100010100101010110101011000011
0001101100011001101000111001001101101110100101100000011101110011
0110000111011000011101011011100101011110101101100110111111100001
0101010010001111110101010110011000011010010111111110100001111000
0000001010001010101111100010001101111010111101011011111100011110
1101010100010100100111001001001101101001101011110000101111100011
0011101110011101100100010001111001111011010001000011000010001110
1000110001000000001101110001000110011001001011100110011100000100
0110111001011001010110110111101011000010001111001101011110100011
1010110111110111010100101011111001000010001001110011010010011011
1100101001011101011010011010010010100001101101110101010010100000
0001110010010001011101000010111100010010001001000110010000010101
0011110000110001011000100000000001010000100101001100000010010111
0001010110110110001001101101111100000001111100001110101000000011
0100110101001101010001001110110110000100011110101000110000000110
1101000111010001100001111101110001000101100011001101111110011001
0110011000000011100110110111110010110010001111111111111100011010
0100111100000100000111110000101101000111000010000100110011101001
0010110001001011111000000011010100111100011110101000100000001000
0011111111111000000110100010110100001100000111001010110010011000
0011000110011110000011100111001100001011100001111100000010100110
1111011110001000010001100011101011000010100001010000000110110110
1010000100000011100010110101101001000000011110010111100110000100
1011011011110110000100010100111010000111100000100101110010000110
0000001100010000111100100011000100101010100001010101011001000110
1011100011010010100100001000000000110100101011101010010010110101
1100100111101010001110100001111000001110100001100011101111110011
1010111111110011101110000011010111111100110000111111011011100101
0001000001100111010101101000011111010011100100000010110000100001
0011000010100000000001010101010011100011110011111111000100000100
0011010001100100100111110101000100010111011110110100001101100101
0001110011111111111111100101001001011111100101000011110011011011
1000111101110001010100110011111110100111011011000110100011110101
0010000101110111111110111100111100000010111101111110101011011011
1101010011010100100000100000101001110011100011100111001001011011
0000011110001011111101011111111000101111111100001100101101001101
1011011000111000100001110001010111001111010110101100110000101101
0010100010001010111110111110111011100010010100011010111110001110
1100001111101100100100001000110110010101111000000010000011011100
1101011101001101001010010101001011111001100001110011011000111011
0011010101111101110010100000010001010101111011011000101101101010
1110101000010000110100101110010110110101110011010011111001010110
1100011001010000110000111110111110101101111110110100000110000010
1010000000101001010000001111100010011111010011101111001001010010
0101010110001101111111001101111001011011100100011011111001010111
0101110110010010101010000100011101001000000111101000010011100011
1110001101011110010111000111011000000110111110101111111000001001
0011011011100010000110100111011111001000101111011101110110011110
