0101111001100111110010011000101000000101110001011010011111010110
0100001110111011010110111001000111010100010110111010111001111100
0111000101100001110011011101111110100100011101001110100000001111
1000111011001010011110000101111011011001111001011001101110010110
0010110000011100001001001110001001001010001010110101010100101111
1000010010011001000000000010010011110111111101110111100111011011
0100010111101111011110001110101111111000100000101010010111101000
1110110010110001001111100011010011101100110000011111000000000110
1000100101001111110010100110110000000011100101000110101010110001
0111100010111111110001111100111110011111101001111011000111111011
0101011011000001001110001101011000101111111101010001100100000101
0111111101001101011110100100001010001111110100010010010101010101
0101110100001011110101000100010111101111001100010001010100010011
1001100100000011100010110000010010110010010111011000110011111100
1101101011100000111110010101111001101011011010111110011001001001
0110000010001101110010010101110000101110010101010101101000010001
1010001000100110010110100001111100100000110110010001101011101100
1010010001111010011101011000011100100011000010100110010000101100
0010010011001100001001001001111011000111011110010010110101000000
1011000101110101001001000001011010100111000010110010010100000110
1101000101101101111001001011100111101101111001111001110111010010
1111011110011001110000010111001100100110010101000011110100001110
1011111101100011111000010111001001001101011010001011001000010110
0100010001111010000101101001101011000110111000000110101000101010
0010110010101101000101110101100101110001000101010011101110000100
0010011010111000001101100011111111100100010111111111011011101001
1000000110011111110111110100100111110010101100101100000010111010
0000110111011010001011011011100011001001101100000101010100000001
0000111010101111010011111000111011100000101110010011110000011011
1111100001100000000101000101101100111111000000001101000101101010
1110111101100010000111001110011001100101011010101101101011111010
0000100101010011110100011001110111100100010111110001100111111010
1010010011000100010000110011110101101111100010000010001000110100
0100000010110110110110011110011000111110100000110101101101110101
1101101011011011101101110010110110000110110110001100111011011101
0100010010011101111001010000010101011101101111110111010100010110
1010011101010101011111010111000111010110010000000011010000101111
1100110011101111010010011001001110000011100010001111000110001011
0110010000011111101100011111000011010011101001100111111001100010
0100010011100011000001011010111111011011001010100000010010111100
0100100011101001111001000110110010111001010001010111111010101001
0000011101001110011011110100101010101000110100110110000101010001
1010011000100000011110111001111000100101101111010010101000111011
0011100100111010001111011111011110111100011000101001000000100000
1101100011011100111011001011110111100001001111110011001000110010
0011001111110001101111001010101010010000010010001100101000100101
1011101110010011010101101110100010010111101011101100111011111010
0110100110100010001011000101100110110001010110100000001001100100
1010110000010111000101100101100100001111001101010101000001101100
0100001101110110001011011010011110010011001010111110011010000100
1001011100111010010010001111101100110001000001111100111010101111
1111110110010101000001100001011011010010011000100100110101011001
0001111010011101110101110100101100011111101001111001110111110001
1001110011100100010001101011000101000011110101001101101111001011
0010011100100111100110010011110001100101100011001100111010000001
0000010000101000110001010100111101001111011011110111010000111111
0100100111010000110100001000100101011110101101101111110010100101
1100010001111101011101010000001111110110011110100100101111101101
0011001010110010110101100001011001110000011000011011000101101011
1100101101010001100011100001000001010110100010111101110111010000
0010011010111101110010100001110011110111011011100100010110110000
0101101010111010011101111010001101011010010000011100110101011000
0100001011100011001000111000111111001001101100110100001100100000
1011010101011011111001110111010000010100111010100100101100100011
0100001001001000111011111110000110110100000101000010011010110000
1001001110001000101001100110011010111101101000101111001011010110
0111010000001000101101101101000100000000000110011100111010101111
1110000101000110001101101001011101011101010001000111100100111111
0101001100110000110001001001101100000001101101011100111110111111
0001011011010100110001111110111001101011110101101010010101001100
0100000000111001010000010001100000100010110010011110111110001001
0010000101111001011010010100001000000100000110000011011110010001
1110111100101101001001111010010101100011101110001100001011001101
1010101100001100001001010010100000100100001001011011011001111011
0000100001011110100000100100000101000011001001100010100101011011
1011010000000100111110110011001100100001001101100001000000111101
1101011111110000000111001000110001000100111000110011011111010011
0101101110000100011111100100101001110101110001100101010011001110
0010100001001011011111001010110101001001100111111110001100101101
0101100011000001101100101001100001011000110010011000011010011110
0110000000001101000111100100000000011000000101011010111010011001
0110001101110111000001010010011000011001000111000101010010101001
0100010111001010001111000101001001011110100110111100010111110001
1001111100101011010011100101011101100100101000100110010000111001
1010001011110111010100001100010111110001110000000100111000000010
0111101101010111001000110100111111110001001100011111110101101011
0011011100011001101110101110100100101000100111110000000000100010
0000100011010010101010110100010001010011111010110001100010000100
0000110010011101101000110101000000101101000100101001000110101101
0110010110111110011100000011100110101101110001111001010111010011
0010101001000011100110010010100101100100010001000111101110011101
0001000100110000001101010100011000111010101111110011000100100111
1111000001101000110110101000100010110110001111101100100001000011
1000010011101100001111101011001100001001110000110110011110000001
0011100001011110111100000111011110101001001110110100011110110001
0101010011100110011000011011110011111110111111100000011001111101
0000000100010101011000010001111011010011100001110000000111000100
0100001000101111111110011100101011010001111010110010011010010001
0101000010010011000001100000011101011101010111011001100000001000
0101101111001101001101100110101000011110000000110001110000101011
1101011001110110101100010000110010101010001000110011100111100110
0010000110001110010001101110110111111010101011001001111001000000
1011000010111111001111111111101100100000100100001111011001010011
0000010111111000000001010110110000000111010101100101111110100101
1010110000011110010101110001110110100101001100111101000010011100
0011011100011100011111111111111110010110101110010101001111110010
1001001000110000111101110001001101000101110101100100100101101110
1110000110110011111010001110000101101010111011111111000010001001
0001011010110101101000110000011110011011000110111010110100011001
1001011010010110101110010101101001111010010110001101001101011110
1010101011111101000111100101001010001111100101010001101010111101
1101111111100101101111010010111011000100110001011110111110000001
0111100001101000000000110011100111010010000110110111011100100010
0000111110110000001101100110110100001100010100110100011100000110
1001011100001110100101001111010110001001001110000100110100110100
1000100111100000101100000010101010000101011101110100110100011000
0010001011001100100110000101100100000000001111111100000001001001
0011010010001011000100011011010110010111101101000110100011000111
0001111010110101111111001011011000111010100001101101101010101001
0110010000110100000001100110100010110010010100011101100110111100
0111111011000100010101110001100101010000101000111111010000010100
1011010111000100110101011010000101110010101101110011111111101110
0110000110101010111111101010101110110101010100011001000010110100
1101010110011110111011001000111001111011110111100111010101011010
0110010011001001101111111100110011001111100100111010010001000011
0101101100111110000101000001111010000000010011011001111111111001
1111100001001110001100000100001111010101000000100010001001101000
1000001110110010110110011111000110010101101101100000001110000111
0110011010011010100100001011100101100001000110011001010110110010
0111100110100001010101001011000100100111000011001001110100111011
1010000000111010001110100000111111010010011000110101001000011110
0110011111101000000011111001001110001010110001011000110111110101
0001110100000111101010000010101010111010010011011010100011100100
1010111110111010101001100101000010010101001101010101101001001010
1100101001010010010101010010111100000001011101110101111011010101
0111111101110000101111001100010011010101000111010110011111100100
1001000111001010000100011000001110010010001101111010101010101101
1011011001011001000101010000100011010100111101101101110011111010
1110101100101011000100010100100000011001100001000111100000000111
0110001010110100110100010101101000011000011011000010011101010110
0010100001111110010011001000001100111001110110011011111000110000
1011101001001101000000100000010101110010011010111000110100110011
1001110100111001100101000110111100110111010101010011001000100110
0000101001000111100101010000101110110111111100010010010100011010
1100010010011011010111000010110000100000111111000110100100100000
0100111110101011001111111011011001101011011001010010011010001010
1000011011010011001111110110111101011001110010001000010001011100
1010010110010100111001010010000110110100100101110111100110001111
