0101101001010010011110100101101101001110110100010111110100001101
0111101010011100011000010111110001101111111110110001110011110011
0010000010010101100011111010100111010110101101010010100101011111
0111001111010000011110000100010100010011011011001101010110100110
0001110111001101000101111010011011111111001000110011110101000110
1011010000010000111111110001010111101111100000110110011000100100
0101110100101001000110110010101001101000010100001100110111000001
0010001001011011000000100101111000110101101110000101100000010111
0010000101000011010101111011100101001010101001100111011011110100
0011011000110110000110011010110011100101110111010111001011010110
1011100100111011110110111101010000110010111111001000110110001110
0010110110001100011110000111101100100100101111111111110011000001
1010011011000110000011001000101001111001010011010011000111001101
0000101101000001100101110100101011111001000001110100101001100011
1010100100001000010010101000011000100000001101010000000111101001
1100010111010100011111001101101111110001011000011001110100010001
0100011101000110011010001010001000101111010111111110101011111110
0010001101011101100111100010110110011000110111011111010000101111
1011111100001101011110101111100001001100110000001000111010011100
1100010001110111111001000100010011101111110110100100000011110000
1100110010001010000111010011101001111100111101111011101001001000
1011101100001100010100001010010001000100111111101110010100101100
0000011011111010101100110101101111001011000100011010000010010101
0000000100100011110101110010111001101111010010101110100100001000
0101000000100111101010100100011110010110100101011011011011110011
1000010110010111111100011011000110101101110111000100110111111111
0111110100001110000010000011100011010101101110100100111101000101
1100001011001001011001100001111100001111111100101100011111011011
0010000100010100101101100111010101110000111000010011100101101001
1101101001010011101011110010100011000010011000100010011101110100
1010100000110101000000110010000011010000101011001110110001110011
1100011000100010000010010111101000101011110010100011100001001111
1011111110101111011001110100011010110000101101011101001101010011
1100100111111011000001000110101000100110010111100001001011101110
1010101001010010101000010010101000011000111001001100000111101000
0100000001111001111110100010000000110000011111011111000101111001
1100001001010001111111000101011010001011101111111001000110101111
1011000100010100000110110111111111011010101011101011011001111011
0000000011000100101011011000111110101110001100011111100110111011
0111101110110100010101111011100000011010010111111100101110001011
0101101010000100010100001110000010000000111110111010010111101110
1010100011100101011101010010101000011000001110001011000011011111
1011010001010110111111010110001000111000101100100000011010001101
1010000110010010100010011011100100110000000101110011110011011100
1110101011100110010001001001101000010100101101001011011011100100
0111000100100011101010001010100100010001011000000101100000100001
0000111000111101100010110101111001001000101010100010100011110001
0110010011100000011111001111110000011001011000011000010110101110
1000011100010011101111100110011001101101010101111111000110010111
1001011010101100011100110001011010000111000011010011000101100010
1101111001001110101110000100011010110011010001000111010110011001
0100001110011101011101010010101000010011100110111010001010011000
1010111001000011100100111111010011111101011101001000110001101000
0101111100101010000101011000010100011101100011101111110101001101
1110100001001100001111100001001111111011100111010110101011100101
0000000000011001001111100010101000100111100100010010110010101011
0111111011100111111010011101110101110101001101000111011100000010
1011111001000100001110110111000110111000001001110101111010110001
1000011110000001110101111111001110101110100101111000110000011011
0101101100111101011011111100010010110111010101000111100011001000
0011000011001011101111000011000111101111100011110111110100111001
1111100110001111100001111011010001111100001001001010011100101100
0110001101000001001101100011111010000010001001001101000110110001
1011010001001100010001000111101100001111110010100011000011010010
0100000111111000011011010000001001011001001000101010000100000100
0001101110100101101011101010101110100010000100101101010101111100
0101101010011111000000001111101110011011111110100011000010100101
1101111010110001011011011011001111011000100001100010110010100010
1011001011101110011110001101110011000101101100110000011000110010
0101010010010011010110010110001111111111000011111001011001100000
1111111111010110100100001010010101110110011111101000111010110110
1111110110011111101111011011010001100011010011111111011100010101
0010010010100010011010000001001101011011001011011010001100111100
0001100000110001100101001100001111000001111110000001100000101001
0010010110001001100000111001000101011111100111101011010100000101
0111010011100001010001100110010111000101010111001000100100011100
0110000101110111110000010001110010110000000101111001011010011101
0010010101111101110001110111101111100000111101101101000010110000
0010001111001000100101011101110001011010100110110000100110100101
1111010100000000000000010110011101111011111101000111001000011010
1001011101010011001110011110111010100010101111111111101000110011
0110001101001111110011110101010101110010110100100011011110110001
1110110111100101100100111100010001101000101111010101101101101101
0001010101010011010110100011011010001001100101110010100111000111
1110011100010110000100011001101000100100001010001110011101101110
1000101101000101010100001011111000100000000100101100110100111111
1110000101111000010100100011000010110000001000000110100110000110
1101001010010001000010110111110011100110100000011010010010100101
0001010001010011011010001000100011000011001110101111100110110111
1111001101000110111000101101111010011100100100000001011111000110
0001010100010000000000001110100101111000111110011010100100110010
0001101110101100000010001000100000011111000010100001100010101110
0010011010101011111001111000101011101111101100000011100100111100
0011000111110100100110111001000110101111110101000011101110011000
1110101110001001011010100101011011111011100110101001101010010010
1000100101010001010100000000001000010100011000100110000000011100
0000010100001000010010011011111000101110110001011011100010001010
1100011000111001001000100011110110011110101011000011011010011001
1100001001110010001101110100111000000011000111000111111100111111
0101011110001000010001111101011111101010101111101111100110000100
1100001100100001010111111010010010001010101110011101110100000110
1101101011010100101010100111101010101011110111000101000000110100
0001001001010110101010101001000111110011111001100110111111100100
0110011101001001000000000110110001111000000001100110100011001100
0100111101110011111011101000111000110110111011001001000011111110
0101111010110100000110110101000110010110110011000010110011011110
0111101011111000100110001101101110011101110010110011011101100010
1110101001111001001010010011010000001101011110100111110001111101
1011001001000010001001100011101000100001100010101001011000001101
1100011000010001001000110111111111000010100001111100010100111100
0010010110011000110000001111011001101111111010011010000010001010
1101010010111101111010011001010100010001000000000001101111111010
0100100100001011100101000011100111100111001000010010111000111001
1001100101111000111101111111010100101000010001010111100111111000
0100101110111111011001001011100010101101010111001011010100001011
0010011011011111100101110000011101110101111011100000011001100100
1001100011010000111011110001110010001000100001011001100011000010
0101110010110000111011101110010010101011011100010011100010100101
1001011111001101001011001001011010100101111110111100110100000001
1101111101010010000001110000101011111110100001011110010101001011
0000001101110110101010000011101000101101011011100110101001101010
1000111110100010100111000111001011010110010100101011100001011110
1011010000101001111010001100011110111000011110110111110010101011
1000001111011101010101100111110001001100100010000111000001111011
1011000110001010011100110001111111100110010110001110011100100001
0000110101010011001001110011101000001111000000000001100111001000
0110111001000101111101010010010110101010100111110011001101010110
0111110001111010001011100100001101001100010111110011000111111011
1110010000110010001011101011001101100000111001000100101011000000
0100001101101101000011000000110110000001011011011001111110011000
0010110110011100100101001111101010100110010000000000110100010001
