1111110111100100100101001100000011011001101010110111111100010000
0011000100110011110100110100101110000000001001000111110001001011
1100101100001011011000000110010110100000001101011000011001111011
0000111011010110101000000100001110100110001101001011010100001110
0000001011101110110001101111001010111011111011100100001101111100
0101001100111010001010101101100111110101110010111101010101110101
0110110100110010011001111000011001101011001101110000111010100011
1101001110000101000111010110101100011100001011110010001001111000
1001001001111111110100011001100000100110010010011100000101011010
1001000100001111101011110101101000101001011001101001010100011111
1101111111100001001011101001010010110101011101101111011111010000
1110111001011111010111000110011011100010000000100000000101000111
0101111100101111101111111100001010001100110111000101010000001100
0001011001011011100011010100111110100101000110100110100110100001
1000011101110001111101100000111000111111011111011110111111111110
0010111100000000010110110110000110100100111010111000000110101100
1100000001110010011100101100010010000000110000010000111010110110
1010001111001001000111001111011100111000000100110100010100010100
1000100000100001101100010101000101110110011010111100000110101000
0011001111001011101001111101111110101001000100001011001111111001
0011001111110110101111001001000001110000010101010011000101111110
1000001011011000011000000001001110110101001100100011110011011001
1101110101100011111100110100001010010011011010000011001110011000
0001011100101010110111100011110111111101100100001101111000010110
0101000011010011011100111111101011101101101000000101111001111100
0100100110101110101011000101010011011100110111111010001000110111
0011110010001000110111000101100111000000010011111101011001101000
0111001011100011001101101011000011100110000011100000111001110000
0110000010111111001000100110101001001001010110011011011111101010
1101100101101111010111111000111011111101111110001000101110000111
1001001110101011011101011001001001001101101111111100111000100000
0101001001110010111001001111011011101011100010000100011111010011
0100001010100010010001110010110101010010101101101000001100000010
1010110101101110001000001000100011111001001100101010001010010010
1101000011101001100100000000011011001001000111111101110101101100
1111110111010000011011111111011000100110110010010010010001100111
0100000110111110110111110110101100100111110000101000000010001001
1010110100101001001010101101000000000000110110000110010100011100
1001111111001001000111011101010100111000010111111010110101101110
1001111001100011011110101100001010101110011100101010100111011100
0100001001011100100111110000000111000100110111111100010000101000
1101010101000001000101101111010111001111110010101100001111110001
0010101101001011101110100110010000100011010010001000110111110100
0011010011110000010001110011001111010001000001011000001001100001
1100010100000111001110010111101001010011111010000100010010000011
0111011001001101111000101001110000010111011010100000000000101101
1100110100101101111100000110100001101010001110111001111000110111
1001101010001001001011111010111100110100000101000110110010111000
1101000000110001100101100101101000010100110101101010000011001101
0101000000000000100010011000101101011001010011111010101101101010
1100000011101101000100001111001101101110110000000100101010101001
1110000001111001101101110010001000000010001010110110010010011101
1110010011100000011101101001000101000100011001101100110011111101
0001001111010011100011000010010111111011010100000011000111011011
1101001000001110010101111110110110011100000101111100010111101100
1001111110001101111010001010010011011001010100111100101101010001
0110100100000110011011011111010111000110101011000111110001010110
0011110100000101000001101001101101010001101011100000101101011000
0010010110011001010110101101111001011001110110101000010000010101
0011110101011010110100011010110011100010010000010001000000101110
1001110110011000100010101100100101100100010010101111100101100000
0101100111010010001000100001001101011111001101011101010100011101
1100101111100111110110010110011001110001100000101110010110011010
0110110101000010010011010010100110101001110011110000101011111100
0100101111101100001111101000000011110110111010001010110010000110
0110110001111011001111000100101011001110110110110010011010000110
1111110100101111011101011001000101100000100010010101101000111000
0101001001101110111000100101111011100110000011000000111100011111
0001111011110111000100110011000001010100100111001100101101110010
0111101001011101110110011011000100111100110000101001111100011100
0001011110010101011111010001110100110110111010010110011111111000
1000101000110000110001001011010010101101010110111101101011010011
1001000100100010111100010010000010010000101011100110001101111100
1001011010000000000101111000011101010001000100011000000100100001
1001000001101011010001101010011000011101110001001110001011100010
0010001110110010001101111110011100101001010100011000001100011101
1100001011011100111110010010101011010010000001101101000000001111
0001000100111000001101000011001011000000001011111001011101110111
1111001100111001010110100000001101110101111100101001001011100111
0100110011000011111100110001100110010111100001011101010110100001
1011001001010001100101100000000110100000111100001010101001001001
0100100001000110000001011100011000110001010000001011111010000011
0001110001010000001010000010010110111110001000100000110011000101
1110111111011000001101111101010011110111011000000110010101110111
0000110010001010110011111001110000011000111111010100010011000001
1110100001101111110101111001110010101010100011001011111110001010
0011101101010110110101011011011011000000010001111000000101000100
1000100110101011101101100010110011100011001101100000110000110110
1001101111110110000011010001001111001111100110110010011110010100
