0110000000101110010110100111110001101010110101101100110000001100
0000000100111110011110100100100011001111001011001001111111010110
1000100011100101000011011110001101110010100001100011001010000011
0001010111010100000010010100010101100011101000000101101111010011
1110101100000000111111111001101010111100010100010101001111111011
0110110100100110111010001000010001011000110100011101010000100011
1101001101110100000100000101011100010100011011000010010100010011
1010100110000110011110000000101100000101011000001100111100100001
0101000011111010111000111010111010001000001011011111111000111101
1111101110000100011011011010100011010010000000101100000110000011
0011110111000010101000110110001011011000000011101010111110010101
1000101110000100011111000000110101010001100010111110111100000010
0100001110010110111101011100111000001000010111011111010111101101
1111000100101000111000111001011101001010010001111111001101011010
1111111011110001110111100001111111011101101011001101101011101011
0011011000011011110101011111010110000010110100001100011110111000
0100011111000100001001111010011111011111110001111001010011100110
0110101011100010000001011010111010101101000110010001001100100000
0010001111010111111010111110111101011110010001100111111001010000
0001011110001111111100001011111000000001111000110100101001001000
0000111011110101101000000011001001011111010001111000001101111011
0001101111111011110100011110001100011000001011000010111011101011
1011111010111100000111000101100110101101001000111100110011100010
0100010000011001010111011001100011100010010011100001001010001010
0010001001100001000010010101100111111111000001110100010011011100
0101111000111100111011011001100011100001001100011010001010001010
1000010001100010110110111111111100001110011101100000110100011101
1011110111011110100011011000111101010111001101111011011011010000
0011110000000010100100011100011111010011010100111100001110101110
0010010010001001101000000000101111101110111101000110011101101111
0010110101000110001110110110001001101111101000001101111010110011
0000001001111111111000101000110101110011001010011110011110010011
1110101001000011001001000011011110111010101111100000101011000111
1110101110111000100000000100111101111101001101111010110101000101
1011000101001011100001010001100011111000111001111111010011010011
1011110101010000011110110001000000111011010011111011011111100110
1001011110011100101100111110110100010011110100100100001000110101
0010010111010010011110100011011001010011111001111000010111110001
0110000001100111001111100010000011101000100111101111000111111001
1111010001001001110010101111110010000011011011101001011111011111
1011100011100101100010110000010111000001011000001101100011100110
1011111101110010110010001101111000010110011010000101100000101101
0100101101101110011011010010011100110110001101100001011100110110
1100000011101101010110000001100100010001001010100000100011011010
0010001011100111000101011010001011101010011001100110110110100000
0001100000011001011100110010011111110001010100001011101101010000
1111100001001010101000001001011111111001101001101100100110110111
1000101011011001010111000110010111000001011100000110011100100000
0010110010110000101111111101110101000000000010000011000011111101
0000001101011101001110100011011010101011110100011100111000001110
1111000101011001101100011100111000001101100001110100100011001100
1010011100000011110101111001000010011000100010001010000011111010
1000110101010000101101000011110011000101000100010111010011101000
1101000010111101001000101100011011100110001111100000110011100001
1010011000000000010011101111100110110010100011001010101100000111
1010110110101110111110001010000001011000001001000001001011100100
1001100001100111111010111011011100000011011000111100100100101100
0111110000100101010000100001001011100111000010100000100001011001
0001000010100001101110100000011000000000011111000000101101100100
0110011101111011011111101100110000100011101010010110000101111101
1111011111111110011010111000110001110101110010101011111010111111
1100100101001000100111010000110110100110001111101100000111010001
0000011111010100101100011101000101000011011110110010000010101000
1111011111001011000111101110010101101111010011111111010000101100
0101111011101010000000010001110111110100110011101010001000110000
1010100100100011101010011100101100100001100000001101100010010101
1011000011011010110100111101000110101101101001001001101010001100
0011110100100010011010001000110001010110110101011011001100111101
1111111110001110001111100011010001101001110111110011100010010000
0111000101110110010011010111010110011110111011010001000110001100
1101011100010110010110010011111110110101110110010100110101111110
1111010101110011011010011111100100111101000010011110010011001110
0010100100011001000111100011000101010111000101100111110011101001
0111000100000101000001001111011110010111100111101000001100110101
0000010001110001001110111111010011011101010101100111100100111110
1011000000001011111101011001001100001111101001100000110011110101
0000001001001101000010000110100111100011111001000100101000011100
1110100011011010011101101111011110101000110001011011101011000011
1011111111101110111101111110110010100011100010011110001100111110
0110110011011110000100001100110010001010000110001110101001011110
0101111011011101000011111110001000001111001011010110000101001011
0100001111010101011011000000100110111010110110110111010010100110
1011010011011001100100000010011101111011101100000011101000011011
0011100010010110011101100111000111111110100001001010011010010000
0100000101100100110100001010100111011001011001011110001111000111
1101001001101001000100001111011101111011001011000101010011010110
0000001010110101001110000011010000100000011010110110001100010011
0011001111101011001001110111100101001100000111110111000111000111
0010111000110111101101100111000101011110110100011001101100000000
0010000000001100000100111001101111110110001100100001111010011011
0111111011000001010110000110101101011110000001101110111101111111
1010010011110111101000000000110010101001101110001010000110010011
1100101010000111001111010000010101110001111001101011111011000001
1011110101110111110101011101100111101110101001000100010110010111
1110110101001001011000010101001101011111111111000001100010100000
