0011011010011101101010000101111001011100101011010010001010010000
1110100000111111100011001000000010110010111000000101111101010010
0000110010101100110010101100011100100001001000111000101100010101
0101111101101100100010111100000111110110000010101000010001101101
1001110011100110001010111001110000011111100101001110110010001110
0001111000101110010100100111100001101100100011001111101101110010
0011010001000001001011001000101111101000000111011011001100111001
1001001001110010100000010000100010010011100001101110011111001111
0010111100001011001001001100000111100001010001010000100101101000
1001111111110011011001111100110001011000001010110010010110010011
1101101100011001011111000101001000100011111110101010111110010111
1010000010001011110011100011110000101000111101100000011010010111
0010111010001111011001110100111011110011100001001010000001111000
0011100000110000100000111000000001000001010110000000001110011111
0011100001110100010101001001001010010111001111011011011001010100
0000100111011111000101000100011001111110100110100011000100110101
1111000110111000011001100100000011000110010100111001010000001111
0000101111100100011011110000010110010001001101011001000100010000
1000101010001010011011010001110110001110011001110010110011011111
1011100010011111000110011110001111100101111101111111001000000000
0110010101111100001110100001110001101000110111101001110110000001
0111100111110001011011000011111010111000111011100111110000100001
1100110111011010101111010000010000001000111000110010110100001110
0100001110111111100100011110001101110010000011010011100011010100
1101000001101100101010010000111011100001101100101110110110010111
1100001010100100001000010110010100110011000101000100000000111010
0100100101001101111001000101000011000001000011101010011011000010
0111001011110001011001111000000010111110100001000100111000101110
0001111100010111011100111001001000001101110011110110101010000000
1100101010011110010001111010111100111110001101000011001111010010
1011011100100000111100111010001011011001101101010101100010001100
1111011111011001111011001111011010010111111100011101100011110011
1000001011111001000011011111010110000000010111101001101000100011
1001001011110111111111011100111110001110111111111110110100000111
0101000100001010011010011010111111000000110110101010101110001001
0001000101010010100110100111000101000101011011100100110110001010
1110000111010010000110111011011010010101110010011101100101101011
1101101000110000000100001100100000010001100001011111111011100111
0011100011000101011111100110101100011001011000010101011110111011
1100000101111100011100011010110011000111100101111111110101001010
1011110101110010010100000000100000111001011111110111010111111000
1101011000111101111011100101111001001001101100100000101010110001
0111111011110100000101110001100011100010001011111010100111101001
0010111000010011111010000111111111010011001001001001000000101111
1100101100101000011011000111111011110100100000000111110010010111
1110010010010001010001100011001000001000110110010100001000100010
0010011011100011101100001101010000000100011001010101000111000100
0111111111000001011000101101010111001010000010011011100000000010
0010100100100001010011110111000001110000100100000101100011101111
1101011011001010001100111000110001111011010001100110010111101101
0000100000001100011111111011001111000111100101100000111001001011
1111001110011101110001101111001010100011111100101001101000111001
0100011011100000100111100001010101100011101001111111001100001111
0011000010010111110100100000111110010010000110110111111001001111
0100001100011000001011011110110110000000011100010110111111001100
0110010101000001011000100001011000111010111011001101111111101000
0110100011010001110011110011100000000111010001110100111111101001
1111000011100110100111101111010111101110100110100000001000000000
1111100011010110001100000100000110011101010000110101000010111000
0001011101001011101000001011111010101110010001101110100010000111
1010011011100100000110010000110110001011111000000110011111011001
0010010001100001110000011000100101110010000100010010000000011110
0000011100100110110110011101011000000010001100010100010110011101
0000111010001000111010101011101101001111101011110000110110011011
0010010110111001101010001110100100101010110111000010101100101010
0010000001111001011001100111101011010010101110101111011000010111
1110010110100011101100001000100001000110111011011111100000011101
1100111100011000011101101001111001110110001100010101101111111010
1110001000111101100011011001111011110101110100111011011100011000
1010111110001111100101011001101011000100011011111111110101000111
0110010110001011101110110010101011010010010001011111010001010100
1011010001011111111111110011101101100101111010001100010110101010
1001001001011101101000001010111001010010101001100001100010000100
1100000000000101010111101001000000001111001010110111101010110001
0011110111001011110110101100001000001000001101001011001101111000
0101011110000000100100001101000001001110101110110001110011010100
0000001000011001110111000011100101011011110110100110010101000010
0001000111001001100010000111110101000111100111111110101001011111
0010010011101101110000010110001101100100101000000100111011011111
0000100011011100001110011001000010111010101000011101000010110001
0111110011011010111111101000011100000111110011011110101001011000
0011001111010110101011010101101101010010011101111101011111110101
1011011100111001010101001001001010010001111011001100011111000000
1101001110001001010111100010001100011100001110110110100101100000
0101101010000110100010010110101001111011010011111010010101000010
