1111010111000011001010010100000100111111101100111001110001000101
1011110110011010010110011010111011101010100000001011110000110101
1011001000100011010111111100001001010000011110100111111110110101
0111000111001111011110000010000000001000001011001001001011111101
1110111010101011111011110010011110110100001100000000011101100011
0011011110110000101110000110100101110001011101011101110111000000
1100000101111001111110000110001011001111000011001111100011100111
1111011101111001011111110000101110101011011011111100001100110011
1110111000001111101010101111000011011001010001001111110101101011
1011110111001010001010110011111000001111000011001010101010100101
0000100100000100110001010111011011000000111110010001100000010011
1101011100010010110010001101111100101001110110101101101000011010
0110010000011000010110111101100001101111100000101010011011111010
0111010101111111110001001111011110010010001110101100011000001100
0001100111101100000111101100011010011111110011111010000110010010
1011111110001000111110010011110011000110001101101111101011011010
0100100011001011100001111000101101110101100111100100100110110010
0001010010000010110011101101110110110001110100010111001110000010
1100001100101011000100111010000110101001111010010011110001101101
0001110001001011010001010111001001110011111100111001100001001101
1101100001011111010011100101110110111100110111111010101001010011
0101000101011110001011001010000111010001001100000111111000010101
1010000010010000001010001100011010100101011101011100001000010001
1111000110111000010101100110011011100011010000011010010001000100
1110001010111011001010100001001101110100100111111011010100100110
0001110100100101010010101101010101000001010111010000001100001111
1101001101000011100111110101101111100100000100101110001100010001
0100100010000001011011110110101001001100101100110110000110100001
1010100000001011101100000010110110010000101010110111111101111110
0101100011100101001000011111100100111100001111001000000011111000
1101100000000001111111001010010110011010010111001000000101001001
0000110111000011101000110110100001100111000001101110110101011100
1001000111111100110101010111011011101111100001110010101010011100
0100001000111100101001110010110011110000100001101110000000010101
1001010000001000111011100110011010100111101101001111011001001101
1101011010111000001011111011100101000000100110100011011011111011
0110111110010000101100111001110110000100110111100001010010011010
0100100010001010000110001001101011100001001001100011001111111110
1010101011111111000000011011010111001100010101110010011100011000
1101101001110011001001100001101111010111011100111000010111001110
0001101010011110101110011100001011111000011101010101011001010010
0100101111001100111100110010000001101011000000011110100110000001
1101000101001110011000101100011100101101000011100101011101010110
0100111001011010000111001011000100011111000101100110111100011100
0110000101001110110000101011111101111110100011110000110010111010
1001100100011011110100010000101010010001000011000001011001100010
1011111000110110001011100101011111001110010101011001011010110010
1110100011101110100101010110100011100101100011110011111110101011
1011101101001101000011100101011111000110001010101111011000000001
0111001001100011011011001011100011110010111001110001100001101100
0100011000100100100110111100101000010001111011000010101000100001
