1011100111000110010101011010000110101010101100011110011111110111
0011100111101110010101001110101011101000101110011001000100001100
1100010000101100010011000000001010100001100000100100010101101100
0010110011000000011110100001100010001111010011110001111110001110
0110101101101111100000000101110111011000100001111001100011101100
1101110011111100110010000011111110000100010001001011101101010010
1000011101101111111010111110010011100001001101011000101011101100
0000100111011101001110101111000000001100010111111101010011101101
0000001010011011110100111100011110101110100101101111001001111100
0001101000011110111010011110011110110100111111110110011111110111
0000100001111011100110101100000010111010101101000010111001111111
1101010110000011011001100100001100011001000101011011111111110101
0111101010101001011101101010100011111001000001110011011011010101
0000010001111001100100000100100101000101001101111111000000111000
0000111110111010100101001110010110101110001011011110100000101101
0100000000011100100101101111011101101000000110111101100100101010
0011011000000111011000101110010101010010100111001001010010100111
0100011011110001111001101001111001111111010001100000001010000001
0000000001011101001110101010010111111100000011010010010110000101
1110101100111011000010110000100011010101001010001101100101000101
0100011100110101010011101101111100100100111001110111100010001110
1100100010010101100111000110001110001100101100111010101001011010
1100011110000010100100111101100101001111101110001111000111001110
1110000001011010011010100000100010111101100001111111001000001010
1110011111110110110001000010010001001010001110101100000010101111
0010001100100111110010110110111001011000000000000100100011110001
0110100010011010111101101010100100111000010100011101001001010001
1000101101011001111110110000101000000001010101011110011000110000
0011100001101110001010111111011001001000010101110011000010111001
0010011110010111010100100100100111001111110010011010111111011110
1101000010000101101111001111110110010001111111111111110001111110
0001110001101101101101001111110000001110001010011110001111001010
0110010111100001011111011110100010010011111101111110111111011001
1010101110100101101011001010010100100111101110000110111000010110
0000001011000001010110011110001100011110110010000111000110001111
0111000001011001101111010111101110111000110001010001000110011100
0100011111100000011111100001010011011111011011101100011001111010
1101001011001110010101111110110101101000111101010000000110110001
0001100010101100110111111001110110100001110110000101001001100101
0000110101001110101011001100001100010011001100000011010111101110
0100001010011101100011001100011100001010000111110101101111111111
0100110011110100110001010101010110111111010111011011110110001001
0100010110110110101100111000111001001100011100100010000001101001
0010110110100101000100110100111011010001010111100110010110010111
0111000100100111011100100111001110101000101111000101011100010001
1101001000111101001000001111110101011000001110101001111100100100
1101111001111010010111001000010011100111000100011101010010011010
1010010110100001100101011011011010010100101100000100111111111000
0011110110110000100000110011111001111011111110111010100111011100
1100111111000011111001110100100100010110010010111010000111000110
0111010111100010101010100100010000011101111010011000111011101001
1001111010111001011100101011010010001101000010010111110000011110
1110101011000111011001000111011101101101101101111001001110001010
0001101110100100101010101110110000101001011111101000100010000100
1101011101010000111110101011001001111011000101100000011011010011
0010011110101110001100000001011001010101111001101011101110010000
1010011010110001111000010110010111111010101010101101000010000011
1110010100010001111011011011010101101111010111000111000000111100
0100001011100111111100110010100010011100110000000111101101011111
0000101100000010011101100001010011010100010010100110011110001111
1000101110001111111000110010101110011100101001001101001110101001
1010111000110000101110001000111010001101100110001001100100111011
0110000100010101011101110000010011101010011001001101011100110110
1010101101010010000000010110110000011111000010110000111100110011
0100000000000010001110101111010011111100111111100100011001010101
0000100101110011100010001100001101000111010010001001111001111101
1010000100001001111110001110001011010000110110110111100010000011
1101011100011110100100100001100000101001101010000110010101111000
0111011100001111101001001011010110101101110101110000101001001010
1100111010011010100000011100100110101100001000111101101000101111
1001001110111001010010001001010101100110110011110101100100001101
0111100100010101000101001101000000001000100011110111100110001111
0000001000001001101111110101100011011000100110001000011101000001
1110100001011001111010101110010000010110010001011001010010111110
1010011010110001001011111100001110010101010011101010000011111111
1000100000011010000001111001011000011111011111001000101011101101
1011000111000101100111101010001110111001001011001110101001000110
0101001101111100100100100111011101100010010111101111110101111111
0100100011101011010001000011010011010111111101011100110100010001
0011111011110010000100010101111011111110100110010010011101100001
1011000100111111101110111001111010101111101000000101000011010010
0000000000110011110101001010110001000101111100010101000110100100
0101111111011010111101101110001010000000101110001000011001000011
1001110000000111000111101101110111000101000010101010001111110001
1100011011000011100011010110110101111001011000100011111111010100
1000101010111110011010100111001011001111000000001100101011000110
1100100011010110111100110111111101111011000010101000001010001111
1010110010000101100111100000011110111001000011001110011000111010
1000100111101000110001101111110010111010110101000101000111001110
0010100111100111111101110111111010011010110001000001000010000111
1110000001000110101101000000000110111111000011011111100000011000
0000110010000001100010111011011111011011001110110111000101101010
1001101100111101011111001001011100010101001010100100110001101101
1100110010101000111000000011111011001110110111001000000111111101
1111000110100010111000110011011011010010100101000001111101101100
1011100000111011111000100101001010101100101000111000111010000000
1001000001011000111110010101111001010001000100001100101110011011
1000001101000000011110001110110011000100110110110010100001001010
1011011101101111000001101001100110110110011111011101000110000001
1111011011100111110110000110101100111001101100101111110001101000
1011100000011000100110100111100110110110110100001101010100100100
1001100110001111001001011100001000000011100010101110101010001010
0110111101110111011100100001010011001010100011110111010111001110
0000011100100111011000111111011101001011100000001100110100110001
0101100100100011000110001101011001101111111110101110101100011011
1110100100011010100101110110100100011111100100100000101000011110
0101000101111101011001001011000010000010000010001010100010111011
0011101010000000010111011001101100000011111010000111101110011100
0000001100011001101111001111110001110000011111110111110100101101
0100111000111001000000000101110000111101010000011101010011100110
0111100111110100111110101111001101100011110110001000101010101111
1001101111101101111001101111010100101000111010100101011111011010
1001111100011111100001110001111000111100111111010001101001000000
0111100000011001101011000010110111110010111010100100000011010000
0110001001010000010110001110001001001000101111001010101010101111
0011110010100110100011011000110100110101111111010011001001001000
1100011111010010010110101101100101110000101001001000101101001101
1110010111000011101101001101001011000010011000011001011100100100
1010010001001111110010000100100011000001011101001110100100011001
1101011010011001111011010001100110011100011111001000100100110000
0111100100000000010010011000110010110101000110110101110101110001
0101001010000011101001100011110100100110100011010110101000110100
1010100001101100011011111000010111110011101000010100101110001011
0110110110010110111101111010100111001100000011000110000000101000
0000110000101000101110110100111001001100110100100100010101100101
0101110011101001111101101101111110010000110101110000001101010100
1010011100100010111000011101000101101100000111010111100011111110
1101101010011010100111110101000001100110011110011111000001111111
1110111100011011010110111110001100111110110010111000111001101110
1100000001100110001101000010001001101101110001000010000001110111
0001111001001100000011111111101010110010010111100011011110111110
0000011110111101011011000101111001100001111000101001101011001011
0001011011000011111000001111111000100001010000100110000111111111
1000110111001001110001110001111000111000010011101101011000011001
1010101101000101111010011100000001111000101111100000101100001000
0111110101100000111010100010101000001111010001111100011101010110
1111001100101101110010000000110001110111100010111011011000011111
