0010011001001110101111010101111010011011001001101111010110001001
1010011110010101011100110011100100101111111111000001001100101011
1100101010111010111100011011010000010101000011110000110001010100
1111000111001000100001011001011111111000100111100001001111010011
1011001111111110111000111000011001101110011110011111110001101101
1011111111111000010001011000101000100110101000101010001110111000
0001010011111111011001011111010010001100001000010011111101011011
0111000110100011000001100011110001101001010101000001110110011000
1011001010110011000010001101000111101111110110110011010101100001
1100101011100000001001001110110010110101010001000001111111000101
0001001010110001010100001010010000110110010100010101010000000100
0000011011100101100111010011111000001011111100100111000010011110
1111000100000011011000011100001111110010000010001101100111101101
1110011111011001100000111111110110011100110001001111010001001010
1100101010001001101101110110011100001000101110010110100000010110
1011111100000100010101100010111100111001100000010001111010100000
1011001010101101101110011111000010001111110110101101100010101100
1000011011101110100111101100100101010101000001101101011000110100
0000010011001101001101000100100000001011111101110101001110100010
1100000010001001010101000001000000011110010111101000101000001110
0010001010011110111100000100000100111101111010110001110101001110
0011101000010000001000101110100100011000111110101001100010010101
1011010011000001111001000101010101110111100110100001011110011010
0100100101001100101010110001100001010100000010110111110011001101
0100100010101010011111000111001100110010111001011000000001111011
1100110011100001110000100100111100111101101111101000110110001001
0011001011010011001000100101101000011000110011100111101000100000
1110101000110111001011111000110101110101100111111100010111110011
0110100001001111110000000010001111110111010001000011011010111000
0011000001101011011100001101111000111110110011101001100111000100
0010010110001111110000010001001100100100001001010111111011010010
0101010101100110100011010100010000010101111010101111000000100000
0111111101000011011101000010111001010010000001110010010111110110
0001000001011010111101110001101000111111101000000100100010100001
1100001111111100101101110110010000110111100000011010000000100100
0110100101101011101010000111101001010001111010011100100000000011
0110001011001111111011001011110000101001000101010110010011010100
0111010111010111101000111010011111101001111100011000010011100111
0110100100000111111001100000000011010111101011011101001101000111
1110010110111000000000101100000101100100111110110111001011001111
0000100110101000100110101011010010010010110000001100011110110110
0001101011000111110110001001110110001000110000100010000001000001
0010100101001001011000101110101110101111010001010011011110010100
1100001000110111101011111010011100110110101101000001001001010101
0110000110111101110000001111011000000011010110110011001110110000
1011000010110100111000101100000111100011011101111101001001101111
0110001000111010111110100001010000100000000100010011110011100011
1100000100111011001001110100100101000111100001110011001101010011
1010010000000010111011110010110010100101111010011000011000101110
0100101100100100101010001101011010101110101001111011100010100101
1101111000010101111001111001000101101110110001001110001100011110
1011100111110011001111001010100010010110010101110011101001001011
0011010000101101011110000111010010001000000110010100110000000100
0101110010000010111110010001100111100001010010000110110100110001
0011011100010101110100100010001101001110010010010101001100100001
0010011000001001101000011101001011001110001110010101001100101101
1000000101010001010001100100010110010011101001000011111010001110
1010100100001110010100010100001011010000100011001111010111100001
1100000011001101001110011100111001100101001000110111011101101010
1000000101111110011110101011001101111100000010011101001111100111
0111100110110111100010111101010001101001010100111100100011100101
0000010101001101111101010101001000001101000100100001011011000000
0000010101100000011101011010011010110101100100000000100110101110
0011101110110101000110010001001001101010001011000000110100010111
0111000111011111110001100010001100010010111010110101000100001100
1000100001100100100110110101011101101110001110110010000100100011
0001000001000010100101001001000010100011001110010011100011000010
1101010101101101010001100001010010111010110101101110000111100101
0110110100000000001000100011011100000111111010010010111100100001
0010101010001011001011110101101111011101110001011001111010101000
0110011000010001010101101001010111111011001101111001100111100001
0010101111010001101010011000011101100000000001000110010110011010
1000101000100101110111000110011010101000001000111111110010011011
0110010110110011101101100101010010010011010101101111111110110100
0000110110101110101110000111101001000110011110001010101101111001
0100000111011101000001011001011110110011010101011111111101011101
0011011110011000101111000101010000011000110010101100110011010110
0011100110001111100000111010011100101101101110001101101101000111
1110100001010111001010010110111001110011011100001110011100101111
1001000111100100100100010111011111010001101111011110110001001001
1111010010001110101000100011001100000000110111100100111001111001
0010101110001101111110100110000110011101111110101101000000101000
1001111001110001110111010110010100110000110011111001000100000100
1100011011001101100010010101011110101010000010111000011101110111
1111111111000011111001000110110010011000001111001100101110010001
1110000010011001100111110111110101111000011101101111010000011101
1100001001000111010001010100101110001000111100100011001000010111
1001000100000000000010100000110101011011011111110010100101011001
0100011011101011111111010110111001000110110111010001011111011100
0001000011000110010110100110000111001000110000011100010110011100
1011010001100110111011110011101110101000001011111101000101101011
0000111111010001000100010011010000110100110010010000110111101010
1011010110010001011010011110000010100001010110001011100110100010
1100001111001010101000000101000110001001111111001010000011100101
0111011011111011011100011000100111101111011100011111011011101010
1111100110011000001000010000110010111001100100001010000001011010
1100001010011011111000100111100011011001010110001111111010101110
1010110000011001111101100000001010110001101011001111101011110001
1101011000001010110110010001110001101101110110101000111000101111
0110011100110111101001101000100000101101001010011100111011101111
0001101111010110000011111001001110000101000111100110001110011101
0010111111101101010000111101001110001110111110100111001111101100
0000011010011001101100110001000111010101100000110001011100111110
0110001110010111110011000010001010000110110111111010101011010001
1001100010110010000010100001000111000010111001011110111110011111
1100000111110101011010111010110111011010001111100101001010100110
0011101010100000101110010000010011110010000110111111100101100101
0110001001001001000110110111010000111101100000111110000010011100
1110010101000110000100010100110011000101011010010000101000001101
1011100011001000100000101000001111001011010001001100110011100011
0101001100110011011100110000110111011111110111010111000011011100
0111001001100000001000000101101011001101010001110110111010110110
1110101101011111011001110100110000010100101100110010110101010111
1111110100110011110111011111110000101111010110110101001010001000
0010010111010101110100110010111010010100111000000001101000010011
1101100100011100001011101100100101010111011111100111110101010010
0111001100010010111101101111110110111110000001101001000111101111
0110101010101010011110100011010110010011111101100011110011100001
0001101101001110100101100101001110101011010101010111011110011110
1110101001000011100110000001101001001000100111001111111111101110
1111001000001101011001111110010100101110110111111010110011010011
1100011110110011111101101011101010000000111110110101111100000010
1110011100110111100110101010100110111000010111101010101111101010
0011001011111000100001111000010110010111100010100001110000100100
1011110111110111101001000101000001111110010011000101101011001011
1101110101011011000010111110000010001011101111100110110011101011
1110010110100001110010100011001011000010000110111011111011000011
1010101010111111010100111110111110000010011010100111011001110100
1111000001011010101100101100111100111101001100111110101110011000
1011111000101000110101001011011101000010101011010110001010100101
0111000010010110111110101111111010110110001100101000000000001100
1100110011001101011110110110101101011011101010111111000011110000
1001011101111110010110100101111110100010000101000000001011011111
1101001000100111011010010110000011111110100011001100100111001000
1111000011101000101000000000011000000100110101000011000111110000
0001011001010010001010101011100100001001111100100000100011110000
1100100100000010001111110000110111101001100010111100010001011011
0100001111101000010110000100000001101000110100001001000010110101
1111001110110100101101001000010001001100101001000110000110101001
1111100001010011111000011101100000110101001100010111011011010110
