0001011001010011100010001100011011010110100010001111110100110101
0110101010010111010010000101011100100010000100001001111111110000
0111100110100101101110000110011000001100101111000101111110010001
0010001100111111100100110000001010101111001000000001001011000010
0000000101100100111010100011100010110110011101101010100011001110
0110110101010010101110101010100100001111000101111000111110101000
1111100111110000000111101011110111110011010110000110110100100001
0010111010101101000100110111111101011111100100000100100011100001
0000110110101010101110110011010100000001000100100101101111110010
1000110001011101101011100111100001010011000110110010110010110011
0010101100111100000100010111110111010101000000100000011011110011
0110101100010110111101100011010110011001000110110100001100010100
1001001101011011110001110110110111101000100010010101111100101001
0010111100100110101001100100010111101101110001001101100101011001
0000111101000011001010011100111111001100010001000110101111000011
1010001100100000011001001011100100001111011100110010001100000111
1111010110110010111110110110001011001011001101011001111001011011
1100111100001001101111000000101101110100010101000111000111000011
1101100110111101110011010110000110111110010110100000100001001111
0110100101001011000101101100010110111001010010100110011011100000
0100110000000101000111111010101010001100011111111010110000010000
1010001100111110111110100110100101000000100000000000101001111010
0011011011000010011101111110010000100001000000000001001110011001
0010111010110110010000011001001010100010111100100100010110110000
0110100110101100010000110010001010010100110001001010010010010110
1111111110101111100101110101110011000110101111001101101010010111
0101111001101101001101100101010010010100111110010100010110110011
1000011011101010001111001111000111111011101110100111000101101100
0111010101011011010000001001110010100000100101000101000100101010
1110011111011110000100001010001110010111111000010101000001000111
1110101111001000010010100100111110000001101001010010001011001101
1110000110110110011000011111001100001001001000010010001010101100
1111011011011000111110010100011101011011110011100101010011101011
0011010010000101000101000011110111100101010011101000101010111010
0010011110010110011111000000110111001010101001011011110111100101
1001000111110100011100100101110100100101001100110001001111101100
0010101011011100110011101111110101111100001111000101100001010011
1011011001001101111100001010000001100111101101010010111100111011
0011010110001110000010000110011000011000110110011001101011101010
1111110000100000101100011101110010100011100101111001101100100110
1001000100111011101101010101000111111010101000001010101011100000
0111101001011010110100010001001100111110000101110000111001001000
0000001111111000001100011001000011101010100111010010001110001101
0011011011111100101111000011001100100001000011001000010100101101
1100101101111000110100100111110010110010110110011111011101000001
1100001010111011110001001001000101100000000010110001101111011011
1010110101000111110001110011010010110011010100010101000001010000
1000001111001010011111111000111101101110001000111001010011101011
0111000000101101100100010010100100000110110000100101000001001011
1000000100111000010100000100010011111100011101100101100011000111
0110001001110110100100110001110011010000110010010101101010110000
1111011110110100000010001011001001001000001111100000001100001000
0100011001100101100101001001000000000101001110011001011011110011
1000010010010010111000011001110111000100010111101010100010110110
0100000000011010100101000110110000111101100000110000000111110101
1000001111000000011011110000011111101110001110010001100001001010
1110011001010001111001110101010111011010000100100000000110101100
1100110010011111110111101010100010110010001000100000101100011100
1101010011011110101100110111100110101110101101110010000000101111
1111110110011001011000101111010000110011110010000111111110010110
0111000101000001100000101001111000100100110100010000011101000001
0001110111110101111001111001011000011001010011011011111000100011
0001001101000001011101000001101010111001111101011100011001110000
0000111011010011101010011001100011001100011100010101010101100011
0110001100001001000110111111101101010111110110010101100001101000
1001100001001011000111111001000101000011011011101010101100001000
0001100001110000010100101011010100001111001101001110110000011111
1110001010011010100100000000010100100010011001010100110100000110
0101100010011110001000101100000110110101001110001101001101001010
1111101010011001010000011011011110001111101100001100001010111100
0100110110001010001101110000011111000101000110101001111110010011
1110010010011001010000010011100011010100001101110111000010100111
1010000001000000000011011010011100111000000011011100011111001110
0000001010101101100000000101101011010000100100001001110110111001
0101011110111000101100001010001110100011010001010010101011110100
0011110100110111000110001011110101100010011111110100010101010111
0001110001110111100101011011011111101110000010110110101011110100
1001100100001111100101110011101001001011101010101001000100011000
0010010111110011110101010101111011111111010001101101101110000000
0100110011011100011011111001100111001000111110100101001001111011
0100110000000011000011010011100000011101110101011110000011001100
1101110101001010110101100111001010011110011001010101000101010111
1110010101110011000001100110000011001011110100011000100011110110
1000000110101100110111100110101011101010000100011100000111010110
1001001100111000100101100001101101001001100000000111101001100111
0111111101011010101011110110100111011111110111011111001110101010
0010101111110111010001101100100000111110101100111001101110001010
1010010111110011100110101000111101000111110111100010010001010010
0110100000010100011011010100110111001101011000110100110001011010
1100110010011111001000111001010000110000101100001000000011101011
0010101100101010111011011011011101111011110010001110001110110011
1001010100000101100110010110110000100000010111000000110100110001
1010110111110000010000101110001100011011100001101001011010100001
0001011001011110011000110110111111000110011010111101101111101111
1101001100010111010100110000111101111111100110000100101110010010
1101100000010000011000010001100100110000001110000101101001111101
