0111000100001101010001110001111000100011111011010101001010010110
0001010100101000010000011011011101111100101100111010100110000011
1011101000010010101011111101000101101110111111001110111101001011
0110110111011110000001111001111001110010011000101010110101110100
1011000001001110011110000100110101001110110011110010011111110110
0111001010011000101010010011010111010101011001111010101001101010
1011010011011100110011010011001011111010101111100111010001011110
0000010111011111101000010000101110010010010110011100100100101100
1100001000101101010100110110011100110011110100001001111101101100
1101101011100110010011100111101010001100001001001011011101111010
0011111000101000100110101110100011011111010110111000011101001011
1111001010111100010100011111010000100011111101110111010101001101
0110101010010001110111101001011110000010011001101111111011000000
0110011010101111100001010011111000100010001011010010011100001101
0101110000100001110111110011101101101001010000101101110010011010
1011000100111001101011111010101000110110001100001010000000101111
0011110100010101110011010010011000001100011001010101110001100110
1011111011011010000111110100011110101110010000100110011000101100
1011000100011001011000010111100011001100100010110001110100010001
1111100000010111010010110101101111100011101100110100010111011101
0010011110011110100111100000010010111101111000011010101111111011
0111101010001100100001110101010100001111100100101010111011101101
1110010111100000001111000011001010110111010011010000011000101000
0111111001011010010010010000010011110001110011000110110100111000
1101001110010100011010001110100010100001001101110101001110011001
0100110001100111001000000010100100111110111110100101010011000000
1100011101111000001110010100110000011000000100111010010101111001
0101100000110000010101011010100011011011001101001100001111010101
1001111001011000011010111011001101000011101110100000000101011100
0111111010010011010001011011000011000000101111101011011001010100
1010011011011001101101111000111110100001010011110001010101011101
0110001001001101010001111000001111001101110110100000001001001000
0111111000110110011001010010101111111110001011001101100111111010
1001111000111001110010000001011011010011011110000001000110011010
1010111111001000000010101001000010110000001100101001010100110000
1110110001000011010110110011100110111110010010011111110011100000
0101010011010011111001000110101000000000101000000101101101000000
1000110000011101010110100111011001011010011010101111110011010011
1001111000110000010000001101110010011000001110000111010101100001
1010111111011010011010111000001101010110100101010100100001110111
1000000110111100010000101110010110010000110010010111110101101010
0000111000000001111111000010000000111001110110011000000111011001
0100101101011011100100100101111001110111101110001100000111101101
0110101111111001111011011110111011100010111011011011110111110111
0111010010100001000110011000010010001110000110001101000110101010
0000110011011110000110110001111111111010010110010000000101101101
0100000011110101000110100011001001000010101110001010000110101001
0000001101111010111110001110100110101100111000001011100010100000
1111110011100011000111100111010101110100000011110011000010101100
0001011011111110001011100001000000000001100000101000011010011100
0011000100000011100011010000110110010001011000101100101101110101
0000100100010101100111000001010101001011001110111001100111001000
1111010110000001101010001000111101001000011111011101011010000111
0100011100010011101111010101000001001001101000100100011000101100
1010110101110011100001101111100101100100001011111011000111110110
1000011111011110001110101101111000010111110001000100111101001010
1011111110110001110101111111011110010010010010001010010000110111
1100010010001111010001111010111100100111001111011100001111101000
1110001000001000111100010101001101001000001000110110100110100000
0100010101000010001000110010011010011101010011001111000010101010
1111111001011111101001111111001010001011011110000100110000001100
1011111001100101100011001010111111010111100100001101100000000001
0111011011111110000011010010111000100011110110001000110100001110
0101110000010010001010001110010100010111011101101011000001101100
0010110010101000000110000111110111101110101010011010001011111101
1001010101000010110010000111101010001101100001011000110110010001
1110011101001011111111100100111010011001100011000000110011100001
1001000001100101000001111001110011000110010010110001001011111001
0101101001011100100110101010111101111100000100111001010000000111
0100011000111010000110111101011011011001110000011100001111110001
0101001110101101010010110111000101010111111100110110101000011001
1011011110011000101110101100010100011000101101100100010110011001
1101001101101101111010111000000010101011010100001001100100001111
1111100111000111101010001110000111100001011110001111011000000001
0001101101101111101010110110010000001010110010100011000111010010
1010010010000001100010111110101011110101100110100011001101111100
0100011111001110110101001000101011101011110001110000000001001011
1110110111010001100110111101011111010000001100001010010010111111
1100110111110101011001000111010100111101010001100000110001000101
0001001010010101001110001110111110010011100010010000101111000011
1110010000001010110001101100000111010100000111100000010000111011
0100100001111001011100101100010111001100010000101101110110010111
1101110001100110010001011010100101100100000000100001011100001110
1001100001001100010010010011001100010100001001101101001111011100
1111100011000010111110010110011010000001001000101110100101011100
1100000011001010101100000011001100011111001011011110101110011100
0111001110101111010001111000010000000011110111101001000000011000
1010110001000010110000111100001001000000110111010101001101110010
1100000110001001000000111100110100110101000010010110111000100000
0000101100101000110001010101010011001001011010000000100011111011
1000010000100001100111000010010100011100011000000100110100100001
1100010000000101001111100101010111001001101111100001001111000111
0101011011100111011111010100111011010110101000111101010101000000
1010110100000001100010000000010110101110011001000011010010110000
1101011100010100000110111110110111101001100100001101101100110100
0110110000101011000101111101101011011000110001010111001011011100
1100100101010111110000011000111111000100001000100111110100010101
1110000110111001000101010101100110111110111110000011101110100000
1011011111011100011110001010101011111101010101010011100011010111
1011111001001000010010110100100111011001110100110111101110000101
0100101000101000101001010010111000101000001100001010011110100100
1000100000010011001011110101011110001110011011100101111011001000
0111001010000101011111010010110011010100001101101101111000100010
1011011101001011110011011110101100001110000100011101001011010101
1010110111000000111011010111010010011011100010111111101111010000
1111010000100000110001100001000101111000001110011100110010110110
1001000010111000000100110111110000000101011110101010000000111010
0111001011010000110110011001000010001101010110111000111000110010
0110110111011000011011100110101111100110011001110000001111011111
1110100010010111100001001110101010011101111010100100000001010101
1000101011010000111110001001101001111101100110100111000000101100
0011100110000101010110100011111010110001011011101011110100001000
1101010100110011000101110010001111011111110110111111111001110111
1111000111001000010001110101111100001111000000101001010111001010
1111001110011101010110111011110001101101000110100100111011100000
0100011110111010101100011101100111100000001001111000110010100001
0010001001110010101101000011011111111111100100110011001101101110
1001001101111111100000100101011001000000000110111100011100001100
0011011000100101011011110110011101000110011101100000000100010100
1100001110010100101000110001011101111000110010101010101100100101
0111111111111110010001110000110000010000010000000111001110011110
