1000111010000000100011101110100011010000100011100010010001000011
1010010001011111010101011011010111011100111000101011110110100001
0000011000100001011110110111101101000110110110010010001011100111
0111011011000010100111101001001111000101101111110001100110110000
1010000111011111110010000011011000000001000100000011010011101010
1001001101101011100110000101011010001010011110010011101111110110
1000110111110101111111001111100000000000100011111101000101011011
1011100001111111111000111011100011010001010100111011111110110000
0101100100111010000010001001111010101110101000111110010110000100
1100001111100100000010111010100100111010001011100001000110110111
1000000000011000101000110100001001111011110010100111001010100100
1101000100111101101000110100111001010111111110110111100110010111
1001100011010010001100011110011101111000100110100100000110000010
0010110110010001110111111010110111001001100010101010000000000100
1111100011010010001110100010110000111010010110000010011100110000
0011101110100100010111000011000000111111011000110101010000011000
0100111110111111110111110000100001111110110100100110011111001000
1011000111100000100000001101001111010010101110101100001010001000
0011100111111001000001000110000111001001100010111011111001001100
1110011011000010100100001010001110111001000011011100000100100110
1110010011100000010111001111011101100011101010110001100100001110
0011001101001010111100100100100110001101011100100111101111011101
1011011000011010110110111101101011111010100010101000101100000110
0001110000011011110111001011010101011011001001010101001001110110
0110000111000111100000101111101100110100010101001000110000111000
1011000001010100011110110100010011001000110111001100010001111001
0111000110010110000010100011111111001101000000110011010111101101
0110111011110110100000010111000111111110010001100101101000101110
0101100000001101010011110011100100100011110001010111110101000100
0111111100000010111010010001001011101010000011010010111000000100
1101000001000100111100011001001110011011001110110011101101010111
1000001101000000111001111111000110011000010011011101101001010010
0100100010011111101101100000001001000100110111010100100111101001
0100110000011101111011000111101111000001011111000011000101001111
1011110111110111110111110000000101011100000011110111001001100011
0111110111011001001010100010000100111100111011101011010001101100
1111011000111110111101010000001110010001100010111010100111011001
0000010101100010011101110111011101001110110101010110011010101011
1100110001100101010010101000110001010100001000100101010000001001
0110000001110000000101100110011010111000010001001100011110110100
0111010100000000101001010000010100100001011101101000101100101011
1111111010011011011100010101000110010101000110001110110100000000
1011111100010010100001101111101100000010100001111001111011000101
0011011001100101001011100111101010110110011111011111011001110111
1111000111011000110111010000110101001111001100011111000000001011
0000100110010110101001100010010011111010001101110001100000001011
0111100100001111010010111010111110100000110100111100001100001000
1000101011100001100000101101110101111110101101010001100100100010
0001000011010101010010110001001101001001000110000011011101100010
1110010010001001011011101111001110011011100111010101100011100110
0100100111000000100111111010000001110000110000010010010011011100
1100101100110110100001010101100100111010011010000000000010100010
0101100111111100010010001011001001001100001110001010111011110110
0110111110111000100000101111101111010000110011010111001101110100
0100111011000000000011110111011000111110111010010011101100001101
0011010101111000011000111101111010110110000110010100101000011000
1100001000110010011000110111100010111101001011110000000011001110
1001010110111011100011100101001110010000110011110101101100101100
1011011010101010011110101001101010100000010010100011110011001101
0101111101110101110011011010111011110010000010101000010010100010
0011001010110100100000100110111001100100111101110101110100010000
0101011100100000111011010011011010011101111011011111010100111101
0111111110110011101001101110000011100000001001011111110101101011
0111010011110001101110000011011100010001111010100111001111001111
1010010111111101100010111010111011001100010011101110000001011010
1010000001000001000011111001011100100110001010110111011100101011
0010101011100010011001100000010001010101100000101100111110101101
1010101100110110100100001010010111110100111010011100101100001011
1011001010011011010101110101110111010000011101010110000101000101
1101101000110011111000011101011110001001000110001110110111101001
1110100110010011110110010110011011101011011000100110100101100001
