1101011000110010001001111111110110010101001011011101010111010110
0111011100000001011101100000110010000000101111001010110011101111
1101001111100110111001010111111000101111000010101110001000100000
0011111010111110001011100001111000010101111101100010011100011100
1111100111111101001011010011110010111110000010100110100000100101
1101010111011010010010010011111001110101110010010000111100100101
0011000011000100101010000000011001001000010010100111100011110011
0101110110010100101110000100100011000111101111011011101000011001
1111011110000101101000000100100100110001011011011010001010100011
1010101110100100100001001010111000110101001100110011110110011101
1110000001101101001100101101101100001000001001100101110001011101
1010110001011110100111011001111110000010100011101010101101100101
0100010001011001101110111101000000000010000110100100001111011001
1110011001101010110010100101001010000000010100001101010001111110
0010010011110100011110001001111111011110100100100010110111000010
1110101101001111100000001110001100001000101111001110111110110101
1000100100100011110100101111000111010001001001110110101000100000
0110100101000101100001001000110000000101111000110000010011011110
0110010001111000101001110111100110100011100000010111110010000100
1110110010110001011000011101100001010000001101110001110111100011
1110011001011100001000001110011000101110110011101101000101001011
1111001100001111001010110111101001000000100101111011010101100001
0110010100001101111000101100001101001101100111100001011101011110
0110010101101001010001110010101000001111111111100110010101110010
1001001100010010001011101010000001111011000111011001011001010010
1100011101010101001010101111001111111100101100101001010100111010
1110001010000000010111100101010111110001110111010001111001101101
0111011100110010001001000100100011110101001001001111001101111000
1110111000000010001110000111010111110100100101011010111010101111
0100001100000000001001000111100000100110000101000000110111000010
1110101111001001010000011000001010010001011100001101111000101001
0010010010100100011001101001000001110100000101111010100010001010
0100000001011100000011000010111011111001110010101111110011100011
0110011011100010011001110111110101000111001011110000101011100000
0000110101100000000101101010111100100011101111011011101111101010
1100101000011100000000011010111111110101001111101101111100111011
0101101100100100100000101111111011111100111001100011100011111101
0110110010110000101010101111011101100010000011001000101011001110
1000011111110010100110010100000101110110010101011110010111011101
1011000111010101000101000011011010110001100111110110010011011101
1010000100011100101110010011011100010101000101101010101111111000
0010010001000110011101101000010110010000010111001101001100000001
0110101101111011110110000101101010000101011100000000111010001010
0111111001000001101011100111011101111001111001011101110101101110
0101100100101010001110000101011000010010110000010110100110000010
0001011010000101111001010001100010000101001110010010000100010011
0111011110000100010100100000100100101111101011110110110100100001
1100110101111111010000101110110001111111111110101011101111110001
1010101010010111110100101011011000110111010101001001010010011101
1110000010000101000100101000010100011101101000010100011100101111
0011111010100111000001000100111101000100111000010100010000011010
0111101110110100001101100011110001101110101011110111100000001010
0110100100101010010000111001001011011110001001101001001111000111
0110100001110100110111010101011101010101010001100110100010000101
1001001100000011000011010010011000111010001010111010011001000010
0110110110000100100000000100000001011111110111010100000100001100
1110100101011100110010011100001110101010100000111011101010111111
1010111010011101001011100000100111001110111001010101111100000001
1100011111001110101000001011110111111110100001110100101010111101
0111000101000111100000111111010101111110001110011000011010010110
1110001100100011101110111101000101011111101101100100100000100011
1111110010010111010011101011010001010000100101000001101010001101
0010011000100010110101110101000111100110100000101010110100001010
0111101011011101111011000101010001101010111101101011011110110111
0011110101111011000011100011000001110001111111011011101000000100
0000011101010001001011010011100101011000001010000010010101011110
1111000011110111001111010110100101000110100101110001000010111011
1111001011011010010101101101110100011010101101110111001110000101
1011000110011110111110001101011000111011011010000001101001110010
