0000010011110111010111010111110111010101000010101011100000100011
1101010101001001110100010101101000100101100110111110011101111110
1100001001110010010100110011110110011100101010011111010010011110
0001000100100101110111100110111011011101001100000000011010111110
0100101000000100100010110010100111000000010010000010110110001011
0001110101011111001011010010100110000111011110110010001000010001
1101011111111000110110011011001001000011101111110101100100001100
1101100110011101101111001011101100000000110100111100111011100000
1010011110110000010000101101101011111011000000101011001010011111
1011100101110010001100000110011001011101001101100010101101101110
1011010111110010101111111001010011000101011111000111000100111100
1000011011110110001110010011101000101001100011010101110110000010
0111100011000010001000110101110101000001101011001011101000101100
1101100010110101111110000001101001001011100111001000111010010011
1000101010010101001011111011000000101010001001101000100001101101
0101001001111110010100111011111110010100101111101000110010111001
0010011101100010110000000111000100110001111000011101101010000101
1111010110010111011100101001000100001101000000010111010010100100
1001001001101111101111111101110111000111111110011000101101011011
0101101101000111010111001001010011101010001100011010101010110101
0010110000010000011111010000110000110001110100000011011101011100
1110011001001110011111100100010100100001010100100101001110010101
1110001010101110001100010000100010000010111100000010001010111011
0100111011110000111100110011000110101111000000011000100111111111
1101011100001100100100010011000101010110110100111101011110111011
1100000000100101010001011010011100100101001100001100010011000110
1111101001100011110010111000101010010000000001010100001110110110
1011111010110110011000001001010101100001000101000100110000111000
0110111001000000001101111100111010010101010101010101000011000011
1100010010011000011010111010100011000100001011010101000001100101
0110111101001000010110000001101100011011001001100100010101000011
0111111101111110111011111111110001010101101100111000110001001001
0001100111110000001001010111100100101100100010100010111011001101
1111101011110110000101001011101111010110011101001011100110101000
1100100111001111111001100100110000100100010111000010110011001110
0000110111101000010001110001101110001111010101101110110011000111
1110101001100011110010001101110111110010111000000100110010001111
0011110111101100101001111001010011111110110111101001110001010001
0110001000001000000110101001001100011010001110110001101111101001
1100010000000000010011110010011100101000001101011010010111000000
1000101110001100101011101010010110100100011000101101110100110001
1011101000111010100110111100001000000111011100101111000001111000
0110101100010100011000011000011000001000111000010001110101101110
0001101111011001111110011111111000100001010100101100011011000001
1110001011001101110100000100010010101010100100010101010101000000
1000101100001010001001101111110001110000001110000110010111001001
1000001010111111011011011100100000110101000010101011111010011111
1110011000100111000100101011111110100000100011110000000101110000
0001010001000011100101111010101000000101010100010010101001101110
0111010110111101011001101101100001111000011011101010001110111000
0110000110010110100110110101000011001000011010100000101010111101
0101010011110011011010111011111100000111100111101101111111010111
0011110110011110110100111010000010101001110100100001001000110011
0011101010000100101000001000001000110011111010011100010000101110
0011110011110101001010011001000110001101110011010001011011101001
1000111100101111110100111010101011100010111001001010101010001011
1011101011001111010110000100100110110011100011010101010110011100
1011100011010110101001110110110110011110101011100100101011100100
0000100100011111011001111101100010000111101110110100100010001101
1011100000111010010001101110000001010011111011100100000110100011
0011000001100010111101100111111000110000010110101001000110101110
1111101110000111111111110100111100100011011101110110010001000110
1100100100100101100011110100101110000111111101011110111010101010
