0001000100001001110110110100000110110011000000101110111111111111
0010100110011000011001111000101010101001110000011100011001001011
1111101101000011000001000001011010100111001011111100010101001110
1001000100001110011010000100001110110011100011000110011011100110
0001011011001111011010111111101011101000100011100011011100001000
1101110010000000001111101000011101101100011100111000110111101010
1011101000000100000111011010000000010001011001001001100010001111
1111111111100001001001101000001001001010110001101100111001100101
1010000111010100000000000000111000100001111000001010001111111010
0100011001010101010111100111000101010111001111111000100000110001
0001111111011011100000111101000001010010011000001100100100011011
0101011100000011001101100111101011010111000110011000111111000000
1111101101010100101110101011110001011010000101101100100011010011
0001010011000101111101011101111001001000010001010110110100001010
1010101011111111110111111100100010011101011011010010001111101110
0010010100000111010011000000110000101000100010001100100101111100
1010101100000111000101111111100001010011000111001101101011111111
0101111100101100110011111001011100001101000101111111100100110000
1010001010011110011000011100001011100100101011010111011101011101
0110110111000101010001111110110100011011010100101010100110111010
0110010010110010011111000011110011000000111100011111111000000000
0010000100001000010101001110001111100101100101100000111110100110
1011100110111000010101010011000011101011110011010100000001110111
1001011010000100101010111001101111001000000010110110001000111001
0111010101011010000011101101100001111101101111000010110010001111
1100110010101100010110101011111100011011001010010010101111101110
0011101101010110111011110110000011111100001111000010011001110111
1000001001110010000111101101010010011011111011011101000100000100
1100001011000101001000110011001101110101001101000001011110110011
1110110010010100100110111100000010101100101001110010100011011000
0111011010100101111101010101001001000000000101010100010010100000
0111001011101000010101100000011001110011100111100000010100010010
0000110100101011010100010001011001011010101011000110010100101011
1110001001100000000111010001100110011011011000010101010111100010
1000100100111011001001101011000101011110011011010101001111000000
1011100100001100111111100111101111110001000111011111000010011100
1000101110001101000000001101101101101001100110010000001101110101
1100101100111111110001111001001111011111101100111011010000011000
0110111100101011011000111101011000000000101010001000100010010000
1011101010001011001011010001011110101101010110000001000011000000
0101100011010000001001110010011100100001110111011100101000010011
1111001101001000110000011001110000101010001001100000010000111001
0101001000111011100111100010011101101001011101111000001101000110
0001101110111010010011011010101001000101001111000010001011001100
1100100101001001111101101001010000001100011101010100011110001110
0100111010111101011011001111011000000001000100101101010010101001
1101100111011010000110010111111110010010110100100100001100111101
0100010100101100011101011111100011001001000101001110010100100010
1001000010011100001010100111010010000100101010110001000110111110
0100011101100111011111110100110001111110000000100010000111101000
0100110010101111110101100000010010001111110001010001110110101000
0101100101110001001010111110101100011000100101010001111001011000
0000100011101001101100110011110111010010111111110000010110011101
0111010110000000000110011010011100000111100001000111000111000001
1111011101101000110011111111100111101110011010100011110001100010
1100101001111000101011110110110111111111010111100000111100000000
1011111101101100000111100101110111100101001011010011001010100101
0100000110101100000001011101100111101011001111001011111111000101
