1010110110010110010111100011101001110100111000110011010000001000
1011000100000100010011010001101101011011000001010110100001010011
0010011001111101000100111011110010010000011000101111110011010001
1110001001000001110000111100000001001011000110010000011101111000
1010100001000100101000101110110010010000111011100101111111000001
1110010110101110111110011110011111100000010101101011011110111010
0010101000011100000010000001111001100110111110001100101001001101
0010001101111000011011110000010110101101100111010010010000100011
0011000000010011100111110101100101100100000000010010111101110110
1011101101100011101111111101111000001100100011111111100011001100
1100101111110101100010110100111100011110101010011010100001011101
0110100001011100110100000110100110011111110010110001001101111101
0001100110101110001110011010010101100000101110011001000100001010
0111110010111011011011000111110100000011000111110010101110101110
0001001011100001010111001010010000101010110001011110010101110000
1000010110001111111101000100101001011110000110010110110111010000
0011111000000100111111000101111100101001111100000101110010110100
1111000101101000010001101101100100110110111001001110001101001101
0111101000001001010011110011111110001000000110101001100111010010
0000101101001100111100100011110001010010101000011100111110000101
0111111010000101010101001001100011101101111110011100000101010010
0100000110100010101000110100101011101011000100110000001011110101
1110101111111000010110100010111100000101111100000100110100101000
0001110000111011000110111100001111111100010000111001111011010101
1111011110101000110000111010101101011100001000100001100011111000
1010101010010000110101000110001101010101001101000101010010000010
0001110101110100000111110011111100011011110100001100010101111000
1010101111011000101011000111011001001010000101000011010001101101
0111111000100000100100011110011000111101011100100100101000100000
1111101000101000101010011110000101111100011111001110111000000010
0010100000000101101100001101000101011101101100001111011000110001
1110101000110001110101111110000111011000111011000100101111001010
1001110110100010011101111111000101100001110111110100011101011111
0110111111110111101011001001010010001110011101110001110100010101
1001111011100001111100111100011001101000110100010111100011001100
0011101011011001000101000011000011011100101010111001111100101100
1101001010110011001101000001100001010111100010000010100010100111
0100011100111110001011111000110100010011101001101110001000111011
0011000000110000001110000010011111111011110011110011000000011000
1111110000001101101110101011101100111000011011001010000100010110
0100100000001100010111000000110100011011100111000000101011011001
0101010011111001000011000101100111100010000010010110011100010010
1001000010010011110000111100011000101001110010001100010001011111
1011100100101001011110111110001001111011001011010100100010011101
1101111110000110001001000000000110111010010000101100001011010011
1111100100100111111000001111110111011111000111110100011100111000
0110010010011001100101100101011101000110011011011010000001001001
0101101110100100110100010101110001000111001101101100001111110111
1111001100000010011010110110110001010110100101101101010010000100
1000000000010010110110101100110111110110001010001100110111111010
1011011000011101110100010101000111111101100110110001111010011001
1010000010010000111110010100000111011110101001000010110111110000
0111000111110010100100000110110011110110011101110101010100110010
1001000011110101000100000110010100000010000001111001001000101111
0101000111001100110001001000001100111100110000100110001001010111
1001011011111001100010011010010110010000111011011111101110111111
0000101011011100100111100011100100111000111000101111000001010010
0010100110011011001100101110101111001000111000010101111110101110
1100010100111100110111101011110110011010111100111011000010111000
1000110010100101010010001111011010000010101101010011000100011011
1101110101011001100011001101111011110011011110000000001011011110
0100110011111010011101000010110110101100111001110001111001110011
1110111000000011110111101101111100010000011100010001101011010011
0001110100101000101100010000110010101011001011111000000000011110
1001100110011100000011100101110110011110010011110001000000001110
