0001110101001000101010011001000001101111110011100100111011100000
1111111010110101111010111101110110000001000011110001000000010111
1110010100001010101010011011110100111100001001011110111100011101
1000100100001110000000110011100000010000010011101101010011010100
0001111001011010010000010111101000100111100011111101101110111011
1001011100110101010000101010000100000001001100010010010011101111
0101000001101011001101001000001001110110110001001100001011101011
0111100101001010101000101011101100100011001011001010010110111000
0000000111111010110001101111010110101101000001101010101011011000
1011110111111110000000100110110011110000110000011000000000111111
1101110000110100100100110001111010110000010110011101100010110001
0111001111111110001110000111001001000000100100110010010010100010
1010000100101001100011110110110000000100011110101010110000100011
1111101000110111011110001101000011110011101001010110010110110011
0111101100011111101010101001111011111010010000101001011101111011
1110100001100110010000111110101001100101010101100001101011111010
0111100011111111000100001000100011010101000111001101010101111010
1000110010111001101011110101110100010000111010111001000010111001
1101101111001011011010101110111110000011010101001000000110100011
1011100111000101111011000110010000101010101110111011011110011110
0010010011110010011010111100110111111110110110011110101111001101
0100100011100110111111100110100010101011001101101101101000110100
1000111110100101101011101110011000101001110011111101010101101010
1001111011100001100111010100111011001010110101001011110011001001
1101101111011000010011101011110100111011011110101101110010010101
0000100010101101101000110011001001010010001001100110000001000010
0110100111001100011111010001110101101110100101000000101100010000
0001110010010011110111100100001010011000110011100110111001110100
0000010101101111011100100111000011010111111000101101010001110100
1100001011010001100101111000100111001100011011010100110001101101
0001001010000011000001101010001000101101001110110111010100010100
1000000110110001100110011010001111000100100111001000111000100000
0001111100000001110000101100110110011100000110000001010111011010
0000001011111101010011111110101011010101001000111110000111101001
0101011101001110000001100110001110111110111101000000010001001110
1111101001010011000101011000010000010100001111111110011011011100
1011010001011000101000001010100101101011100000001110010110001101
1111110101111100010100000010010100011001101000000111100001000111
1100101100010110100001100010010001001110110100000010010011110011
0001011000101110001111001111100100000000010111010000101101010000
1001001000010101111011001111111001000111010001011100111100100111
1010111101100110001011100011001101100111000101010101010110000100
1001001101001100010000000011010111000011001110100001011001110111
1011100110011001101000101001001100000110000010111010100010111110
1000011110100111111111011101101010010011010001100000101001011000
1100111010001011011111110110000111000100001100101010010111011100
0000100001101011110110001101111111001111010010000011001011010111
0101101100001100010100110010110000111001001111111010111001011010
1010100001010101011010001010100101101000100010011111111011001111
1100000110101111100000010001001010111110101011111110000011101101
1011000110101000100101001110101001110101101000111001001000111111
0100100000011011011001001011111010011110101100100011000000010000
0100010011011100111000000100001101111111010001111101100001000011
1001010111101111101100111111111010101111101111111011100110011010
1001000001001111001111101101101110101100001000101011110010001101
0101100110110111111110010000001001111000100010101001011110010010
0111100001001001001111110101111101001010001000000110010101001100
1011011110011101110101100110100010001001000101001110101000100100
0110110110110100110100011001100011110100000010011100000011000111
0100010110101000110011101001101100101010110111000000110101011001
0101011110101010010101110111111000110101010001011101011110110000
0101010010100100010111010000100001110100100101000100000111011101
1111011011101100100100011111111100000111111111101001000000011100
1101110010111101111001011011110101000100000110110101001110111010
0000010111000011011100010100000010000100111011011001101100000100
0100100110100000100110111001010110010010110001010000010111011001
1000110000110011001010111111011110101110011100010110110110111000
1001000110000010101101101110111101101101111110000010011011011101
0100001110110011010011111101001000001111010001011110010010010111
0101010010000101001111001000001000100011000000000001101110001010
0110111000101111100101000010100100100111011001111111000010010100
1010011010110110010010000100101110000111010001100000111100111000
0001000110101101110101101110010001011100111000000101010101011010
0100000010111111101110100100100110110111000000110100010100110010
0001010000011101110111100101100101001011000010000101010101110010
1010110111000001011000001110001101110110100101011101111010001111
0101100010010100001111110010011011100101110000100010000001010100
0111001100110101101001011001010111001010101101111110111011000110
1100110000101010111101110010010011001111011010011101101001000100
1101101000001111000010010111111011011100101100010101010011001100
0110111000111110100000010011111110000010011000100000011000001010
1100101010001111111001111101110110111000111110010101011010011011
0011001101001101000110011100000100011100111010010101101110101010
1110100011010110010101011001011011111010101110100001011000010011
0010001111111110100001010010000100100011110101010100001101111110
1011110001100001110101100010011010100110011000100001100001101011
0001000111010000001110111000100111011101101100011000011110101010
0100111101100010100110010111001111000111100010111111110011011000
1001001101011100101111001001111001101000101001000001011101011001
0111011101101010101100001100011001110100001100110101101010101000
1010000111100001001110001101010100111110000110110100001111000110
0010000101000111110011101101110001010111000100010101011101011111
0110101001011000111000101011011101100101011100000100110011001100
1100011111100010101011111011001011111111111000010010001011100110
1111000001000010110001111011100111010000101110010000100101110001
0000100100101110100001101000000000100100101000001100101100101101
0110110010011000001000011010110110110100100001011011110011100001
1100100100000001010101110010010001101001111101000100001111000110
0011000011011110011011100011110110111110111100011111011000001010
