0110001100100110000011110101100111010100000111101000001010010010
0100111001110111101011111001111011010100011101010011010100011100
0000000000000011010001011000100011100100100000100111101100100011
0100111000110010010101111111110001011111110111010110010111000011
1111010010001110010101001101111110110000100101111001000110110010
0001101001101110110011000100111011010010001100011101101000001100
0100110001110100101111110100001110000100000011111010000010000000
0100110110010011001010100000010111100001111110001101011001011010
1100011111000100011111100000001100001001011010110100011111110010
1000101100110010111110110110000011101100111101010101111010110110
1101000100010101000101111101011101011011010011011101101111000010
1110010110000000111010001000000101111110011110100101011011010101
1011000011100101111010100011000110000000111111011010001101000011
1110000010001010011101001000101101010011110110110101110101010101
0000101011101000010100110110110111101000100101101001111000111110
1011100110000101011110110101001111001010110001010101110100110111
0000110000001000010000111010011010110011110011101000111000111111
1101111101010101110111010011111011001001100101101100010100010011
1010110001111011000011111001011001101100011100100001001101011101
0110010001101001001110100010001111001001000011101100100100000000
1000000001100000000100001001100010000010110100110000101001000110
1100010001101110100000001101100111011000100010000111000100001010
1100001011101001000100001011101101100110011011100000110110000100
1111001000111101011110100101111100110010000001100001000110011001
0001101011100001110101100100000111001111001110101000011100111010
1111100110111001110111011110011110101010111111000011100011001011
1100111111010101011110101001010110011111000011011110101111011001
1110110100100110000100001001101111010101001000110001000110101111
0111011100111011111110011000111111111110011001011011000010000110
1100111101001100001111011110000100111100000110111011001100011001
0100100010010011111010101101011011110111101001000110101110110011
1111111111111110000101001011000110101110100111011010000101011010
0010100001001000111010001101101110010001111010010100010001011001
1101000100110010101011011100101101100001111000011101110101101110
1111010111110110110000111100011100001111111000101100100010001001
0111100011110100000110110000010000001011101110110111011011000001
0101101011010001000001011000100011101110111111110110111001011100
0010010011000100100110101101110010101010101101101001000111011100
0100010011001101001000101100101001101011100111110111111111010110
0100011010001000001000101101010110000110001100101001001000000000
0001110001010010101000100010100001000100000011111111100011001001
1001100000101111001010010011110001011110001010110110000111010001
0010001000000101001010110110010010011100010111000000001111000111
1101101001001100000010100111101100101101111001001111110100111110
0111001110100110110001111111101111110100111001011000110110101001
1101101110101101001111101010110110011001001000110001111011011011
1100100011100110101100111000100011100011001100110101100010000001
0100000100101000011011000010101010001011001101100100011001111110
0100010000111100101001101111110001111010000111111110100110001001
0011001110101100101011101100010010110000110011011011111100010110
1010111001101100000011000000101100101001101111010010100010000110
0011111010000001101000110011010100001101111011000001100100111001
1100001111010001010111010011001100101001001010010101010101111101
1100011000000010111010110111100001111111100101101110101011011101
1100011100101000011001001111000010110110010110111010111000100001
1001010011001000010001010001100000101101010010111001110100011101
0000100001011101010011111101001110111000110011011001101101111110
1101010001100101100010100111010011101000000111010000011000101001
1001100011101000011011110101101110010111010101111100100000000111
1010001101110001010101111000000000101100111011100011101101100100
1010100011100111010110011101011000011101100100100010010010000000
0011000100111101000111110110001100000011010000110111001111011100
1100100000010101111100000110010001001011011011110101111101100000
0001101000100010001000111110000110000000010010100111011011010000
0110101011100010100001001101100100010011010110011100111111110000
0011111100101000101101111010001110111101101101111111001100011000
1100110010000101001101001011101000000001010111110101000001110100
0010101010110000110010111100110111101001001111110101001110010101
0000000010000101001000001110011000100111010010101010001001100011
0111111010110110010001011010100110001011100110011010100111110111
1101000100000110001000001111000000010110101100000001010111011101
1010101110100011000001111110011001110101111000010011001111000101
0110010101100011000010110010100010101000110101101110110111001010
1001001000111110000001010000001001101000010011100111111011110010
1001101111001000100101111001110110111100100110011001010111001001
1100010110011110111011000100111111110111001001011011001101000010
1001101110111111110011000010001010010001011000111110011000011100
1111011000010101100110110011000110011010110111110111001100010100
1111111011101000001001001000101111001011110011001111111100000000
0010111101010001010001001100100111001001001111100010110010001111
1000001110001111101101100000110101011101100000110011101101110011
0110101110100011000010011000111011001111101111000001101111011110
0111101011010110101110001010100111000010010101111001111000100010
0001100111101011001101000010001000000100001011110010110101011001
1111010111000011001101011101100111100110000101001000100010111101
1011111100100100001100000100101001111111001111100011011010000010
1001111111111000111101000010101000101101011010100011101101101101
1001110111000011001101110100010001010001110100100100101010111110
1111001001001110110000001010001110101011110001111110001001001100
1011100111111011001011100001111111011101101111011001100110110010
0100110011010011010000000001111011011000111100010001111111100101
0011110111001010001101010110000011101101011110101010010010110100
1111101010010110110100111000100100010000000101011100100110101110
0001011100111001110110111111000011000110000101110011101100110011
0011110101100000100110010001111111011011011110100111001011001100
0010111011101001001101101000100011010101001110110111111101011100
0000000100000001010101110010100100001100011001000111110001101000
1110001100101000000111000110000011011111001111001111101100000110
0010010111010101101011111000110111011000011001110001001100100010
1010000110011101010011111000001110010111110111101001001110001001
0010001001010100111011111100110000010101001011011010100111011101
0001011001110101011001110011011011010111011011100100100010101011
0110101001111000100110000011100100011001001010011011110010101001
0111100001110101111110001001110100010010001010100000010100011100
1111111110010101110011010110101110000110101101001101110001111101
0110100110110101100111011101100000000110100101110101110010110000
0011100110010111110010010100100000100001101110010000100110010110
0000110111001110101011010100110001001011100111001001100011000011
1110100010010001001001010110011010101110001111011110001101001110
1100001100110110110000100000111011100101001100000011101111101000
1101101010010101111010001011010111100100011100001100010011010101
1110011111000101110010111101001101101111100000000001100001010001
1010011101110101011001111111101000000001001110000001011100100000
1110010011010011111010000101011100100111101111010011101111011000
1101011111011100001110100111110101010011100011111101101101101111
1000011001001000101000011101111110001010011000010111100000111101
1001101000011001001011010101111000100111101110101001001010110110
0101001000100111000011111110100111011100011001001110001011011011
0001011001011111100111100101000000111010101100111101110111000010
0111011010100100101000010000110010000100110110010110101000111100
0101101111010000110001110010000110001010000010000010011001011000
1100011111110001010111010110101111001001001101000100011011000010
0101001111010011011011101110000011100011011111101010000010101100
1100111100011111111011011110001001100000001000110110110000010011
0110111101001101011100110011000000110001000001101101001000101010
0110000111001110010011101100100011011001010100101101010001101001
1101010000100110101000010001010101110001010100101000001100100111
1011011101010101111011000000100000110101101001111010010010011001
1111110011011000110100110111101000101010100111100101011110101001
1011000001000111010001110110111110011111101010011111011101000001
0110110111011111010110110011101100111000110000100100000001010001
1100010010001101101000010110110010111101100000100101001101011101
1010011101011001010101101110100110001001001000010101001001110100
1101100101100110011010100000000100010011001000111100001100011001
0101111100100110111100000111010000110001000111100100100101010111
0101101110100011000010001000100110111101001000010010101001111111
1100100100010101111000000100100001110100101111000110101010001011
1111010010011010100111011011010011010111000001011110111111110010
1010010111000101101110100101100101111111110010001110011111101001
1110110011111000110011001011001100000110110101101110110010111011
0010011001010101010010111011110110011000010101001011110111101010
1010111011010001110100111010101101110111000110010111010000000011
