1111100101101101100000001011001010010011001010110111111000101011
0001110110011011110010011011011100111010111011100111000110010110
0010101101010000011111010000001001110101000000010010000001000100
1000110101010100101110010000101011110010101100011011111101110010
0010011001101000101110100101010011000110110000111101001001001110
1001101010100100011001100111001101010110001000011000111011110110
0111001101001111100001000101100001011100100101010111101100011011
0000111111101101110110010010111100010000001011001010111011110000
1001010000101100110100011110100101110111110010001001000100000100
1101001100011111101001000110111001011011101011000010000010010000
0001111111000100011001010010100011111011101111000001100100001000
0111101111001001000010110000111011110110111000111110100010001110
1000001000010011010010000011011111110010010110111101000100111010
0101111101001101111010100010011110101111010100111100001000111001
0011010111000110100001100101011001110110110001110100100011010111
0000011000001001101011000010000100000100101010011011100011010111
1110100001000011100001011010010111110100000001010000100100110111
0111111010111101000111100000001010001010110000001001100001001111
1110001001011100101101010101000110001101111000011010011001010000
1001101110100111001001001001110001001100101000000011001010010110
1000010101001111000111110101111000100001101101101110110001000110
1010000000001100000000010100111100011010010010011100110111000100
0010011010010011011000011001100110111011001010011111111000101111
0110001011110000110001010010000101101010000110001110101001011010
1101010010110010011001001010010011010011110111100000010010010100
0110011100101110111101101111001100101010000110110011101111001111
0001010010110001000001100011001010011001010010010011011101001111
1111111000101111010101001000110010001000011001010001100000010101
0101001011000111001011100011010101101110111000100011000001100100
0001101011000010100010001000011001110101100000101111000010110000
0111100010101000001001011110000100000110110001111010110011100001
1111111000101001010010010011101010100100001111001010001001000100
1111000111011111110010101111000010010011000000101010011101011110
1111100000100011001010000000110101100000110010101100100001011110
1001011001001010001101001001001110101101010110000100000111010101
1011111111100000001011000011111011111101000011101100101111010110
1001001111010000010110101101110111101000100010011101100100101101
0000101101111001111110010101100110110000011111101110101010010000
0000000100011011000101000011001100100001101101111011000001110000
0101010101010111000010111010100100100011011111101100100111111110
1011100010110000001111101111101101111111011010110000010011100100
0110111000100010011111111011000111001001011100010001111000010000
1010111011011000011011001010111101011011111010110010111100010110
0010010101000011110101010111100010101110110001000110011111111111
0111100001000011000000101011000000100110100011100111000101010011
0001101000110011010010000111010101000110001111000011100101101111
0111001011101011100011011001010110010101011010110010111111001111
0111111001000001111111001100011011001000110000110101111010110000
0010011101001011100010000100110001111001001010111010000000000111
0001000001111011110110100110101010001001110111111111111100111010
1011010000000111111000110101111101001000000010101100100000010011
0111111111100110000110001110111011000001001010000111001000010000
0011000111101100010011100000100011010110111011000111010000111010
0011101001110110111001000110100010010011111101111110000110010110
0001000010010000100100000110010110101000111011001011101011000010
0101010100100111110010110101111001101110111010100100100101010011
1101000000000101000000110010000100101101000000000000011010010100
0000100110000100111000001100110000111011010101110101100011001101
0110110000100011101011000101011100100010011111101110101000100101
1101101011000001010001001001010011011110000100001000010101101010
0000010001100011110010111100010110101111001000010101100010100100
0000001111100101111101000101010101011101010001000101111001100001
0010010011011100111100010000010111011110101111101100111111101110
1011010110000101101110110101011110110001011110100010110010101011
1000101111111111010010000011110110011110100011111000100011110111
1010100101110001110101111101011011100010100110101001100110100100
0000011101111101000100010001101100110011111010001001100000011100
0010110100000000111111110100000101010111000011110001110010000000
0010001000011110100001101100010000011011111111010011010101101110
0001111110010011011011110110001000111000111110101100011011110101
0101111011010111001011111110101110110010110011110010101000110011
0011100011100110001111011001001010111100110001111010010100001011
0110001110001110000101110010100100010110100010010101011011101110
