0000111001010100001101000111010011001111001010000011011101000001
0011101001110100100101110101110011000011010011101010110101001101
0001100010010011111010000101101010101100011010100101000001110111
0101101100110110100010111011111000000001100110001000111110010110
1101010000100010001001010011111011111110011110111100010111011010
0111001000101000011111010101000000001001010001100101100010111001
1111111101000100110010001101101111010010011011111111011000101000
0111000001010001011001101011010111001010111001010010010101010111
1000110010100100111100001110110100001000100111111011110001100010
0110011010010011100000111100011010100110111010011010110111100011
0010000100111111111101101010110001101110111101101100010100101101
1011110100001101011010011110100111111100000110110111000000011101
0100100011000011010011110100101000010010110011010111110011011000
1000010000100110000101010111010111011110110000011010101011010111
1110000001000011110110111111000101110000101010010111101101001000
1100101010101100111101111001101010011101000001110110111100000010
0011111111010111101110110011010110001001010010011011001101001001
1100011001100000101010101110001011101100100100111000110001000100
0101100110100001111000101001011100110010100101101111110110011100
1100000101110100101010100000110001000001110101111010100100001100
0100111001000011101010110000101110001001100010111011100010111001
0010101010010110001011001010000011110000101000000101010111101101
1011111100000001110100100010001111001010100001111110110001011100
1000000101010100110010111110010001001101001001100111100001110011
1101110001010001011000101010001100101100011101010000111010001001
1110110110011100111000110010000111100011000001110000010001101010
1000100000111011110000010111111000110001011101110101110011101000
1100010110111010111010001001000000000000100010100110110000110000
0111001000000011011000101000111000111000010001011110101001011111
0001111111000000101001111000110111001000011010001001010110010111
0010001111110110010100110101011000111110100010110111111001111100
1001001011110001101101100001100011011011111101000001000111100000
1110110000101000010111100111100100011101010001000100110110000110
0110111100011111110010101010100101010001100011100111010110011111
0110001101100001100000010110001011110111011111011000011000011100
1111110110001010101101111110000011100101101100001000000111001101
1001111011000001000001001100100001011101010001100101111001000011
0101011010110001101111010011001111000011111111011010101011000101
1110010100101010011111111110101110001010110001010111011001010011
0000010000011111010001110001101110010001011110010011011111001001
1101100111010011001010001010110110001000100011110000101100000011
