0001100101100101101011010111010100111101011011000100110001001011
0001000000011100100001110100110010010011010001111110001110001001
1010101001001100110101000111011111110001001000010110111000101110
1011100011100001101110011111011101011111100101011001101001101101
0010110011100110000000010010100010011001101011010110101001110110
0101000111010100101000111101101000001110011101000111010010001110
1001000110100010011101100100000101101111111001100100000101111101
1001101110011010000100110001000111011001001100111101010110111101
1001100101001110111110011010001000101000010011100100001100101111
0111000111000010001011110101001101100001110111000100000100011010
0011011000111001110110110100001110010100100101011011011110010000
0011011101011010000011110010010001110000000010100100011111100111
0110000100100000101101110110100010101001001010110101110000010110
0111101011101000000010111001111111011010010000000011010000010101
1010011000001011100010110010011101111001000101011000111001101000
0001001101000011011011100111010110111000111000001001101001100001
1101111011100010011100111010010001001000011101110110000100011111
0001100111001010011011100010110011000000010000111011101100000101
0000000111110101001001010011011111101101000000001101001111011111
1100101011111110010100100100111010001011001000011001001000101110
1100011000110101100100000010000000111100011101101001010000000100
0101110100001001110100001100111000111100101010011101011111010001
1000100101101111101101010100011001001100110111110110001100000100
1110001011011010001101010100100100010111111001111000001010010011
1110100010110100101111010010111111011111000101010101010111001110
1101011000101011000010011110101100001000001101110010111101100110
1000000011100111110011111100111110000010000111011000110101010000
0100100001000110101011000001101111001110010001111110000000101100
0100001010000110000011000111101111011011001100100100111110010101
0110101111010010100010001101110110110100001011010111110001011011
0100011010111111100100111010010100111100100010001000011101101001
1010101110110011001000001111010000000111111001011111110101100011
0100000111010111101011111010010000101101001011110111000010011011
0001111001001000100101101000100000110011001011101100110001010101
0110101010010000111100110100010111100001000000111101110001111010
0001000101100010011100110111011101111100101000011001000001100111
1101110111000101100101001010100000101010001011011010000001001101
1011101010000000101100110101110111110100000111001011001101111111
1111111100010001101010110000011100011101100011001001110100101000
0111101110100110000000110111010100001001100110000100110011001001
1000011111101100110000010011001000011101001011010010110100001101
0100110010111000011010101111010110000011101011001110110010001011
0001010111011011000011011011101011111101000011010001010000001010
1011001100101011101010110111100111011010101101001111000110011111
1011100000001010000011011011011101011011001011110110111000110100
1000001000101010111010011100011000000111111010011010010111101010
1110100100001100001111100100000111100001011001010110101001110010
1000010001101000100011000111101001100000100111001110010110111101
1101111100010011110100001000000111101110000110110101001100110100
0100100010100110001111101001000101000111000100001000100011101001
0011011111111010001011101001001101010000000100110101111001001101
0110001001111000010100111100011011101100000000111101000010011010
0000010011011101110111110011000001010101111110101000010100001011
1010110111111110000101110110011000001100111010101010101100001110
1101010010111110111101001110100010110001111000111001000100000111
0101100110011100011001011001011000111011000101111101100111110111
0100110101110010011100100100100110001011100110000000111101101011
0101100010100110100110110010011111000011111001111100100100100001
1010101101001000111100000111101111111100010111100111110110011111
1110001000111000001010010111011111001100100011001100100101010000
1010111110111100001001101111010101011100100111101110000011001001
1101110101111111000100110100111101110101000111100011111111000010
1100101111001110101110100011010110000100100100100100111001100100
1110100000000001011011111000110001001100010111010001111110011011
1111101000101111110101000001111100010100111110010011000011000001
1100100101110001111110110110101110011011010001100010010111111111
1110001110110010101111100010110110001101001010001011100000000101
0011010101101000110111111110001011011000000100001011010001011101
0100100110111011000001001010100010010000111101100010011110010110
0000010001001000010101101111100000100100000000101010010101010001
0000100110110101111110110000100110100011011100001000111101011110
0011100000001011110101101111000000100011001100100101101111110101
0001001011001111101010110110110110010100110111011001101100110011
1110110100100000100011001111000100011011000011010011001100010110
0011001100000011110011011110101001001110110000111001111001001000
0011000101100100110100011000111001000111100011100100010101010100
1011110110010100110010000100011111110111011001111100010011100110
1000001101011101100110110110101010011011100101011011110010101110
0110111101100010101100110101011011000001110111010110100100110100
0001110110001110111111100111011100010000100101111000110101111000
1111000111001101001010110111110110011101011001000101101010001101
1000111110100010001111100000100100001111010010000001001010000111
1111011111101011011100110011100100000010100011001000111000000010
0100000111000011101010010011101000000110101101001110011001111001
0001000110001011000001010011100010011111111100001000101001010110
1101110000000000110111011011001100000011011011100000001000001100
1111000101001001111011110001101110011010001001101001100000110101
0100101010000001111001110100110101010101110010010110001011111000
1010000100011011101010110000111010110100111011110010111010100010
1110111110001001010001010110010110110011101000100001111111111111
0001111011110001101100010101101001011110110001001000001110010010
1011000001001001111001110000010000110100100101010000000011100101
0011110110010101111010110010100011100111011101100000110000000010
1110101010000111100100111111111000001101110110110110101110000101
0110110001110011000111110101111000101000100001101011011001111110
0100001111001011010100111111000110110010000011101100011101000110
0111111101101010011100100011111011010100000110110011000001010010
0110000011110110111110001001000100100011110101011110011110101101
0001111011100000001100000000110101111110001011011101001110011111
0010010111001100100111110011010110101101010101000111111000110010
1111101100010001100000010000010000110010000110100110101000101011
0101111111111001001110101011001000010001001001101001000000101100
0011001001101010010101010111110101001101001011110000110111111101
1011000010100010000011001001000010100011001100100110000001101101
0101101000001000110101011000110001110111110111110100111101010101
0000110101000101001011100111010111000101000100011000101000001011
0111110000101101010101100011110111011100010011011101010101000011
1100010100011011011010111101110010000000111011100110010101001010
0001011011100001111111111101010110100010011100011011001101101001
0011001110101011101001110000111101011110111001010011100011000100
1010111011111000111100110110001111011111011101110111010111011100
1100011110001010010001110100000111011111111101000110000000011011
0111110011010111000010100110011101000100011011110010011101000001
