1010101011110100000101100101010101010100101011100110100010100000
1101000011000000110100111111111101010010110010011101011110111001
1111010000111001001100100011110110100100001010110001100110100110
0010110010000000010010011100010001101010000110111000100000010011
1100000011010101100001111101111001010011110110111101001011111011
0001000010001110101111010001110100011110111100011100011010011001
1100000111001001110011110111111110111101101001010001110001010011
1011011001100011101111110000000100110001101101001110000010111110
1011101010011000010000110000010011100100011100110010000010100010
0001001000101000000001100101111100011011110001110101110100011011
1001110001011101111010010110010011001000010101001100010111110010
1111100111101101001001110000011000110110100000000100101010101110
0100110011111000101111101110100100000110011000011110001011100000
1011001101011101101011011001001100101000111111100100101110011101
0011100111010010101110000001111100000110011100110010110111100111
1011101101110100000101011110111010110001010100010001100011101010
0111011101000111100100011000010010101001100101100010110101000000
0010000010001101101010000111010101011111111111111011111110101011
0000100010111011111100011010100010011101001001111100111001100111
0101010110010100111011001101100101100001100110111111010101100010
0010110001011000111000000010000111100001001011101011001101101110
0111010100011001110000101001100111000010100011000011011110111000
0111100011101110000101100100011110000000010000111011010100001001
1100000010010011000110001101010111010101111100010100100101101000
1000001100001001110000011010111100110000000011001101000001000011
1000000001101000000111001001011110100011111000101101010101000010
0110110011110110101011100111100010010011100110110000011101100000
1110001101101011111100100111110000100000010101001001111111000000
0011110111000101001100011100110101110000101000011011111010000100
0101110110111111111011110101100011111010101011001111011110010001
0100001010000100011000011100111111110000011100100011011101111001
0110001110100010000000001000010110100000101100011110100010101101
1010101100011011111100110000000011000001001101110111001101101001
1111001010001110001011011000001001011100000110001010110100010101
0111010101001000100110101110001001001000110110000110000100110100
1010100101001101001011101110011100111101101000011001001111100100
1011011110011000111111010100100100000001001011010100110000110100
0001000000101011000011100101001101001110101000000010101011011111
0101000010010100111000110111101000011001011000001010101110100111
1111000110111110000001111110000111110001000100000010110010111011
0111000100001111111111010011101101000011111100101110111100010011
0001001110010101100100110111010110100010100100001011110111010100
1000001000100011010000000010100100011101100001110100010110111111
1010011001110101010111101001111101111010100110110110110110010001
0100010110011011011100111101100110011111100101101101111110001001
1000000011110111100011000000001111100010111001100000010001110100
1001110010101111000000110100110101110000001111100000101011011001
0101110001001001110001010111001000101011000010100100111110001001
1110000000011001101000110000000010010110101101110001000100100011
1011010101111110011100000111001011110111001000011011001010111101
1110000001100001101010001010100100100100110000110001110110111011
0110110110001010110101010010011001011100100011111111000010100001
1001010010000111111011001110010110010110000000111010110001101110
1101110000000000011110100111110110010101111101011000001110011110
0101100111010010101011100001101101010100011001000111000000110110
1111010001011011101101011101110000101010111010101011110101010011
0000000101010110011100001110011001100001111000010001010011001100
1011111101001001100100100000000011110010010001011010011000111100
0000101001100110101100101111001000111010010011111101001111111110
1110001010100111011011000010000010101011001101101001110110000100
0100101001011100001000001111100110011000110100000011000001110000
0001000111010010001010010100001000000100111111100000000011001101
0100100110100011100010000100110001100000111010101111100101010011
1010101000001011111001011010110110110111101100010111000010011101
1001011001111011010001011010101111001111110100101001110101001011
1000110001101010001000000101100101001010110111111010111111101100
0100010101010111011111011110101110110101110110101101000110101001
0100010001000100101011111001101100011010100010010111111110100100
1110000010111100001010000010101111111011111000010101001110100011
1100110101110001100000000000000011111001001101110011111011101101
0111000110101111001100011111101000111010011001001000010111001000
0111000010111010110111000111101110001011100010000001111001011000
0111110011000101110001110011000101011000000000100101001001011111
0011011110110000100100101011110101010101011111100101111001101000
0111011101111011011010011001111001010101000001010100111110010011
1101000001011110001101000100010001011001111001001001110000001111
0111001101001110000100011001110101010011010011100011100000000011
1100000011100011001010011100101011011100111011001101110010001101
1100011011001000101101011111110110000100000110001110101110011010
1010100001011000101100101010001100111101101010010111100111000100
1000101000111111101100111111011100000111101010101011101001010111
0101101011010110111011110001011000100110011110001101111110000100
0101001111000100100000010100001100011001101000110010001100101001
1010111110100101001011110100100001011011101001000111111000011000
0010011000111101100000000001101100000011110101011011011000110111
1100111110011100011110101101001101011100100100100101000100000100
1000011101011100100101100100111001110100110110100011101111000101
1001100111100001000000001011011110101010000010010100010011000001
