1010111110101000011010111110101011110000001001111110000100100011
0101000101011000101010110010001000000101010001011101100111011001
0010111011000010110111100100110010000011000000111001100011011101
0001100000111011110001100001000101101111111000011101111011001000
1111010000111001000101011001111011011111111110110111101101100000
0001001111001010100101001001111011110011010101010001011000001001
0011011101011001101111001001000001011100101010101010101111110111
1001001001011011110111101111110001111001000011111100011100010100
0001001101000001110100100110110110110110100101111110011101111010
0010011010100010110001010010001000000100001110100110101100001000
1001011101010001001001011000011100001110100100111111101101001110
0010100100101110100010011011010010100010111011010000010100101100
1010110011100010100101101000010010111011101100100100110101010000
1111100101001000111001110100010100110011110000111101010111000001
0000001110100111010110011100001011111001010011010100000101111011
0010010000100001100110001011010100110100101111100110000111011011
0011111101000000000010000110001111101110011101110000011000110111
1101001111011011001000000000000101100011110110110000100110011100
1011000101010111111011001001010100100111100110011100011110010001
1100110100010100101001000010011011111101100011001110101101010000
1100000110000110111011100101111110001100111010011001001000000011
1100010000100101110010111001011111100110111000010111000100000011
0001000011011001110100101001101111110010001011111010111111100110
0000100011000010001100011100101010000101001111001000011010010110
0001011011011000110100010111110101000101100110011111111001011110
0001000100100111111111001001110110001110001001111110000110000111
1110110100010001011110010011011110110001111011001000100110000001
0010011110100000000011100001100110100011011110001110011101110000
0001010110111110001111111110001010000100110110110100000100011100
1101000000101110111011000100111100001000001101000111001110010101
0010011111101100101010110111100100000111111111001100111110011110
0101000001011000011001110000100011001100000100010000011000001111
1100000001110001011110110000100101101101110001111000110010000111
1010110010100111100001110011100111011000101011000000010110011011
1100110011011010010000001011011100111011100111000011101011011111
0001011110101011100111111111110000000110111111111001100000000101
1100110110101111100110001111011010010100110010010001110101011011
1001110100001010110001000110101101110001010011111010100001110010
0000000001100110000001011111001100011000001011001001100111111001
1000011010111111011111111000101010001001000100011010110001101001
0110001111111100101110101011101100000010110101000000001000101101
1011111001000111001110100101110100111111000011011111111001011000
1101110100110100001100101000001010110000101010100000000110110000
0011001110000010110001110010000011011010000101001001100111100011
1101100101001010101000101001001000000000000011001110110101100001
0011101001111011000011100011010001001111011110110000110101111100
0010100100101100011110011101101001100010110111100100010000011011
1100001010000111011100011101000010111100001100111011011001100001
0111100100100000110110110101110010000011001001110000001110110010
0110100110001101011101111001101101111010110011110110110010100000
0110010101100001110000111010000000110101111110101011001011100000
0101110101101111010010101010001000100110101011010010011111111100
0000100011000101101000011010100011000011000011010000010111100001
0000000001100101000000111011111010101100000110111100100010100111
1011100111110001001001100001001110011010010111101111000110001010
0000010000101000001010101110111001010011100100101101010001111010
0110111001011111000101000101011111110110000001000110101010110011
0110001111000111001000101101000101010010100111001001101011110111
1010111010011010011101100001010110010101110101000010101010110101
0100011000110000000110100110011111101011001010011111010011001011
0001010000110001111011000010101111110111000110100110100100110100
1011101010100101101001110101000101010010101000100100011000100100
1000100001000110010000110100110011100100110111011000100111011100
1101110010101110011101101110001000111100111111111011000011001101
0010011101011110101110111000001011010010111110001001000110100110
0101010001010101110001101110010100011001100100100000101100010100
0001110110010001011101110111011011101110101111101011000111011001
0000111001010111001001110101001110100110000001010110000011000001
1101001101111100001110110011011101110000010001111010101100110111
0000010010100010000010011000010000011100001000001001100000111001
1000100111011110110010110101111110011111101010110011100110000011
0011110100011100100110110110110111111101011010000110001010010110
0110100101111100010100100001101000011111101111001011100101011111
1110000101110101101001001101101110110000110011101010001100000011
1100110101110100110111010100001001100110111111101000111111110100
0001111101111111101101011000010110010001111101010000110010110100
0101010110111111100101000101011110010011101110001010101001011011
0111110111010001000111101100010110000101111111111000001001101110
1011100111110011100111111110100101111100000100111100001000110101
0101100100101110111100100101100100101101000011001111011110011101
0111000011011011010001001101011001101011100010000111111111110001
0111111011010000010100100010100000011011111111000101001000110111
1000100100100010010000011011010000110001111010010101001011110111
1101011010101010101011011101111010011010110000010110110100001111
1101011000110101101011110111001001011100100111100001101100101101
1110101111101110100101001101110111100000101101111110001100010001
1000001001100001110111111110111110100111100011100010111110100111
1100101101001000000000101100111111100110001010011100011000101001
0101101000100110000001001100101010111011100000010100100010010001
0010100001011111011011011001110111011011011110111110001111111100
1010101010001111011101110111010000101010001000010001001000001011
0000000100110010111001000010110101010110000100110011100000101110
0001111010001101101010010010101011011110111111001000010000100111
1111001110001100011000000001001001100001010011110000100101010111
0000110100111001010111000101101001011011001011101100100011000100
0101001111101111101100001111110100001011110011011010110010111110
0011100100110000110010100100011011001110001000111101011100111000
1101010100000000010010010110000011100010011011000110110111110011
0010010011100111100111010101000110101110110010001111000110110001
1000111010010111111111101001011111001100111000011010111010101101
1000100110011111001001000111011001111110010111000000011001110100
1010010100101000010011001010110111001110110100010110000001110110
1111101100001000000001111111001010111111111110110100001110000011
1010100111100101001100110100001000110110100110001011111011000001
0001000111100101100110000010110101000111110001000110100010100101
1010111111011111000100111011000010111111000001111110001110111101
1111010111000100111011110001100011110110111010110111001010100110
0101010001101101000111101010101000001001000000110110111001011001
0010101010001111001011111100001011001100110110101101110000100010
1111011100010011000011001001111011100100011010001010010111101011
0110010000000001111001010111011100010110001001010101101001101010
1000001110000111110010100100100101111111000101110101010101001001
0000000000011101101111000010111100101100110111011100110100111100
1110110110101010001010100110101111110100001011010001111000000011
0111101001011000011100001110001000111110110111101111011110100111
0100010111100100111110110100010001000000011101111001000100111000
1000100010010001011001110001100111011001111001011010000101010111
0100101101011101011001101001110001100000110111111000010111011001
1101110000000110000011010101010111000001100000011000100100010001
1111000111111000000101011001010001101001000001010001110010110101
1110100111010000111101111101110110101010111110000111111001001101
0010011101110101110111011000010011100110110100110110111010100110
0000110101110110000011000010001100100000011101111011101111010000
1001111110010011001010011000111110001111111100101011010111011010
1000101010100000111110101000000010110100001111001101111001110001
