0111101000101010110100011001100101111110100110011111010111101000
1001100110100100010000101100100100101110010010011101000011101011
1011011101100001010101111011000111101110000000011100000101101000
1001000000111100001111010010001000011100111110001000001101000101
1011110111110110001100100011100000001001010111111101010011000111
0011111000100010001000011011011011101110111000110001101000110111
1110101011011110100001010111110110110001010110111010001010101101
1110111001011101110101000100010101100000100010010001011010000110
0001101001110110000100110101011111001101100011000010111100010011
1011001011111100011000001011001011010011100110010000000000011101
1101101101001010110001111110001000101101100000001110100001000101
0011100001100011000001110001100011100000001011011111010111001000
0110110010110100110110101111011001110101110110101100110010000000
0111100000111111001110001000111100001000000100110010110011011000
0000011010101000100000001101000011111010111001111101101001000101
1000011111011001001011101110110110011001011010101001100010100011
0011001000100101110001000011100000010011101000110100110101010011
1010001001001111110100110110110011101101000110101101110000101100
0111110101010011011001001010011101100111110000110000111111010111
1000100010011111000000011111111101100010110000001001111000000001
0101111001000100001001111000011101101111011010110000101010001111
1010111110110011010010001101110011001001111011000100011110101101
1010001000011011011100011000001100000011101010100111000001101010
0010101101100111001111110000111001010000110100101101010100101010
1001111010111100011100000010101011101101101010111101011011110011
1010011010101000011101010010101001100100010010100010000000010100
0010001001001100011000010000010000010001011000110010011111010110
0111111101100111101011110110110000010110111111111001110001011000
0010000111010110101110101100000100010000011110100010000011011011
1010110011110010001101001011000000010100111011001010010010110100
1111100101000011010011100000001011111110011001101110001101010101
1101101001011111011000000001101010101010001000110001100111010001
1010001110001100001010001111101100101101001010100111011101001111
1000010101001101010101111010111000011011011010111011011010100111
1000101110011100101000101011011001101111100101001101010001111101
0110000011000110001011001110010001000101111000011010111110111000
0010010111011100000100101100100100010010010010010000110100100110
0111101110011110011111011001011001101000100101011101000010010000
0110011101001101001101111101010011010110001010111101010110110011
0011001110110100110010110100111000100100101000000000010001000010
0111010101100011100110111110111000101110111001001110011010111111
0100101010011101111010011000101111001110010110010011111100110100
1010101011001111110011001001101101100010011010101101011010111011
0101111000110000000000011001100110111010010011100110001000011010
0110100000101011011111111110100011101111110000110100100100100010
0110101010001011100101001100010001001011000001110000000000010001
0000001100111101001111000100010101000111000001010010011011001111
0111111100110011111010010111001011110101001110001000000111100010
1100011001110110011000110010001001010001110001101010110000010010
0001001001100110010100101110010001101101011010100110000111111101
0110010110001010000101000000110010100001100110000100011011011001
1100000100110101000011100001000010001110000010111001100100000101
1001000011000011001101001000111011111010101010100001011110101111
0100000100101000010111010000000000110010110110000000011111110000
1010010111011110000010100101001010011101000111000111001000010101
1001101110011110100100101010110001100000010101000110001011010100
0000111100100000010001001010101111001100010000111001011011100001
0101011000110001011000000110110010011010100110010001011100010011
0010100110000001100100111100110001010000000010100100001001000110
1111101110101101111101010001100111101101011101000000011110000110
0100110011100010100110010010110101101011110000100110110110000101
0100010101010011001100010111101110000111100011111101110100010101
1111010001001110100001010111101011111111111111010101101101100001
0000111001010110100001001001010110111011001111011101000001000101
1010011011010110110110100011100101111000000101010001110001101111
0001110111000101000001001001111100000011111101001010010101011111
0010110011000101010001011011011101010000000110111100000101001110
1111110100000100000011010011110010011101011111001100101000010100
1110110111000001100101011011101110000100100010100001011000101010
0111111110100110011001011110011100011110110001000011000111110110
1001100000111010100100101011001101111111010000100111011110100010
0011010001101111011101001000110010001101100011111011000001110000
0100100010111110100100001000101000101101011000000011101110011011
0000010111000000111110110001000001110101010111100001011101000011
1100001111000010010110010001101011001100101101000100101101101001
1110100110101110101001110000000000000100101110011101010111010011
0011010001101110000110111011001000101100010100010111001001001000
0000111010101101111111001011011010000010101001111001111101000101
1001010000000010110001011001100110000101110001100111010010010011
1011000100001110011100111000011100111010011000101100111110011111
1101111101110010000111000001001100110111011100001011011111101000
0100101101000010101000001111100110011100011101000010010100110001
1101000000111001010000001011101101101001111011000000100011000000
1001001010011110110111100110000010010100110100011010111011101011
1110100010001111011010010101001001101011111000101000011101101011
0001010001111101010101011011100001110110111001001101100010100110
1100110000110010000100110001100010001010110011001011101110111001
0010011101101010111001100011011111100110100110110111001000100111
0100000000100101010101110001000000111101001000111001000100010111
1010000011110100101010000011001111000100000100001010101001000110
0111101011111110111101100000100011000010000111011011100111111000
1111100010110011010010100111000101101101000111111101000111001100
0101011100000000000011111110111001110100000010111001010011000101
1000111000100111010110001001011110111111001100000100000101100101
1111001011100110011101011100000011101110001111010101111011011111
0010010111110011001111010111011110001010010110110100100101100101
0111011111101110010011100001101110011101000011010000011100111111
1001110011100011101001111111110111010010111101000011001111011111
1011111010001011000010001010010110111110000000000000100100010011
1011111100001001011010001011010001100000111011001000001111101100
1110001011101111001101110111111010111011101110000001100101010001
0011101101110101100000100100110110110100110010000001010000100000
0110011100010010011111111001110000000100011110100101001001110100
0101100111101110101111100101000100001010101100100001100000110010
0101011110010100001011001011110101000010100111001001000111111000
1110011101001110100000111010010001010100011010101110010000001110
0001110111110110101011101011001001001000110010100101111011000100
0000100110011101101111111110100101001010110110000110100101000101
1010010101110010111111011101000000110010000000010000100111101110
1100111111010000101010100010010010010010110101101110111101000001
0100100111011111011001000001101010111010110101000001011101110110
0111010110010000010100010011100000000100101010111110011011000010
1110000010010011101101100001010010111111110001001111100101000101
0101111011000011101010100000101010101111001010110010001111110100
0011101010110100100100101100000010111010000000110011001111110010
0111101111000111110100010110100000101000101010110101110010100110
1001001111001101100011100011011011101111100011011011000000100000
1001001010000101110110000101110010100111110010110010000001010011
1010100010111001000000111100100100101000100100000111000110101101
0111011011010100001101100111010000110000001000000111001010100100
0001110100011101001000101011101011100010001001011101001010111010
1001110010011101101111001110001100001111010000101001100000001001
1110011000011110001100100100101100100000010011000101011000010000
1011011010000100000010001000010101011110000111101110101000110000
0000001000101111010000101111001000001011110110001001011000000000
0000111110000110110110111000011000100010001000010011111010101011
1101101000101001101001011110011011010110101110100110011101010001
1111010001001100111101111100101000110110001000001011000011000110
1100101101010010100110010101001011011101011110001110010001001000
1101111010100011001101100011100100100101101011010100000000011011
0000000000001011011111100000111110000110101001110101101010111001
0110100111000110100110110001000010101011000011011000001000100111
1110000100110000001000110100001100011001011011010110101010101110
0110011010101000011111010010000100011011101111111011001100011111
0100110110101010100011011010001001111110010001001101100010011100
1101110000011000011100111010010100111110011110001000110000110011
0101010101110111001110101111111100101010101110010010000011101110
1100110101010111101000011111011010011010011010010001110111111001
1001000100101010111110110101000001111111101111000001100000010100
1100011001010111001101100011001000111001010010101000011010110000
0100101011110100111001000001010000100100110100110111010001110100
0101010111111000001011110101110000000001000011001000000100100100
