1001000101000000101010001010011111100101010010100101101100110010
1011011101101010000110111100110100010110111100100000111100000101
0001001110101100010000011010111011000011100010011110111111100101
0011000010110110110000010000111111111000101011000010110010011011
1100010110010000110110001101011110000111010011110011000111000101
0001111010100011000100110010101010101001010011001011010110101001
0110001101100111101100001111101011101000011111001011000110111000
0001110100000100111010111101000011110001011000111101111001000111
0101010010111111010110110111100010011110001001100111100000000110
1110111010000000001010111011101011111111001011110100011000010110
1011110110110000000110011010010001111100000000111110100000101010
0010001010101001100000111101100111010110101000110110010000110111
0010001011011110101100000111000111001111011000001010111110111010
1110010001001111100011100011001101110101011000001010100110101011
0110000100110100111101000010110110110001011001100010011011001010
1010001111010000000011100101100011010001001110010010100111010010
1100101001101101100011111111110011011110011000001011000100100010
1000111111011001100011101111000001000001101111111101110111010110
1111110100010100011101111110110011100100000101001101011011101101
1011111100101111010010001001011010011001000111000100000011100000
0010101001010111100111101001110111010001100110101100001100000010
1100001000000000101010101110010110100110000001110111000111101001
1100101011011100100100110011101011011000110101101000111011101001
1110101111000110110110000000011000010110011001111001001000010111
1011000010101000001111100100010010001011001001101101000110111010
1111011100011111101110101110010101010010100011010101000110100010
0110000001000100100000100000101111111010010010010010001100001101
0111000110100010010001100010010111110010110100010001001110101101
0110101000101110011110101011000100011110000011100001011101110001
1001011101101111101101001010000011001010101011101110110000001111
1001111100111101001101110111111000110101010011011100100000010101
1110100111011110111101101101000001100100000011010100111011001000
0011000010111111101010101101000110100011010010011101110011010010
0001010110011110100101111111000010000101111011100000000000110101
0101111011010111001101010001110010100010001000000100100001110111
0111100111000011011100111101010001101101011111110001100010101100
0111110100000001110000011101000011000110010011011000101000011111
1000000000000111101101010011111110111010110101000100100100010111
0010010111101001010110101101001000001011111110101010100001100101
0000011111110111010001110011110111001101110000011110101100101110
0001000110010110110110111001111111001011110011000001010000001010
0111011001110001110010101111001001001000011010001101000100010110
1001000110000000011010010010100000111101011101100101110011000000
1000110011101101110001001011011101111110100000000100000011100000
0111001000100011110111111011001010111111101111010011111101010001
0110010111001000100011001101100011101011111100011010111110100001
1101011010101100011000110101000011010100101011110001001010100001
1010001100001010011110011011001100010110110110111110001010101011
0001101101110001100010100101011010101001100111110101011010000010
1010000010110110110101111001110100111110011110111100111101111101
0111111100101000111111100110100000011010101110101010011110001100
0010110010011001000100111000101110011100000000001011011100101100
1011100100100011001111011000101111011111000001011000111110011000
1100010101001111011010001110001111111111111110110010000101001000
0011110100011111000001001110000110000110000100111101100000001100
0011011100110001101110110000110111011001111100100111111000010011
0000100111100001111111100110011101011101101100111001011100011110
0000100000100010101101111001011101100101101011011010101011001001
0110101110001000000011111001101110101110001001110000011000111000
0101010101101000101110111111110010100100000001111011011101101110
1000100101111111011110010110100001011001101011111101101111001001
1000010101110001001101010100001010000000110000011001011100010010
0001011000101001101101101010011101101000110111111011010001110011
1111010100010111011010010110011000001000011010110100001000101111
0011101011100101110111001110111001001010001100001101000011001001
1111110010000001000010110001111010011111010011100011001101011101
0011111100001001101001010011110010011010100010000111110101000010
1100011111011111000011011010000000000010000010011000000011011110
1110101111101010010011101000100001101111110101000101001001011001
0101000000111100001100101110010111100110101100111100111000100010
1110001100101001000100111110001101111011001110011011100000111010
1010010111001001101100100011111111101111001000110010110111101100
1110011100010011101001010010110111100011000101111001110100101011
1111101010100000010100011100000011011110111000010111101011010000
0110111010100101001111110000111101000110101000101010001110111101
1111101110111101000101000001110001001110010110100000011010011000
1011010011010111011001011000011111001000011001110110001010110100
1011110000110011100010011100110110111010001010110011110111111000
0110100100001101001111110110010110000001001010000100001000011011
1011100110011100010011011101001011100000000001001100010111011100
0011100010001000011111110111100001011001100111111100101110100111
1001001001101001100100010010010111001110011000100100110011101001
1110000010011110011100011000101111111100111110111010111010010100
1110111110011010111101101110110000110111011100000011100110110111
1000000110011101001000110101000100010110100010000010011001010110
1111011000001101111001000100010011100001010111000111110100000000
1011110000011101000011010010011000111101111110101010011011100100
1011010000000110011000111111101001000100100011110100110010010110
0000010101010101011101010100111101011100011101111110010000000000
0101000010101100001110000010010001000111010100110100100001011000
1000010101010100100011000000010001010101010111000111101110011100
1001000111101110110100110011111100000101111101111011101110101100
