0010000011110111011000001101010001011100100111000110010001010100
1100010101011111001100001001110000101111011101001001101101001010
1110011000111001111111011111101110010101110111101000010000011001
0011011000100110011000101000101011110010100100100101010100110010
1111110101100001101111011010011101111001000010010001100100111011
1010100001101011001101110010001000111101100001101011110011111101
1101010000110110010101010000111111101110000011100010011011000101
1001110111111011011011010001001011110010000100010111111101101100
1000000111100100110100010110000111111000100111010100001111011011
1011001000111011101011110101001000111000011111111010010011010011
1101000101010111001010111000011001100001101001101101101101000101
1101011010000011111011010101110101011101000100100011000111101001
0010011110000101010000011101111001101011100001101101101001110001
1111011011100110011010100000000011010101011010111100110001000000
0011100100101001000011000011100011011001000011000001101111110101
1100101000101101011000000011011101010010110101111010100110101001
1101000111011001101111101001111111001010101111000011011111100010
1010101101000000101100110011010010001101111100010000110101111001
1001001001011010011101100100111001011010001110010000110101000000
1101011011101110001011110010000111101101100000011010011010001001
1110011001010110000010100011001110001011011011011001100100011100
1110010011010110110101100110111111000000111101110001000001011001
0111001001100011001101001011101011110101001110001000001011010100
0011000111001101010100110010110001100100100011010000000100011000
0101110111100100100100010011101110100011000001000101000011101010
1010001111100100100101101110110111010011110001000001000011000110
1110011011111011101000010001101100101110000100010011010010010000
1000110100011111111001110100101011000110110001001101000011011011
0000101011000101010001000111010011111000011001000110001000111100
1011111000101001111111110110101010101100001111001101101101100001
1011001101000100110101010110100110101000000010000110000000101010
0011001000111100101101110000111010001100000101001010011001001010
0101110111000101001010111101101011010000011000010101010010010010
0100000101010100111001011111110101011000111101010100010101101101
0001100110100111111100110111111110011001101100110000100001111101
0100100111011011010000111101111000111011110011111000001000000111
1011001111101000101101010001100010110011110100101001000010111101
0010010111100001101100100011001101101000010111110010100100111010
0111100000010111101001111001111101011010011001001001101101100000
1001101010011011000001011000011011100101111110111101110000001010
0101110110100001011011011110001101100111111111011011101001010100
0111101100011011010111101011010000111000000011001110010001011001
1011111100010111010100101110110010001110110100000010110110110000
0100101101110001100011101011011111110000011111110101011110010110
0100001111010000000010001001010000010110111000001111010101111011
0110100010001011000011000001111000100100100011000001001111100100
1000000100101110000110111111101101001011001001110101001000011110
0001000110000000111101011000010111000001001111111011000011010011
0100110111101011000101001101100101010111101000011000000101100111
1101001000111101110011010100001010110101000000100100101101010111
1000000110001110001110000100100011100011100100000000011111000010
1101010100010001001000111111101001110100001111010110001100111111
1111010001101001110100110000110001001000111101101001111011111101
1111000001100001100100100000101001110111101010111101111011011010
1011000110110001110100000010100000100000010101000110111101011101
1001000110100000101010010011100000101001101001111110011000011101
0000101010111011111100011110100111001101101010101111101111001100
1111001001110101001000010000110100010001110001111100100001111011
0011100111010110011101101101100110101000011100101100101010010010
0101101000111100101011101001110111001010110011110110000010110001
1111011000010111010010010010001111010100100100111011100011111111
1001001001100000111111111110110000000111101011101100010001011100
0110111111000100001001111010011011000110001011111111001001100101
0101101111101000101101001100001101100010100011011111011010101011
0101110100011011011101001011001101000001000101100111111101011111
1101001101011011000110001010001100101011000101010100001110000100
1100101001101010100110100111001000101101000110000011001111001011
0001101111101101000010010010000111101100101000101100011001101001
1111010111000111110101010111110000100000010110000011011101101011
0001011100000011110001111001101101000111111100101101011011111010
1101100110001111011110110011011010111100101000111100111001010100
0100010010110101101010110000000000011101011110100100111100000110
0000100111011101111100101010011111010000110001011100111010011101
1101010011101111100111011010001010011110001011111001101000100000
1011000100110100000010111010001000101001110111111100111111001110
0101000100000101001010001111000101101110100100000111011111011011
0011001001111101111110000101101000010010010011101110100000010010
1000110100000010011001111100101101001101110100110101010110011011
1000011001101011010011010011011001110001100000111100001011101010
1110100101101000101100111010010011100001011100001101101111101010
