1001110010100111000100110101111101100000000011110000101111110110
0000110001011000001011001000001110111111000100011010000100011100
0100100011011101000001001010000111010010110000000001011001010010
0111110101011100011111100001100010000001000001100101110010101110
0111110001011101101011101101000110010110100010010011000010101010
1101010110101011000110100000011011001000001110111011110111000010
1111100010110100000001011110110010110001110010000100010001000110
0100101110000001001101000010010001101010100110111111000011111011
1000101011010100000100010101111010000011100000011000001101100000
1011010111110100111001010101101100011101010011000100100000110101
1000011010010011010100100011111011101111101010011101000110001101
1100100010110000111010100000010100011111101001100111110100010011
0111001001100011100101111011000100010111010101010011110011010111
0011101101101010000001010110010001011101001100011111010001111110
0100010110111001010100110001110110010111000110110111011111000011
1010100001011000010110011110000110110000001110100000001111000000
0011101100010110101001011111011001011100101111100001111100110010
0110011010100101110011110110100100010100110111010000000101111110
1101111100100011100110011001111000110001001010000111010011100110
1100001111111100010101010111010001100110111001010011000101110000
0000010011000110011101111000011111011000111001011000000001011111
1100111000101011000111011011011110110101100110010111001000100000
1010000001011011010110110011101100010110001101110101001101100100
1100101111101011110111111011010100011110001111000011111100011000
0010001110111101010001011100110011111000101011000110100001011000
1000111000010101001111000011111110101110101010010100100100110111
0101101111110111100000111010100011010000100111010111000111110110
1001101110110101111000100110101100110010111000111101011000000110
1111001001011100100010101110110111011001001010100001001011001111
0010011100001101111000110100010111100000100000001001001011001000
0111001101010000101010110001001010100000111100000100101101101110
0001000101100110111101001110111110100101111100011000010001101111
0100101111100110010010110010011101110010110010111010110111111100
0001100100110101010001001100000111110000101001100000101001110100
0001001001000101101101000001101011111110001001011011010111010011
1110101101100001110110010010001010010101010011000011100010000100
0111101100100011110111111110100001111000111000011010100111000110
0101111000101100000110101001101010001101111101010011100010001110
1010010001110111001100000110111101101010010001101001110100000011
0100000000110000110011011110010111111001000000111110100110001011
1001101111101010000001011000000011011110111001111011111100001101
0100101111000000011011000010000100000110101000101011101011011010
0001001001000001001101111001110101101101101100101001001000000010
0110101110000110111000011101110010001000010101011111001100000010
0011111110111100011010000011010010011011100110011100100110110001
1110100000101011110111001011000111011100000011100101001100101111
0011000000111010000010000001111000000100000000110101001011100101
0101101111111110101101001101010001101110010101111111100001111111
0010011000110110110100010110111010100101010011100100011111101001
0100011011001001111101011101010101010111001010110101100001010100
1010011011000110111011011100110110011000000010111101110111101110
1100101101111111101111000111001100101111000011001101110111001110
1101110100000011000001110011010101110010100011101010010101001001
1110001110110101000110101010000100010100101110011000001000101110
0011100101001110111011011010001111000110111011101010010011011001
1100000000101100100000001111111010001000101111101111110101010001
1010101110100011000111011110011110011001000111001001100101100001
0101001101111100000001000011110110000011100010110100111010110011
1110100111111011101000111111111010011100101101011101011010111001
1100101110110111010011101110001111001001010101100011101001111101
0100010101110010000000100001001111011001110101100000001001010001
0011010111010011000100101000000101100111011011000010001011010100
0100111110110101000010110100111010110110000100110101111100100101
0110001001011101101110001011001001111010101111101101110101100101
1110101100001010011110110100110011110010011111111111001110000000
1111000011011110011110001101000100100001110000111001110010100111
0100000100100100010001011101101001110110010101101001000111101000
1111111000110111100001111010010110000001111110111100100101011001
0001000000011101010011011101111100011101100111100010110011100001
1111000100000110111010001001011001010100111110100010001001100111
1011110110100001010011010000011100101010011000111011010100110100
0110111000010000001100010010011110100011010001100111110110010111
1110000001011111100100111100000101111110011110001110010011111001
1100001100000000001100011111001111000001101101111101111101100101
0011101110010011010000011111111011100000010111001101000111011100
1101101110011100111000010010001000111001101000010000101001011110
1111111111111100011011000011001100000011011110010111101111100101
0111100110110010010110101010101010101100101101000001111101011101
1001110011101111110001001011011110011011011101101111100100110010
0101010010011101111000100001000011111110001010111001010011010001
1000001110000011010000001110001110010111000001101001010000011101
1101001010001000101101011010001011001001000010100100010010001000
1001000110001111100000101001010011000000001000011100001110001111
1000101100100111101010100000011011101110100000110001100001110000
0000111000111011000111101111011000111010111111010001010010010001
0000101000011001111101110101011000011101101110110110101110001100
1000000101100100101000011110111111000000110111011110000000110111
0001011010100001010100111101000000111111011110010101010000110101
0101010111010010101011100010000010011110110100011010101101101100
0010001111110011010000010010111011011010101100011111001011100101
0011101000010101001011001011001010101101011010000010110010110101
0001001010001000111100101011001101010001001011000110001101111100
1110001111100010101111101000000101010010010111101011110111010000
0001010001011101011000101111011011111111100010111010001010011100
0011000000001111101001100001111000110001101000000100111110010010
1000010111000101101011011110000010000010010001100000010111001111
1010011010000010101100101011010110001111111111101000101001010110
0010000011110010001000100111110111011010000110011011011000110000
0101100101000000010110110010011010011111100111001110000110101000
1101110011000000010001110101011101100001101101101100111101010110
0000111010101101010001100000000000101001000101111110011100011101
0111011000111000011001111110100110100010111101011000111011101100
1011101001101010011101010000011011011111010011110011011000011100
1010111001001110111110010111110010011111010100000100000000011000
1000000011110101001001110001010010001100001100101001011000011110
0011111100101110111010111101001011000011010111010111111111011101
0111010000010101000111010011110101011100010011101000111010101100
0111110111101100011001001100010001101101010000001110110001101010
1100010111100011111110111010011011001100101100011010000100100111
1011011010101110011010111010010011110010001100111011001011000011
1100111011111000100100001010111000111000000011010101101000111011
0111101101001000000110001101101110110000111001010001101010101110
1011111001100001101110001110011110011010011111100000101000101010
0010111000011011000111010000101110110101101010100101101111100100
1100000010011100101101101100010001110000000011011101010101011001
0000101110110111011101101000101100011001011001101101001100110011
1000000101100110001010100000001100000110111111111001010100011001
0001000100110111010101110110101110110110110000011110010011010111
0010000000111100001100010011111111100001110010011100011111011011
1010111101111000000000000110011100011110001010110111111111100101
0001100010001101000010010001110110010011000111000011110011010011
0000100110101101110101110001011111010001101010101110100101000000
1111001001000110100000010001011100011111100101000001011100010010
0010110101001110000101100000001110001010100000101000111110111011
0111000101100101011001010111110100111110111010011010101010011100
1100000010010111111011000111010000000110110101011001101111111110
1101101000000000101001111100101111001101111001011100000010110111
1000100110000110110100011001101001000000101100000101110010111010
1111111000111111100011100010111011100100111111110111011100001110
1000010000101111110011100100111001000000111100101100110010101000
0010001001000000011110110010000111111101001000111000110100101001
1100000001000001001011001111111010000000110001010111111101001110
0110101110010100110000000011000111101110110100001010110001001101
0111110000110111101001100010110011111111011010100111001000010110
1101010011101001011111010100011101100001000000010110101000010100
1001101101100010001100001100111111111111001110011011111111010011
1010010111100101001011101100110010011000010101011001010010100010
0000101001101001001000010001111001100010101110001001011110101111
0100000100011010101110001110000111111110111111111010001001001111
1111011011100111000110001111001100101111000101001010001111001011
0001110011110011100111010100100000100100011110111101000100111101
0100110101110100101110101110011100100010000000101110110001100110
0001011110001110000000111111111001010010101011110101101000100110
0100011110101011000100100001011100100111000101000001010010011001
1110011001010011111010001100001001100000001110000010011111101011
1001011100001001110010011110011101110001000101001000010100101111
