1001111000101101101111001000011010000101101011010111110001111100
1100010011011101100010111111010111111011111110110101000111000111
0001001111110110100011101110011000011111000001001110101100000010
0110000100100110101100101010110101110010001011100010001111100111
0010101011001100011100100000001011000100000100100110111111011111
0111001000110100000100101101110100001101100110001101010101011110
1110110110010111010110011100101001001110010110000111100111010110
1101000000000010001101110110000010100000001001001000111110101000
1101110101000110110111001110010110100011110100000110010111100110
0000111001011010011000101001001010110010110101111000110011011010
1110101001000100100001011010011010010010100011101011011011101011
1011100011100110100001101001111111100101101010000101011010011111
1001100011101000001111111001100001001101001011000100000001011111
1110000110001110010111001010100100010001111111000110100011111000
0011100011100110101100110010001000111000000111101110101001000110
1011011011010000100011101110110111100001011000011011101111000000
0100010001110111100010101000110110000000101011100010000010101110
0010111001111010101010010111010010110101110111011100010001100001
1000011010111101100101001110011011110100000100110010001110110001
1001111010011100011101111101011001011010000011011100011000010001
1100101010100010100010111101111000111110100011100001001110100010
1000100001101011100010100010111001001101000111110101011001110110
1101001001101000110110010101000110111001100111011000001111010111
1101100101100011111011100101110110001001000101110000110001111000
0011001010010010010111011001010001111110000101110001011101110101
1011001000001110110000011100111101111100100111101110010000110100
1100010010011101001011101000111000100011100100101100000010001100
0001110101010101100010011000100010001010001011000000100000011111
1001101010111010110001110100111010010100010010011001111101000100
1000000000010000100100000110110100010100010101010101011001101011
0010111001011000100100101010010100010010111001011011011000000100
0001110101010010010110000010111001111110000101110010000110101101
1010000111001011011011011001000000110111101111011000001100100011
1111001010000010010110001101011100001101000011111001111100110000
1001101101110100101111110111000101010111010110001101001000001000
1100101011101001101001011000101101110011111111010010100011010110
0010000010101111110100000100110101000010011110011110001000001001
0010110011111111011111101101000000010000011000111000110111011111
1110011011011000111111011011110001001010101100100110010001110101
1100001101001111100000000110011111111011010000011111100100010010
0111110001000100110110010001000000000100111100010111101100001011
0110010101011100000010010101011001001000100000101110100011001110
0000000101110010011000011011010100000100101110001000011101010111
0011001101111010110000111001000100010101101010001010011101011001
0010000000011111101111001001111011001100100111011000100101100101
0010010001110011010111011001011100010010011000110101000010000100
1110011000001001000010000000110000110111001111100010011011101100
1000110111100011001111001110010010111110110111100000101111011000
0000100011011010000001001100101001001001010000100110001010111110
0111101100000001000011101000110100101100011111001110011011001100
1111000100110110101000001001110011111111001101011011010101001100
1110111010101111010011110111101000100010000011011011000011010001
1110110010001110011101010000101111001110111100000100111000101000
1000101110000101011001011001010110000011100101110000001111111100
1101011011100000101100000001100010101111111100011111001010010001
0011001010111000000101110010110111001001101101011110110111001010
0101100100011001101010111001011101011010100001000110000110111101
0110111111111000101001111110010000011001010100000010111110111101
0001011111111001001111011001101000000001001111011011110111111000
1010000001000011001011111011101001000111100110100110010001010100
1110111101101101011010100010011000110000100111100111110101010001
1111010001100010100110000110101001000111100001111101101100111001
1000011110101100010101100100100111001110011100100000010110100001
0111111010101010001010111001001011000001111001000010011111000110
0110000010000101011011111011111010001111111010110011010110000110
1110011111010111010111010010011010110000100010011001011011110010
1100111010000101101001111100001010111100001010000010000101001111
0001010110000010101100101001011011011110101010010010000101001000
1110110100100010011110000000110010010101010111110111000011101000
0111010100011010101101001100100100110100001111110111000010100000
0001110011110010110001011000011010011111110011001000111011100101
1100011111011101110011001110011110010010001100011001101000100111
0010000101100101110000110011101010100111101110110111100101110101
1100001010101001111110001000101111010111000010000111011111100111
