1110000110001111101111001111000011011001111101101111010001001101
1000011000110100101100011110101010000001100111011101110011011101
1010000100110011001001011100110011010010010101001101010111100111
0101100101011011001000000000100000110011110111001100111011111000
0100101010101100001110111100001001111111110100011011101101000111
1010011100111010100100100100110110101110011010010001110111010000
1100000000111000111010110100010010110010110111111001011110100110
0101011001011001111010011100110100001110111100001111001001010010
0110010000110011100110111001011011010011011110110010001110010110
1101000111000100000101000111010100010001111000111111000101001010
0011101010100111111101001010101001101010010001011100111101010001
0110010111110001110010001001110001000001011001110011001011101101
1010110110100011001111110000001010010100011011010001010110111001
1101010000111110001100001111011100101101100010100100111110110100
1011011100110111010111111110101010110001110101100100101010101101
1011100101000101010101101001001001101111000000011001000001001000
0010010011110110110000010010000001010011010111000011101010110001
1010101111110010110000010101010011010101011010110001001111011010
0101101000010001010001011011110100000001001101010010001101100011
0001001110011111111010001101111001101001010110001000001111001110
1111010000010010110101110101100001101011001010110000101000001110
0000100001011110100111010101001100110010000100101011000110111000
0010011100000000011101011101101100100001010100010101100111101010
0101100101000100100001101100110111001010001010100011111001011101
1110110100100101001110100110010001000011010001101110010000101010
0001001011101111000111110000100001000100001100011001100101001111
0101100001000111100110000011101111110101110010011000100111110001
0010111011010001101111010100100011010011010010100000100100001110
1011110000010111110101010010100111010000001101011101111100001001
1111010001000010111010010001001011110010110001111011100111110100
0010110101111111011101000000001001000010110100100011010101101011
0110111110111011111000101001101101101010111110111110110100100111
0101111101110011101111110000110100001010110100010011110101001111
1000100010001010100010111101000111100000111010010100101011111100
0110111001011001011011000111100000100010111101110101011101110001
0001111110110110100011011001110101111011101011101010011110011111
0100110100010001101001001000011111111010101000110100001001100111
1000010111001010100111010100110101111001011001011011100001001101
1000010001011011100111111011011011100010011000011111010100000010
0100110010000101000000100100110010101100110111111110110110101110
1010000000100100111110101100101010000000001110011111000111010110
1011000011000010101110000011000100001010011100111111010011001111
1001010010001100110101101000101010011011010010011010111100000010
0100111101010110110000111100110110111110111110111101111010101000
1100100010000100001110001001111000110101101111000100111010110001
1010101111011111101111101110001000000100000111110011111000001111
1101011000011000110110101100001010100111010110010010100101001111
1101101111100110011111001101110010001100110110010101100011010010
1000101110110011000110000010111100101010100101100110110000011011
1100000100011101001110011100101100000011101010111101010011100100
0010110100011011111000110111101010110000011000111111101000111110
1110000011111110111100101001000010111000000010100110000011011101
0101100101100010100011000010011010011110110100110001111111000000
0100011000100011010001010001101110100101110010101010010001010110
0000100100110010000110111001000000101110100001011110110100001011
0000011110100001011101110011011111000010110011111010101111101000
1000101101101011111011011000010111011110010001001111010001110110
1100011100011001010111110011001001010111011000111011000110100100
0000110010000100001110111000101001100000010101101010101000010001
0100100110001001111001101011000010100110110101000110101100000000
0001010001011011110101001001001110110000111000000011000011111111
0110111011011001011111111111000111010001000010000110010001000100
0001100110111000110101011101110110001001100000111101010001001010
1000011111011011100111010011100000101011100101000001011111001111
0111000000110010010011011001010101011000111110000111111011011100
0010111011101110001111001111101001111000100000110001101101000110
0110001001110110001000110001000011111011111110011101001011111111
1111101100010100010001001100001000100001100010011011110000110110
1000011111001001011100111100101010010111000000111110101111101001
0000011101110110011001010111000101001000011111010100001010000100
0010100000000100111100010100110111000100000010100010010100100111
0001001000010100011001110011000001000110101001000111011101011111
0010010010100111101001010111001010100001000000100001100111111001
1000111001110100111101011101101011100111100111111011100001100000
1111100001110100111010101011011001110011100011001010100100111100
0111110111011111000000101111101000111011011100101100000111011101
0010010010010110111101100011001100000111110011000111110100100010
0010010110101011010001011011111011100000011100110011101101101001
0001111100111001100110001111010000000100111011101010011011100011
0010101110001000000100100101110111011011010011011001011001111110
0111001011100110010110111111101001010100110110101111111100010000
0000011101010111011011100100011110010101010001111100100011100001
1000111100001011011101110101110100010000111011100011011100110001
0110110010010000101010010100010100100101001001101011010000010101
0101000011010111111100001101100100001100011110010000011000010011
0010111010000001011001101010001010110001000001111001000101010011
0001010111000100111100000010101110110111000110101110001000110111
1010100111010101100100111010000011100111110101010011100111110011
0010111011011010110110100000110101101110010100000101000011010001
0100101010011011111101000001010011001010110011000101010000100111
0101100100111011011111111101010101000111010100110000101010001101
1001010011111010101101001101000010110110001000000010010100010010
0001110101011000000110011111101110000011001111011110011111001000
0010111011011001000110011100001100010110011000001101010010010101
0001110011111100111010011100011000000011101101010101101000001001
1111000101000100111111001001101100100110001101100011110011001011
0111110110100001001111100111011110000001011000001011001111011010
1111111101000100111000011000010000100100011100100001100010010000
0001110001111011110110110000111000010011111001101101001100100010
0101100011000100111100001111111110000001110011101100100010110111
0101100000101100011111011111000000101100000100100010101101101010
1110010010000100001100111001110011110100101101010111110011011010
