1101011010001100111011011000101111101001100110001101100101111000
1011111010110111100111101011100110110011010010011111001111100100
1110001010001001000001000001110100101111101001111010110011011010
0001000101000100100111001011001101100010001100011010101011100001
1110000100101011001101000010011100000011011010010100110110011100
1101001100111110110010000001010001011000011011000001100011000010
1111000111000111101011111001000011101101001001110101101010100010
0100011111100100111010111001111110011010011010111110011001010101
0000001011001001011010011111011111100011111110110100010100111100
1111010111111010101001001001010100011000011110100010101110000010
1010110100000000111001010001010101011000010011011110100110001011
1000010011101101000011110111011101101110110111101101011110000110
1000001100000010010000110101011111001100000000010100010100110001
0010110010110010000101010111000101111111000000111001111010100000
1101110000000111101000101101100001010110110100000101101001101100
1101000101111100100010001110000011011011101111011111000111110100
1011000001101100011010100110110000010011100100000111110011000000
1100110110101100101101100100111101111011101011100100001110001010
0000001110001111010000000000110010000101101100000100100100000000
0011001111100110111100110000101001101110000000100110000101001000
1100100001100111010001111001000101110101001011011010001111000000
0111000010100000000111110000110000011010111110111011111110000011
1011101100100110101100101001110111110100010100010100010001000111
0111001010011011010011111101001010101000000000011110111100010001
0101101000001110101000100101011001111010010111001110111101000100
1011110101000010101000111000010100111000111000010101100000111111
1101011100000100110011000110101010110011010010000010101010001100
1000111001101100010110110011010101011001000000011000100011100010
1011000010010010101100011010010010001011101101001110010011111001
0100101001011000011100000101110010101011100001101101111111010101
1101010011000111001010100001011000110000111010011010010101001001
1101110001010000011110110100000001011111001001010101000000000101
0001100101101101100000010110101000011000110010111000110101010001
0001110110011111011000100111011000101110101000110111001011100110
0011010011110110000101010011000101101000100111010011001111000110
1100110101010010010010000001011111010110001111100101100111011011
1100100100110101110101101011111000100010010001111110111100011001
1110101000101000011111110101101010100101000110101100001000110000
0111000000111111110011100001110100001100000110111101110000111100
0010101110011101001101010001110111000011010111110111001011111100
0010111011110001001011100111101011110101001000111000111010011000
0100000110100101011110111100010010011111110100001111110111101001
0101010000000011110111111000111101010100100111011110101000011010
1111111001001010111011001010000101110000110111000111010001100010
1100111111010000010101100001111110101010000010000101010010001100
0001011110010011001000001101001100100101110101001110100100111000
0011010001100000001110000000010110011001100100101100011111101010
0110111001110001001101101101001101110001110010000101000000111110
0001000110001001101111011100110010011100001100101001011110001110
0100001001110110111011110001010111101110100010100010110000100101
1100100000001110010101000011010011011101101101100110011011111110
1001111000110100100100010111111101110101000010100100010001000110
1101001101110110110101110001111010000100100001010110010010001100
1000110011010011000110010101010100100011001000011101011011010100
0110011010000001010110001000010110010000001000000010100101011101
1011011101100100011000111011000010001111101100000000001100000010
0010010110010000100010110111101101101000111001111100101111001001
0110111110010011011000011010100011011010001110111111000001100010
0001001111111001000110011100000111001101000111100111011010101001
1110110101001110001100101011011000111100011111000100010000110110
1001000100001001001110010000010101101010010110011001001101100110
1111010110001000101000101011110011001010001001101111110100100010
1011101011000101111011101111110000101000101010100010101100001101
1011011101010001110110011011100100010100010011000110010010100010
1101101110011011001011011100000111011101101110111010111010110000
0110111011100010100010001101010010101111011110010111000010101100
0111011001011001100010011100011000000001100111100101101110011000
0011001101001001010101101010010010100101110000011101111110011010
0010110101101010000001001011110100010110011000110001011011010111
0100110111011011111101010111100110000101110101101000100111010001
0011101111010010000000010111001101011110100101011010111010110001
0110001110011101111010100101001010000010000110001011001101011010
1001101100010101001110110100011101011111010101111100101100011011
1010000100100101101000101011000011010110000011001011111100011010
