0111010100010011110111101100110101111100100100010011110011011100
1011000000000001011001000011100100100010100010011111011100001010
0101011100101111010111001010111101111010100011000110101100111010
1000000100111011001110111110001100010100010001110101110010100001
0101100001100101110100000110111100101000100001110010001100001001
1100100111011001001001001010000100001001111100101100110101100101
0110110111010001001001000100110100100111011001001010000101000111
0100011010101111111000100001000110011100111001111100111101101100
0110111001100100010001101011011011000010100110100110100001101101
0001100001000010110100101000000100110101110001000101010101011000
1010110011011110101111111100111011011000000011001100010011001101
0100010110001011111110101101010000100100101000111110011101101111
0110010110111111110011101110100111010110101011000100110100101110
1110100111000000011110101011100110111110101010100100111000111111
1000011001000110100011111001111000001010010011000111010011000101
1110011010111010010011010001111000000000010000111101001011101010
1001101101000011011100001000110100001000110111001001100111001110
1001100110010011001100111100010010111010010001110100010001011011
0100000011100110001000110100000101111001000111111111010000110101
1011011001101100110000001101110101100011000111111100100101001111
1101011100011111101011001110011011001110101001001111010100010100
1000011000100000101111010001010011000011010011110000111101011110
0111100100001110010000101010000010110011110001110011100100101111
1010010000110100111000011001110000110111011100001001010101101011
1101111010010110100110000101010101000010000110111011000100111111
1011100101110110011010101010100001010101100111001011011000111010
0110101010011100110101000011011101010100110101101011110010010010
1010000010001001001100010110101001100100100001010100011010010001
1101001100010000101101100000111101100000111000111010000001000010
0010110101011001111001111010010101100101111110111111111101001000
0101111010100011010101000010100110001001000100110100011110011000
1110011111011011101111011111010000100101100110100100111100111100
1110110111111100000011110100010001000011001111111100010001110111
0010111111110011110100011110111010001000000010011111111010010000
0000011001100100011010001110100000110100111101110000000101101001
1011000010010000000000110101010110111110010011100000001110101101
0011101100101110110100011111101110011001111001100101101100010000
1100011101110101000010110001001110011110100001011011110111100101
1001100010111011101000000000110101110100000100011101001100010010
0100110011110101100001011000110110100111011001001101000010100000
0000010011000001000000000110111001111001001000110010100110010011
1011001100100011001110010011000001110110100011100011110000101000
1111001010111011111110100001011111000010001101101110101110001010
0110101001000000111011111001001111000101101011001010011001110000
0000001110110101100011111110100101000000011010010101010110100110
1001101110110010111000100011110011101000010111010111110110011011
1101000010100111111100101111011000010001100001010110000010101100
1111000100110011101001011001100100100111101010010010000011111101
1101000101100000000100110010000011010000111101110111011011100110
1101100100110110100111011000110111000011001110101101111100011011
0101000110111011001100001000101110100100010100101010100011001101
0000101001100010100011010110100011010110110111000010011011111110
0010110101011000101101011111110100001100001010110110001111000100
0100110000111001100011111110001001001100010111101001110110101001
0011010101011110000000010001010100010101101001110101010100010011
0111001011001001110001101100100101001010111101110001001010111111
1010010100001100010101011100000101101010110101100001001100000001
0010110101111110010111010101101000000010101010011000000111100110
1100010100110100011111011111001010001111111110010011100110011101
1101110011110100000100101111001000001001101000111001001010000000
1110111010100110000011110010100111111011001110111010100101110011
1110110111010011111111001100110111001101010111111000011010001101
0001000001010001100001010111010111010010010101111110001010100001
1110100011101100100001111111111011001101101010000000010101010010
0110101100011111100000001011000001000111110100111101000110101010
0100010111000011000111011000111110011001011100010111000011001110
1110100100101001011111100100010011001111100000100101111101011111
0111110100000110101101101111011001100011011000011110011111010000
1011001000001110010011000110100001001111000010111101000100011010
1000011100001010110101011100100101001000010011010100100110110011
1111000010111110110010111100101001101101011000111100111011110100
0110010000001001011000010011011011001010010000110110000011101000
0000100100101000000110001011110100100100001101101011010010011011
0000111010000010110110011111010110101100011111100100110011110000
1001100100111011101001101110111011001010001000001111010010111001
0011100000010000000011010111000111110101000101011100001010100000
0011011101100011101001100001010110000000011111111010000010110000
1100111100011000001001110001000001011111100111010000011011110101
1110000110010100010000001001001101111101100111011111011110111001
1000111001011010111111101111100100010110001000101010000010000011
1111001110000110111111101110101110011010011001011111111011000011
1001101000111100001101000000001101001001100000101000001000001011
1000110010000000100001001000100011111110100111000100111001110111
0100101001100100001110001001001011100001111001110001001110011111
0001110000000010100000100100011001110101111111110101000001000001
0100010011011100100110101011101110010011010011111110010010001011
1011110110110101111001011100010011010000011100001100111000110101
1000110011110001101000111100101011010111110111111111001101111000
0000110100101011000001011011100100110110110001101011011110110100
0111100001011110111100101011101011110011011011111000001111011110
0101101101111110011001001011010000010000111010011001110010011011
1000111100000011000100000110011011011011111100000110000000000111
0101000111011101100001010010011001111000010001000111110110110011
1110111001111001001010100100111000001000111000001110000001101010
0000011011011111111010101110111000101110111100110010010100110100
0110111101010100000101011000001110110111110111011101001101001110
0101110010101010100111100001011000011110001111000101110010111100
0000011010100100101111110011000000101010100100011001110110011001
1111101101010001001001110100101101110001011101110110110100111001
1000111001000000011010110011110110101010000011110011100011010001
1000000110001101110110100000110111110111101100101010111001101100
0011100001110100010111110100011110001101100010011011111111011111
1110100011011000111110110000101110010000011111011011110110011111
1000011111011010101000101110110001001010101110111101110100101110
1101001000001111111001111111001010011110001001000011110101111010
1011010010110100100010101010001100101100001100111101110011110011
1101111001111111011000100101001111000010101110010101000101011111
1011010111011111100000100111010000011011010111011110110101110101
0001100111111101001101101110101011110110000010110000010101010001
1001110010110011001100000100001111101000001010011010011001000001
1100111011110010011010000101111001001111010100110011100110110010
1010100100011100011100101011110100011110011000011111010110100001
0100001111110010001110000111110001100011110111110001011011110110
