1100111011000010110001011111111000000110111111100101100100101111
1100001011001000101110100000111111111101100010010011111000000100
0111001101110101111001111100010000100101000111100100110101100110
0010011001100011011101101110100000001111110001111101111111111101
1010100000000110011110110101010000101011010010100011111010001100
0000010110000011001000100000001100101111100001100101010000110100
0011001001010011000101010111001100000010001010011011011111000100
0101100101010110111001110111101101110111000011011000111101100101
0000110100110000101111010101110111001101110100010001111000111110
1110001011010111111100101010000100100010000001000001100010000011
1100101111100011100110001001010001111001011011011110110001001001
0100111000001000111011100101011111111100010000001101000010000000
1111111010000000001101000001011110011110110100000011100101110001
1101011110100111000011000000000010111110110111111000001111010111
1100000010110010111111100001010011111111101001000110011001000011
1011101110111111110111100001101010110101101000100000100110111011
1000011010001111010100000010100000110000011000000100010111011110
0110000011001110001101101111000001111010100111101111011010001111
1000001111110101001111010111100000001010110101111010110001000001
0100011000111001011001010001010001111110111001001110001011100000
1001010001000111100011010110011000010101101110100001010001101110
0011000000111000001111001001001110111000000010110010110011101101
1000001010110001001110001010111110001110101100000101010101101001
0101010000011111100000010001010100011100100111011000100001111011
1010100111101100110010110000000100011001000010001001111000110101
1011100100010101111100010110100100110110001000010010011110011111
0100011000101010100111010100110100001101101010110101011111100010
1000011010100101010110111101011101010100111110111010000101010011
0011010000111111011110001111110110110001111001000110000111110100
1101111011011111101011100110000101111000001011010000100001110101
1101111010001011010001101000111010111100101111111100001100111010
0100100110000011101101011100001101110010111100011010010100001101
0000010110111010010111111101010100101111011011101011000111001110
1101101100111101100010100001110001101111001000110011011000111101
1000000011010111011110011010111000100011111100011101000011111001
1000101011011011110101100100100111000000001001111000100000010010
1001010101110101101111010000101001011011011011011110100101100001
1001010001011011000110011011011111010111100100000001111101100011
1111110010001001111100110000110001111110000011001101001001001111
1000000000001000000100110111011001111101000001001101111111110111
1111010011101111010100100001001011010001100111010010010000011011
1100101001110100000010000000001110011011110110001011011000000010
1101100101111111101001110010010101010001111110110110111000011001
0101101000000011101110000100100000110111100000101011000110100010
0101110010000100110110110011001110000100010000100100111101100001
0110100110000011000111101010111100001100000110001010000100111011
0010101000000111011110100001111000101101000111011110100010011111
0110110111000100000110110000000010101100000101100001001000001100
0010100001101111110101001010101111000111111111110100000110011101
0110111101111010001111010000101000011011000000011010111101001000
1011010001111001111110010111110110100001011010110001010110100111
0111111110010011010111010101101100110010010110000101110100010111
0000100101001100100101010000111101011111011101101111010000010001
0111010001011101011111011010100001111101011001100111010000001110
1010101100111010010001001101101100110001010101111101110100011100
0100010101100100101111010110000101011011011011110010110001000001
0110011101101111001010101111010000001111100111011100011010010010
1110011000111110011111111011100101111110110011101010110100111110
1110011101011101111111011000010110011101000100010011111111011111
1000111001001011101111111111000010100011011000010111101110110010
1100000010000100111101000001100101010011111010100101110010110000
1011001101100011001001000000101101110111100001110101100100001101
0111100011111110111011110010011011111110001010110111000110110000
1001100111111011111010100001001101011110101010011000010000111001
0011101111011100100100011110111010010011111100111110101101001000
0000001100000111100011001001011011011000010010111110000001111011
0000110010100011000011011100000010100000001011000011010000001010
1111010001011001101100100001100111111110101001100001111110101000
1001000111100010011111000001101101011101110101101110000010110011
1111111111100110001001110000000110111101000110000001001111111000
1110010101110110111010000110001000101011101010110101101011000101
1001011011110111001100101110100101101101110001110001001010001011
1100100000010010011110000100110000111010111010111101000110000001
0110111000001110100000000101011001001010111000011011010100011101
1100111001011000001000000010110011011111001100011010000101110110
1010111011011001111110001000110011001011100001000110100101111111
1101000001100110011111011101011100111010101100101110110001101001
0000101111011000111000100001110001011110101111100111100000001010
1001101001010101010010000010001000111110100001001000000110000000
0110100010000011111000111010000010001101010100010000010111001000
0001100100100000000001100001010101110100110100011101100111111100
0011000111111001110000010101101000111011100000010100111101001001
1101010100111110100110100101100101101001111010100101110111010101
1111001111010010011101110011111100101111100000001111000101010001
0000111110001101100010000011001010101011101010101010000110100110
0000101101100111000101101111110000101110100101111001001010101011
1011101100100000000001110011101111101001110101011011110100101000
0001010101100011000111110010001110101010011111100111101000111010
0100100101101001010111000111100110100111111111110010011100101011
0001001110011001010000101001000101110100001111111110010100000000
0101101010110111100011110011011011100010101011100011110011100110
1001100101011001010100111010111101111101111110001011010100100101
1101010110011101000111100110011011101011001011110100000010001011
0110001000011100100000001011010100111101100011100000011100000010
0111110011101111001100001010110001111001111011110010000000001000
0010110001111010110001101001000011000100100010000001010010110010
0110001100000100101111010001111111101101011011001000100100110001
0111010000111001100110010101000010100100010101100110000110001001
1111011011110010101111100100100101001110100111111100100011110111
