1110000111100000100000111000011000001100110000110101000110101000
1110101110000011101110011010001001101001001011110001111110100011
0000011100000001111001000011100010001111101000001001110000001000
0000111100100011010011000010011100100111010100011101110101101001
0100111111001000010000010010000100101101011110100001011110110111
0011101111011101110001011000100111100101111101111001000100110100
1101110100101011111110001101000011001000101101100101111011110000
0100111101011110111110010001001010000011110010000000100111010100
0000000101001101111011110010101110110010011000001000101011110000
0001101001011000101010101110011010000111010010001111110010010001
1101011000111000110101010010001110100110011011010100010001101011
0101111010111001101010001100101101011010010011101000000001001000
1011101111101011110010111110010000000011010010110011101110101000
1011110010100110111001100100001001011100001000011110001101000100
1100111010000101110011111111010110110010100000111001011010000101
0110001110000100100000110111110011000101001010000000100101110110
0011100101010010011011011001111101100101001010001000010000110101
0101011110010110000111101001100000001101111001001101101011001100
0110000111101111000101010010110111100001000110111101001101010001
1010100000100101111000100001000001101010110011001000111001000000
0110010111110011000111110011111011110100111100100110010011110000
1010001111111010011000111101000101001001000011010111111000100100
1010011111111110001100101101000001101100111001000001011001111110
1111101011100001000010000101011110001100111001110101001100110011
1111010011100011100111101111100110110111010100101100111101011101
0100000000001100111111100110000000110011101010110100011001010000
1000011100000101100011010111001001010101100011111100111100010010
0111110000001101010011111011000110010110110010001100110000010101
0001111001101000001101100001001110011011010011110011001101010010
0001100001100010111010010101110110011100001001001011010101011101
0111101111100110000100001000100011101110100110000000001101001111
1110001001111101000100010011011101000111100101111000111000110011
0110100011010001011111110101100101100101000010010000111100001010
0100001010011100110100000011011010011011110000111110110100111111
1001110010110010010110111001010101010111010011101000000011010111
1001001111100001111000111110001101011011000101011011101101111010
1011010011100110001000001100101110100100010101101101010001111100
1001100110000111011100011101010010000001111000110110111000100001
1110000000100011101101011100001101011001110001001101110011011100
0111110010001100001011010011010000000001101110111010000100101110
1100110111100101001010110010000011101000101010111011111111011000
1100011111100001001010000111101011011111011010110100010000011101
0101000000000011011101010001111111001001111010010101101001011101
1011000000011111100100101110011101011011010001000000111010100011
1011000000011011001001111000111100111101101111101100100111111111
0001001111111100010011000110100111011100101111110111010000000100
0101001010111000100110011011111100010011001000101100000110110111
0011111110100101010101000101010111011000011000000001110101101101
0110111100001110010010111001100100110101001000100011100100111000
1101010011110011000101100101010110010010100111100111001010000110
1000110000010001101111010010110111101011100000010010111000010011
0001110011011101110111011101100010111011010010001101100110101011
1111010011010000001011101100001101111011010110011101100111100000
1110010001010000110000010010111010011011000001111010011111010010
0110111010010100100011000010111100101111111110000011011100011101
0010110000001111110011100011001000101010111000011011001111100011
0000111010100001000110111110101001110110111101010111010110001011
0111100010001110111010000101001100000000101101100010111100000100
1101100101110011101010001111110100000110110100110110000100100000
1100000111100011101111110110110101010101100100100010101001001001
1011011100111111101011101111001111100011111110101000001000110011
1000100001111110101110101000111110110000101011100111101011101011
1111000011000000101001101001011100101111111111010110000110010010
0111001000101001010000110001010111001001000011000100111100110010
0010101111000111001001001001011101010010011100000101110100110101
0001011000110100010111011010100010100100111111011011000110110011
0001010000000111000100010000000111010101100000010101111111001001
1100100011110101101110110110110101100000011011010010000001100101
0010111100001001100010101111111010110101111010101110111100110111
0111101100010001001110011011000101100011001001010101111000111000
1010110101001100100010000011000100100101101010010100001010110011
0111011010011000000110001111001111001110100100011010110000000110
1011100100011111100010111010110110100101101011110110010100000001
0001010001101000100000110010101001011010100011111110101000010001
1000110010000111011010101101110101000011010000001100000011111111
0011111010111111010011000010001010000111110001001111010011001010
0000011100010010010110101011100010010111110001110011010011010011
1100001111110011100101000111110111110011100110001101110001101001
1011100011000010110100000010100001001101000110000001010111110111
1101000110001100110101111010110000111111100110010100101000111000
1100110011111011111001010011010110111001100010011110000100101101
0100001111110011001011000010101111100011110110110011100101011100
1111010000110111110110101011110111101000000101001110100110011000
1001010110000000011011111100001010000000101000001111011011111001
1000111000000010001011000110001100111101011101100000000000001110
0100011111001011000001001001111110000111100111101100111101101010
1111000110100000001000111000111100001000001010011001100101001101
0011010111010111100110010010100101100000110011010011110101011101
0001110011111110000110110010111101000101110111011001110010110100
1011111001111010011010011111100100011010110101011011101100111001
0111000101110100011010011111001110111000011110000101111000101101
0000000101101000101111111011111100011011101010100101010110101010
0000001010001011011110000111111111100001000010001101010011000110
0110101010011010101001110111111101110111111010110111111010100111
0010001101111101110111001000011110100011101111000100111111101100
0101000101100110011010101000010000101000011111110010110000110100
1100001011001010100111101011011011101011100111100001010000100011
0010101010110111111001010010100000100101100101010010010110010100
1101100000100111111101101001111111101001101111000010000001000100
0111000001001100101010111001000011100101101110100000011010011111
