0101101111011010011111110110000001001101111001010001111001000110
0010010000000011011101110100010000011110110001011011011111010101
0101110110011000110100100001000110101001111100110011101100011100
1001010100011001011011101111001001011001110101011011101100110000
1101010000111101010111110011000010010000010001000011111110010011
0111001101001000011010010100111110101100100100111010010101100101
1111001101101110011101010100110110110101001001101001101101101111
0001101110001011110001111010111000111101010011011010100111011001
0101100010101010001011010011111011111010010001010111000100001110
0011100000011010111101000011111000100110000100000010011100010111
0101011000001000010101000111110010101100111101111101001110000101
1001000101101010010100000101000001000101001110100100101101101111
1010010100000110110010110001000011011011011100000111000001101111
1110110110001111010010011000100110000011011110000000111111001011
0100101110110010110000100011111100110100101100010011001101000100
1110011000110100101000101001100000110100101000011010110101100100
1011110101110010010110100110101110001101101010110001100111111011
0101111001101001100101110100110100010101100011001000110100110001
0101100011100100110101000100101011110111101000001110111011000111
1000100000000101100001000001011000000000101110111110100000000010
0101101111011111010010011011000110000010110000010101011011101000
1111000110000001101101111010101000001010000001101011111111010001
1100111101101111101100110010001000000010010100111101111000110110
0001001111100010001001111011010000001101110001110100111110100011
0100110011111111100000001001101011010100100010111110111000100011
0110000010111110000001110011100000111000100011001101110001011000
0100110100111010001111001001000000011001000100001110100011101101
0101111010110111001111101111000000101010101111100110001001111000
1011000111100100000001101010100010100001010110010111000101111000
1011111111100111000000100000001100010111000110110101011010000000
1010100111010011100110110110010010100000100010000100001110001000
0110111110100001000100100011100110000110000111000000111000010100
0100110110010101110110100011110101101011111011011111011100100111
1111110111111101011000000011101011000000001111100011111011000010
1100001010101011000000000110101000011111101111000111001101000110
0001111010100001001010010110001011011011100101111100110011100000
0010010110001011000010001001001000111001110100111010000000111000
1001111000111110000010110001100101110110010100000011001110111110
1010110001001000110100010110110111100110001001001100101101010011
0111111010001110000010001010010011111011000110000111111011011010
0000000001010111000110001100000111110011110010011001010110010011
1000001000101011100011001011110101101001000010000100000110001110
1010101000010011110001101101111010111000101001100101010011000101
0001011011111001100010000011001000100000000111111011111010010101
1011011101011011110111110011010101100110011111010010111000101000
0001110110110011101010010010100100011001011101001101111100101101
0110100010010011001011011110010001000101000011000100000001010100
0010100100010101110110011111111111010011010001111110101010000010
1101011111000010011001111011100001000110110011001000001010011101
0101110110101011110100111011001000111001010111100001100110001000
1111000111100011100011010111101101011111011000101011111101001010
0000101000010011100110000001000100110001000110000000111101000000
1110010011010010010011100001001100111011101101011000101110101000
0011011111111011001111011000110110011101100011110101000100001101
1101110011010110111001100110000010000000011100001100100101010101
0101000000101100101100110111000101011001010111000111101100111010
0001101110001010101011100001100011111001001000111100101010010001
0000100000001000110101111001001101011111000101101111011100101000
1010101000010010001101110100001010001100011011111011100101011110
1100111010110101100100110010000001111110010000010110110011011110
0110111001111100010010111010101010101000011000010111001001010001
1111001001100000100101000000011011100000110010110100111110110100
1010000100011101000110100110000110011001110011001101101001110101
0011101110111111100110110011011111010100100110101000010101110000
0100110001111101000111000000111101111110011001110001110110110011
0011111111110011011010101110010010000011101111110011010101110011
1001100001011010010100101010110001001111110110000001011100111001
0110100100001010100011100111001101010110010100101011100010010010
0101011000010111010000010010001110001111100101111000110010010101
0011111100111110001111101101011011001010100111000101000111010111
1100111001010011100001001010111101100100011110101100001110100010
0011101001011011101110000110000001000110100000101001000110011011
1001101011110110010100000100100000000111010011000100000001001011
1011111010001001010101001010100100111000000110100011100110110111
1100110101011001110100011011000011000100001101110001100100101010
0101110000000111001011011000110011101101001101010101010110110011
0011001001110011100010000011111110000100011001000011000010011101
1000010010010010101110101001101000111100001011111010011100111001
0101110110010011010001010010101100001101001000111000101111000101
0010000101011010000101101101101010011101110110101111000100000110
0010000111100010100010101100110000111010111100111000001011011100
0111110111110011001011101110000111100001111110101100101000100111
0110001001011111010111100100100110000110001101100111101000000001
1111001011100000000100001011100001100011100101100010000001101101
1100011101110010101100111101011110000111101101010000100100101111
0111000001000100110000111111001000011010111100001110010001100100
0101111010100011001101111110100101110111111000000011111101001111
1011101101100100111111111100000010010000100111111010111010110101
1111100000010000000100000101100011001100001110111100111110001001
0011100011101000010000111001101011101110001000100000010101000010
1010011101100000011110100100100111000010010001101111111000110111
0011011101001111001000011111100010111110101010000111100001100001
1100110011111010110111001101100010100100101011011101010110011001
