0100011100100111011110001100010000110111010101101000100111110000
1010100111111110101001000010010011011000111110010001001010011011
1010000000001100111100101001111101010101001001110010000100011001
1010010001100111001100101001011011001010011100001001010000100110
0000101011110111110011011010001000011111001011011100001111111101
1100000110010001110100011100110111000001011110011011010111111001
0011011000111000001111010010101100011111011100010111110011001111
1110101000101010111111010110111000110000001101011110010100000010
0110111101000010101100111100110010010111011100100000010100101101
1111100010111010110111011011111101100111010010000010110011111111
1101001111101011101111001001010001010111010001111000001000010110
0100011101011000001100100010101000001001101101100000110110001101
0001001011011101100111100001000110001101111001100001100011100110
0010001001000001010011110111011011010000100100011011101100001110
0111110001001010101010001010000010100100111110110011011000100100
1110001000101000000001111111010111100010010000000011101010011111
1001010011000011110000010001110011100101001001011111001011000010
0011010110100000111101101001101111010010111010010110110001111000
0001000011101010000100110111010011011001010110010110010110001010
0100100110101010001100101000100010100011011111111111000000011100
0110100001111101100101010010110101001011110101001000000001100100
0010010111110000001101010011000000000111101001001100001000100100
1111101100000011100000110011100101100000000001000010111011100111
1011010011100100010100111101010000010001011110001100111111111010
1111011101101101001001111111100100101111000010100001010110110001
1011010001101011010111101001001111100100110111001010000000111111
0011011010001000001000000100010010011111111000101110110001010111
1111111111111111001111000000000110100110011011000010101001000000
1111001110010011101000011000000011111101000010100110110010110010
1011001111001111001101111010100100100010011000100100010001110111
1011101100100110100011101001011011101110101010101101011000001111
0100100111110111100110011110111101111011001111111111011000010000
1000001101110100100010101110000101011100001101011111111010000011
0001011100111001010001001101101101111011101100010100110110111000
1011110000010011110100011000001101011110001010101101010010001000
0011101001100101000010101011101011011010110011000111110010011101
0110001000001010101101000010011010011111111001010101111000110100
1110011010001110100010111110111101000100000001100011101111000001
1111100001100010001110011000011110010110011101010111101001101001
1010101010111100101100001011000110001111000110010001111010101100
0111110010110001000110000000110001011101010111101001010001011010
0100010101110000110110001010001110111011011111111101011111100110
0101000000011001010111100000110011010000001011101001101110101111
0000000011001110100110100111001101111111001100101010010000010111
1111001011000000011010110001110011010001101011100010101010110000
0001110100100001011000000100001111110001010111100010110100101111
1000101000111101111101111010010111010000110001010010000110001011
0001011000110101111010011100101001101101000001001100101001010100
0000001001100010110010011110011001010101001101110001100101010111
1111110011100111111001101100110010110000110110001111000001010100
0110101001010010101010011100010010110101001100000010110111011111
0111011100101010010101100100001100111011100111010010011100001111
0001001110110111101111110010011001110010001010001011001111101011
0000111101100101000000110101111110110100110101100000000010110011
0111000000101100011011110100001010110010100010000001000101110011
0111100011111101111010010111110001101000101101111001101101000001
1111111011100001110011001111000101100101110100100110101100010111
0111110111111100111011101110011101101110011000010111011001111101
0001001111011110010000010010110010101101010111100111000011010001
1101101100111011000011011011111010010101110010100010110001011001
0000010001101011110111111110101010000011111100010110011111110001
0001100100000011000001011000100101100111101010010110010111101101
0111011101101000101111100110000010011010101000000010011101011000
1101111000001111000000001110101011011100110101010100110011000001
1011011101101010001110010100001011100000000111111001110001001111
0101101000001110110001010100100011100010011110011101010101010010
1011001010001011001011110001101110001100101100010100111001000000
0110001011100011111010111101100010100100010010000001111101110011
0100000000011100001000011111010011101000111000011111101111001111
1010101101100111000001111101000110101100011111101001000111111000
1100011000110000100001011010000100011101100100011101111111111101
0100110100001110100110110001100111100001001100011010010000111000
0000100100001010001011010010010001000111000000111011000000010010
1101001010110000100010000101001000000010010101010100011010001011
0001000111100000011001111000010111100011011000011001000100010001
0010110010000001001101101000010000011000110110011010011011100100
0010111100101110100000100001110101110011111000000110101011010111
1100011101000000011010001101001100001010100001011101000010001111
0011100011110111000100011001101101010100000011001111011011001011
1101111011010110010000111111000101100110000011000000110000000011
0010110001110111010000001010010100000110111000101110100110101111
1000100111010000100110100110110100111010001101000100011110100100
0001110110101111110110000000100000111010100000110000001111010011
1110010101110000101000010010000011001001001000110000010111000101
0101111010011100000001110111110111011000101000110110010001100010
1111011010111000101011100001100101101101001101000001100111011101
1000001100111100000100100100011001110011110001001010001100001001
1111110011100101000011010001011000101011011011111011110011110101
1101001000110111011001000111100000111110000010101101001000110010
1000001110101100101001111111000111111100101001011001100000110110
1111110000000000001010011100011010111100001011111111000110010010
0000100010101101110010111100100010011110110100000000101100011010
1000111001011101000100001011011111101111010111111000101001011111
0111011011101010111101111011101101111111010101011100100101110101
1010100110011100100110000110110100100001011101000001110000101010
1111101000100001101000110001110011000100100111100111000011010100
0001000000011110001111101101111100001011001100111101001001010100
1001011001000000011110110100100001000000001000000000101110001110
1011001101100110110010101010011001111110011011111001000101101100
0001000011100100100001001110110101100111011000000101011110010000
0001111000110110111001001001011111100111010001010011110111101001
1101011111100111100011010111100111111001010101100010001100011000
1101000101110111010110010001110011100011101011100110011111000101
0111111010101001001000111111011000100010001011110011110010001011
0110000000100101111011001111100100010111010110110011000000010000
0110010001101010001100001111101001010000010110001011011000000010
1011010010010101110001110010110011010000101010011100001111010110
1010111101111100100001001011000011011110001111100010111001010101
