0100010100111010110111000000011011101001011001010110100011100001
1000000110010001010110001101100110110010000101000110111111001100
0110100011000010110001001010000110110010010011000101100001110010
1101011011000011000000010001011110100011100101010010101101001100
1100010110111100010011100010011001111111010111001011011000110111
1010010000101110110110000001110010101010110111100100100110100101
1001011000000001011101000101100100000101111000100000000101111111
0110101010110110101011001111000010111001111111100101100010100000
0100111100000101111011000101011101100100101001100110011010010000
0101001011001100000101010100110011011101110001010110011010010101
1100100110000000001000000111110011000111101001011101011011100110
0100100000011110100000011010100110011101000001110000101111010111
1101010100100010100001110111101001111111110010011011000010110001
0100000111000100000110010100110010001110010110101111110111110101
0010111111111010110100110110011011011111100100101010100001011111
1001100001111100111100010000001100101010000001111001000000101011
0111110111100110110011011000101010101000101111010101101011011001
0010010111011110110101010000000000101001101010011111011010011000
1010011101010111001011011000110011000010110000111101010100101011
0100010000101111111000010010001111011010000000110010100010001011
0001101010011001011111011010001101100001011010001001011000101011
0000110011110110111001000101111001110001011011011011011111010001
0010100001101110101100100101010101011010100101110101001010010010
0111000100010001011010100101110000001010101111011011100100001010
0001010111110000110100111100101110010110101001000001111101110011
0100101000001110101000110100010011110011101101011011001000100100
0001111111001001110110011100111111001111000100101101100001011100
1100010000110111101111100111111001111110011001001111000011010101
0000000111010101100000010100100000100001111001101110100001100110
1010011010110111111001100110010001101100010010000100101100101101
0000000111101111011010000100111001000001101001111111101111111011
0001011100100001010001011111100011000010101111010110011101011010
1101111101001011011111110101110011111011100011001010001101011110
0011110011000001101010101110101100111010110010101110001010111100
0010000000101110101110010110101010111011110110100001000111101100
1011101010010001011110110001000011101101101011000000010100011010
0100000101101000000011110010010010111010100111100011111100101011
1111101101110100111110001011110101000000011111101111101111011111
1101010100100000001000010111010110111000101111001010010101001000
0011101110000110100000001110001111000100001100001111110110011110
1100101100110101101010111010010000111101110100111000010101001000
1011000001111000001101111110110000011100111110010011001001001111
1011000111010110010101100000000000100010010001100010001000110111
0001001100101100100010101101110001110111101110010100100110011111
1100101011101111011000010101101101000100100010010101100010010100
0111000011011011011001110001100111011011000001011111110101100101
1101110101111111000101110100111010110111001100111101011110011011
1101110000110101100101100110101001100101000111110100001100001100
1000101111011100011101110011011000110100101001111111010111111011
1010101101110100101010101010010111001001010011111110001001110000
0111111110010101000101100010101011110111111001010111011100111101
0001101110110101110111100101111110000100110000001111000000000000
0000001001010100010111100110010000110001011101001011001101101001
0011111010101011110110001100110101110111010000000101010001110011
0010000101010100110100000011111000100110001101010001111100110001
0010010100100010011001100110110100000010001101001000101011100110
1001011000111001011110011111101100000100100010110100011001110011
0011010111010010101000111010011100110000100001000001010101101010
1110001010010100100010100001001000000001100110100010011101011010
1011010011100111000001011010000010001011100100011001100110001110
1010010000011001010010111111011101000001101011100111111110100011
1100110101111001011001001010110001011110100011011110111001101010
1000000000000111100001110111011101110110010111101110100001001001
1000111011111000001011101111110001001100011101011100001111111110
0010010010111010010001010110000011011001111001010011000101111000
0111100100010110100111001110111001100111101101100000001000110001
0111011111000111001110001011011110110110110111001111001001010010
1110001011101111000001101011101100000111100011000100110111101001
0111001001001010101011000010111111001011011100111110110000110110
0010101111000110101000011110111100001000100011100001110001101010
1100011010000001010111100111100010001111001110110100001111011110
1100100001101010011111000000010000000010001101101110100000001001
0001000000010001010101111100100100000001110001001100111111111010
1011001110110011100000100011101010010000100010111010001110000111
1101000001000100111000010001001001110001011000100100001111001000
1001100011010110111000100100101000000110111110101001001011010001
0011100101010000111000111111011001110101100000111001011000010000
0001010101011111001101110101000110010101110001100111011111110101
1100101111000010000010110000011001011101111111001010001111100000
1101111110001111101011101100100110001100100100011010110101100110
1001100101100101001010001010101010011010111111101001111010000011
0101001001001010000111011011100100000000010000001001101101101000
1111111010010001101010000010000100010010100100110011101111111010
1000100000101110010111110000001111010011011101101011100001000101
1110111010100100000010010001011101101111011100000101011111111010
1010100001010101110000010110011001101011010100010101100110011110
0111111011111101000101110101111001110011101101100000100111101101
1010011010101000010100110001000010010100001101101011000010101000
1110010101001101110101001100100110000000000100111101010100001001
0011010010011100000101110111101101111101011000010000001111100110
1100101110011010001101010000010101000100101101110000000111110011
0100010000111010001000111010101011000000100111010111001010110111
0011011010100001111101010101001111010001001010011000000001000000
1010010101011000110010111110001100111011100010110001101000101001
0110010110101011101010001101011111111011100011010011110111111001
1000010101101011000101101001111110010101001001010011101101110110
1011101110101010011010011011110101100010101010001010101100001000
