1110100110100011010111010011011111001000101101000001110100111011
0100000100101001111101010111111011111101101101000011000101010000
0010101011000110101100010010010110101010011100111011011111011101
0100010111101001001110101011001101011000001111101110000111011010
1000011111101111101101110111000000000001011100001001010100011100
1001000000101010110010000000111100110010111011011001011111011011
1100101001101000000011001000011101110100000101010111010100101010
0110000011100010111101011000010011010010111110111001110011001011
0001100000111000000001011010110000000001110110001101110001000111
1111011000110011101101110111010111110000001100110001010111001101
1101101110110111111100110000011110000001010111100011011000000100
1101100001011010000110111011100001110010110110010011100100100001
0000000101000000011100000110100000101010110110100001111111111101
1010111001110001010011110101110110101010101100000001100011100011
1111110010000000101011101011010110111111001101100110110000101110
0010001101000001010100110001110101010100000110111010010110011111
1110000110000001110111110000101101110001100100101101000110011111
0011111100000101110011101000000000010111110001110101011111011111
1111111111110010010001000001000000000010010101000010000001000100
0110001011110110100000110010100000101101011110011011100001000011
1011001010000111100011010101010001000001101000101110111110000011
0111001100101111101000111110100000101011001010001000110101010000
1101100100111100001110000010110010101011000110010010000100001001
1100101100100010111100001110011000111101000101101011001011000101
1100000111100010011011000010011110000010110011100111001011001011
0101000110101111100101101010100100100010011111110010101010010110
0101001011011101110011011000101101111100110000101001001111010001
1101100000000000100110000001010001111000111111100110000011101010
1110101100010101111010010111000011111111000010011110100001101111
0111011000111010010011111101100010111001101100001010001011010011
1110000010010101010011100001000111011001101010011110100010101101
1010000000001100000111011001000000010011111011101011100110011101
1110100000101011101001010111000011000000000000110110001111001010
0011011010011100110110001110111110000001100000000001010011010011
0000100010001011100101010010001011110101100111111111111010111110
1111010011100001111010111001010010010100101000110010010000011010
0011000110011101010011101011011000111011101010110101001110101111
0010101011000000100011001000011010100110010110101010000110110101
1111100110101011011100000011100111000100100011001011001000101101
0101001000110111000001110001000000111110010010100010111101111010
0111111100011101110000101110101000110000011110011000111100001000
1111100111111000110001011111001101110110101110101010111000010101
1111110101110111010011100000110111010100000011101101010110110010
0011110001110011101101110110110110000100010101010111110010010111
0011101000111101100001111010010101101011110010110000001000110010
1111100110011101001111100111111000100001111110100000010010100100
0111000100001111101001101011111000011001100000101110011111000100
0111100011010011010111010101010010101111000100101011001101101011
0111010110110001110011000111100100100001101101000100001101001000
1001101010000011100000001101010101100111100101111011110111110101
0100010111111010110010101110010101001001011101011100001011010101
0010010010001001101100100011011111011001011000101110001001101001
1100001101101110101011100010000010011100110110101110111101101001
1111000110001011101011101010110000010000001010110001101100111101
1100100111100010100110111111101111001000110001010010010110001110
1010010111010001001111100100101011100010111000111010100010110001
1000110111010111110001011101010101001010100010001111101111000110
0101111111101010111001101101011100101001001101010000011000111111
1010111011101010111000011000100000000111101101001001011101100001
1001001000100110001101001100000000011100101001010001100010110000
0110101101111010000001110010101010101111101110100100000100011010
1010110110110000101100110110111011100011011111101100001111010010
1010101100110100011100111001011001101111111001101101000100101111
1111110011000011101011111110100000111001001011010111101101001100
0011100010110010111100101111000010100000000000011101100011111000
1110011110000100100101011000110101100000011011001001110100000001
1001010110100111100000100000011110011010111011110100111110101010
1010110000100101100001011110100010000110010101110110110011101100
0111101000000000010110111110100110100001010011100111001110000110
1011100111101011010101111111011000010110111010010010110000111010
0011001100101001010000001100110010000111110100111110100010111010
0101010111100111101010101010111010001010110001100111100010100101
1011111000000000010010111100001101001000011101011010100111011101
0111110111101011011010000110001010011000101101001111001000110111
0100100101011000010111001011110010110101011011100101000100001101
0111101100010100110001110011011011000001111000001001000100010111
0010010000101101100111101001110101000000010000011110011110001101
1001010100111000100000101110010111010110101110001101101110000110
0001100001111001101101110000011001110111011010111010011010111110
0101001111010110110101011000011100000101011010001100011000100101
1111001010000101001101100111101011011000011010011101011101011101
