1010010100110100110111011110101000000000110100111011010000111110
0101001010101010100010010001111110101000010001110110100101101010
1100011011010000010010111010111101010000111110010101000100101011
0101101010010101011111001000111111001001110101101100011100011011
1011010011111010100111001110110110111011000111100110100000111111
0010101001101010100011111000100110000101111101110001101011000001
0100110011011110100111000000110101101001111101010100001010000100
0011110010010011111010101001100011100111010000101000111100011001
1110100001010110011111111000110111101111000010010101000100011110
0000000100011010100101111100111011010010001010110110001101001011
0111000001000110111000011100100101001001111000101111011101110011
1100010101001111000001100001111011000010111100100100001110110011
1111011111111001000101011001010100111101101111000000011011111010
0011010001111011100100010101010001011001100100101000110100111110
0100110001000101011101111101011100101011001110110001001110100100
1000111101000011111110101110100010010000011010100001001000001011
0111010101000001000101100001000111111111001111010000011110110110
1111111001101101100101010010011011110110000011001000010100011011
1010101110110110101111110110110000011100001111001111011100011011
1110010100001011100010101110101011011110001111000011000111010001
1001100001011111111101010100111101000011001100100101000010001000
1011010100100100101011000001001111101000101010111110001010111100
0101101110111101011110111111100011111011110101001000111001000000
1010011111001101101011001101010011101110111000110111110010010001
0101011010011010101110110010011011111010110110111101011010000110
1101110001010000111101010000111010011000000000110001011000101010
0010010010110110001111101011000011011011110111100111101000010011
0010010011011000110000110111010001100101101111101101110011110100
1001110001110110111001011111100111010000101111101001111000101101
1010001010011000100110000110100100100101111100011011011111100101
1110011110010100010001000000011000111100000111000001111001001101
1111110010010110101010011110001011101101001010000001000000000111
1100001000001001011100110011111101101000101000010010011111101101
1001011011010011001101001001111100110011000011111111110100010110
1001000101110101100010111010001010100110111111110010000010100000
0001101010000100000010110010011101111110010000010111100110101010
0110010000010111111111100010110010100001001101001110101010010011
0010101010111101001001000101001101111101101110000110111100010000
0001111001101101111001110111011011000011010000100011110111100010
1100101011100110101000100011111010100001001000100011111100110011
1001101011101001010101111111011110000101111011100111101110000011
1011000101010100110001110111000101001111111111110001100101010101
1010010001111000111010101001010000100011011011011000111000110001
0011110111111010100111100000100000110010010111011100110010100100
1110001011110010010101011110111001100010110101000110000110101010
1100011110110111100011110011100110000100001000011100011111111000
1010010100011101000010100100110101111000111011001000000101101011
0101101101001110100111011010011100111011100011111001100101111010
1010100011101100110001110111111110011001000101011011000101111011
1101010001000000101110110000111011000000100000110010010101111000
0001010010101010010010011110100110001000011000100001101011110001
0100001001000011001110011110110010010001110110001101111111101111
0111111110110110010111011000011000011111011110111010111110110110
1000111011101110011000110001100101111101111110010111011011000110
1101101100101000001110101110101111000000100000000001010011100101
0101010010101001011101100111111001111100011011001000111011000100
1000101111001111010001010001101100111000110100111011001001001100
1001110000110010110010000100100101101001011101110011110000101011
1100011000110000101011011110101000011100111001110111100101100001
0011000100100000111011000111101101110011101000110100001101001001
0011111001101111101010010010001010000011110101001001111011100111
1011001110011110001010001110001001001000100111100110101011111010
0100011001101111111000101111011111011111010101111010001001101100
1100011101101111001110010000111001011011111100101010010110111101
0011100100010011011010011101001011100111100111100000111110111010
1011110001010110000000101010011001010101011000101110111111001110
0110000011100111000001100010011110101011011110110011101110000111
0010100000101110011000001111011011010110000011100010111101001111
1011101011010001001110100000110010110010011101000111010001001010
0110101000110111111100110101001111110010100100111111011001101111
1000001101011111101000001011010000011111101101011111010101010110
0111110000111111001010010110001011011011111011010000101111110001
0100001100001100110111000101111101100010011110110110101110101100
1110101110111101011011001110010011111100111100111010110111000100
0010001100100111001100110110011011000011000101100111110011111010
1000110011011010010011010101000001000101011111000110010101011101
0110101001011111001000111001010011101000010101100001111111010111
1001001101010110000001110000010000110110110010111100110111101011
0111011011000001100001111001010000111000000100100111001101101010
1101011110100011001010101001010000110111100101110110011111001101
1001111000101001011001100110010101010101010011001101000010011000
1011100010011110010010011000111010000111011110010011011010100100
1010001011000000011111010100010011011011110010101010000000100111
1000101111000110011010000110101000000100110100100101100001111100
1101000010010011011100100111011011000101011111100111001011000100
0011011011000001011011011111011110010100011001010100111101111000
0001011111000100001100100000000010010000111111000101000011000100
0111111101111100100100001110000100010001101000000110010000001001
0100010110111011001111101100010110001001110000010010011011001101
1010000001001111101101111110001001000100110101110100011111001000
1100111000000110111010010100011011110101001110011000001010000000
1001100011101100001111110100000001101101000100101010010010100011
0011111110010101011010100011010100010001100111111000111111111011
1101100110101001001100101001011000011101000011010000101000110011
0000000101100011000100000000111110111111111111101100010000111101
1111110011100010011000111001101100100100101001001010111001111000
0110111100101100100101000010000111001000001111010100110100011100
0110100100101000100111100110001110100101001010101011101100010000
1100011101011111110100001000100101110001101110001011111111011110
0101001110001101000110011001101001101111101101001011110011010110
0011010101101111010100010011100110011101101001010111100001000011
