1110101100100110101000001001111110000001100001011000010010101000
0100010011011010111100001011000000011010000100011100010001001110
1000110001100100101011101001111011000111101111111100100100010010
1111011101101100100101111101111101110101110101110011010010101010
1100101110000011011000110100001011001000000100011011110110000110
0101100010000101001101101010000110001011110010000010101000011100
1001000101100110011111010010000100111101001110110101110100100111
0010010001100001000010010000011110101110100010110001010001110000
0110100100100010000001101100110000011110100001100110101000000001
0001100101000110110010010111110100001111110000111110011101100001
1110111000111010000111100111101011110110100001000011011010010011
1001100000101011110111100101000000000000111010100100101100010010
0101010010001100111111011110110011011100101111100111100111011000
1110110101111010011001011011000000101011100011110001101111000101
0011111001111000000101100011100011111111010000010011010000110000
1100000100100101010101011100111111100001101000001010010100001011
1110000110011010101111010101100101010111011111011110010001011001
1011100101100001010011010110010110111111100101000010000000100101
0001101110001011011111110010011111010101010101010101100111000110
0010011100101011101011101111100000110010101011010110010001101101
1111011010110011011011100100111100110111100110011001110001000111
1111001100100000001010100100011011110000011010110000101010101111
1111000101011110100011110011011110100000001010011100000000011001
0001011001011101000001100100000111101111010011010101111111100010
1111100001010001011100001010001001001010011111110000110101010110
1110011100101111111111000001100100001101011010110010000010000010
0011000010110010100000111101111100000010100101001110001111110110
0001110000000001001011101011110000100110110110001111001010100011
0010010001010010001001101001111010000100100111111010101011010101
0011101011011000101000000100101001101000001100110000011111111010
1001111100111001010001001111000010101001001110100101100001001000
0110010000111111101110000111011111110011100101100000001110111110
1101111001001100010111100111010011010010110001100100000100111011
0000110001100010101111111011101001111110110111000100001101011111
0001101010010101010000100010111110000011011100001110101111011011
0101010000111011111111001100111111111101100001111101100011110101
1101000001110101101001100101010100011101000100001011010010010100
1111101101000010011101001100100000010010111011100101001100100011
0001001110011000000100000101011011111000001110010100111111110101
1000110111111111000100010000001111100110100011110100100110110000
1011100110010110101001101100000000010010100011110010001001010101
0011111101010011011000100111000010100110001011111101010110000000
1110000000110011010111110011100110000111010011010111000110110011
1111001010001100000110010011011111000100011000010010100001100110
1101101010000000111110110110101100100111111011010101000000010101
1100110101111110100101001110001000010010110001101010001110010001
0010100000011101011101111110010010001011000011110100111000110001
1000110101111001100001110100011110010011100111001001011101001100
1101001000000100110110001100101000011010101010101111010111100101
1011011101110110111011100010110100011100111101001000111101101100
0001100100110101001011000011111000110000100000010100110000111101
0101011010111011001100101100000110101010100000100011101000001011
1011110110111110000000101000011000001110010100001110110011110101
0001111101101000000010000100000110010110111001110011000010010101
1001101011001010101111000101010011100101011111010101001000001011
1110011000010111000000010010101011010010011010000000101100110011
1111010110011010101010000001000000000011000101010110011010010101
1000111000111011010100000111100111101110010011100001111111100001
0011000000010000111010100011011010111011111010111010001111110100
1111000011100100101111011011010011100101101100011011010010000111
0010110110011110011001010010001001100010100000011010101001101010
1101000010001111011111001110000010011110011100110000110011110101
0111001100011100100000000011111100111101001001101111001010010111
0100011100011110111010100110001101011111011010001101011111100011
0111010011000110110101111000010111101010000100011011100111111000
0001000010101110011111100110100001001110010010001000100001011100
0001110011010001000110001011111011100010111000010000001000001111
0101100000010000000100010111000111011101000000000110001100001100
0101011011111001101000110011110010011101111010000111100001001100
0001111010100001101011010011001011000101010000001011000111001011
1011101010110111000110010111110000110110110111111100110100110000
0110110011001100100010010010011111010000011010101000011010010100
