0111110110000111001011110111010100101011111100001101011001110001
1101010100111110100010100000000110010000111110100011100110110011
1100010101001000010000010110101000110000001100011011111110001101
0100010110010000011101100110000001100111100110010000101000001011
1011000100101100010100110010101100110110000101010101010101101110
1100000101100110000000110110111011010110101001101010111101110101
1111000010000101100110101010111111011000100000111000110110000100
1011111000111001001111100000100111000000000101010110000000111010
0010011000100111101100100001101101100100011110100011011110100110
0001100011110000110111000110100011011010111010110000111100011001
0111111110010100111100111101010100000101011110001100011100000011
1011000001010111001101001001001110011000110101010011011010111111
0011000011110011100000011111011110001100100001111100111010000001
1100000101010111101101110111001001111011000101110011000011011110
0001110011101001110111101010010001100101111101111100100100110101
0000100101010111000001000101110011111010111000111011001010110101
0011001101000010000000011011011110111011000100101010101010011010
0110001101000111100010000100101011000001111001111111010110101000
0110011111111101000001011111101000111011111110101010111010011010
0000000011001111110111011101110001011000110101111100101110011011
0100001000110110011000000001011111111111101001101000000001111101
0001011011110000100111100100001001010011101001111000111011100101
0101111100010010100100101000101011100011001001110101100010011110
0100100111000000101000010111110111001101001010000100010110010000
1001010100100001110111101001101110011110011011000010111010000000
0101100000001011100000011000100010110101000001000010110111111101
1110001000110100001000011011011100010000100000110000001101100101
0010011111101110011010101001011100111011100001111001000101000111
1001111111011111110001101000110010100001100110100100100111110001
0011100000110000011010001000010001110100011100011010001101001000
0010110111101111100001011110111111010100010000110111110010111011
1010001000010101101001011100000000001010011101101101101101001010
1101011100001001101101100111100001010010011111110000001001011110
0110010000001111100101111000110010111001111011111110101011000110
0011001111110011101000010000000100110001111000010001110111110100
0101110011000011001111011110100001010010110101111011110101101111
1010101101111110010110001110111111111010101010010110011010011010
1010011101100000011001110001011111001010011100000010011000010000
0111100000001100100110110011010000100100110100011101010010010111
1011001111011101100110110000101001010111001011100101011111101101
1011101011011011101110111111000101101000010001001100111100101011
0010101100100100101111101100000101111011001110010110000101011011
1010101101000111010010001111000000001111001100011011111110001111
1011001000111001001111110010110101010010100011000101000010001010
1100001011001001010111000010110110011000100100010001110011111001
1010101100001110011100001001011110111111101101011011000100101101
1110011100111110101011001100111010010001100011110101010011111101
0100011001010010000101000011000010100010110100101111010011001101
1001100100100100001000110000101101010111110101101001110000110110
1001111010111110000011101111101100011111000000101001011101000101
0010000111010100101010111100000000001110011000001100100010000000
1111000011110011010111000001111000011010100101101111111001011000
0011110001100111111010101011000111011000011011101100010010001110
0101101001000100100111110111111110110000011001100000001100100101
0010011000011100000001001010110111010000110101111010100101100000
0010011100011101110011111111011110000011110010100111000000110110
1011001001101001101001010100000111001100001011110001111101010101
0100101101110010100010100100111101011100000000010101001101001011
1010111100110011011110111100101010100101111110110010101100011111
0011110111001000101010100100101111001000011010001100001000110101
0011111001101110011110010101010010001011011011101001100110000101
1100011000101101100110011000101010101110011100111100100100100001
1111111001011000010011111001010011111110000100000100011011010010
1100101000111100101001110000110111000101000011101101010101001000
1011100011000001011000110000111110011110111001100010001100000100
0000110001001110001011111111100110000100010000111110101110000000
0101100100110000011011011101001110010010111001100000011111000000
1011010110111110011001111001100111110110000100100110011011000100
0011010110010001010110101001001010010110011010110001010000010101
0110000101001011001001001111111000001110001001001110010101001110
1111100000001110100111110100001000100001010000011010101101000000
0011111111111110010000011000100010000101111100110000001010101101
0111010110010010101001011100111111101101110000111111011101000101
0000110110001011110101111100101101110111110001000000110010101011
0010110100111110010101101100011101100011001101110001011011001010
1001110101110010110010111011011011011001001011111010010001101100
1110010001000100000110100011111000010100001001101011001000000010
0100010101111101100010000010011110101000111010101011111001001001
0111001011111010001010000010101010010110110111110100011110111001
1110000101111010000101101010101011100111110100100110110010111110
1101101001000011001100101010011111000100101100011001011101111011
0110010011000111111111000010000110111001101111010010010001000000
1101010000101011001001011101011110001010110101111101111010100100
1010001100110000101001001110101100001011100011100001111010100111
1010100000001101110010001100011110011100110001010111101011011011
0110100101111100001110111001001111110100101100001111000101001001
0101100011011001000111101110000100100101111000001001001011000011
1101111011010110000000110000111011010010100000101111011110000011
1011010101101110100010001111010110011111010100101011111011100011
1100011101111100111100100011011111000000111101110011011010110011
0010100000011100111001000110001000110011101111011110111000011101
0111110111101110001101101101010111001101000111010110000011000110
1011100110010000011110110000110000111000010011001101001101101100
0001110001101011000101101010001111100100110110101111110110001100
0000110000010100010101000001010010001011000010011000000110110101
1101011101100110010001110100101100000011010000010001111101001110
0100110100011100000010110001110001101110011011010101100110101100
1011100000111111001001101010111100010010111010110100001011100001
1001000111111001011000101100011011001100000110110101000110100110
0001011000001111110111000010111110100000101011111101110000101010
1010001110000001001000100100100001010100000011011111000111110010
0111110110110111110011100101001100111001000101011001100000101100
1100100110010101111000000010001101001011111100010011100110001111
1011000100101010110010000111011000100000101010101010111110000110
0000011010101110111110100000010001011110100100111011111000110010
1001110011100000010101010111001011111100110010101101110010110000
0111100111001111001010011001001000111100011010000110100110110001
1101001111011001110000111110011101000011110001011010000011100010
1010001010010011011101110101101101100100100011111000111000110101
0010011011001110010111111011110010100100110000010101001100010010
0001011001010111011001001101000010000111101000100010101000101001
1100001111000111100010111001011000000100011110101101000011111000
1100010111110011111001111000011110111010111011000001000101000101
0010010001101001100001101111101100011100100110111111000101110010
1011110101111000000010011001101011100100101100110010001110100011
1000101110001010111111011100101000100100111110110101110001000011
1100010000110001100010001111110110011111010001110110100000000011
0011101110010100001110011110011110101000111011000001001010001001
0011011111010010000010000111000010000101001010101101110001100001
0000011101110011110010110110101001001001011110000111100001001110
1110011000000100101110000011000011000010100110001100111000011001
0111100011011101100000000000000111001101011101001000100011110001
1111111100000101011100101010111111101100110011101010000000001000
0000101011001011011100010100100000110011101011011110010011010010
0011010010000001000011110100101000010111010101010111111110011110
1000001110010101100111100011000010000101010011110000100111000001
1101001011011100001011100100001000100011011100100001110001101100
1010011111100011010111110011000010011000100111000111111011001111
1000111010011101101101100011010001001100001101110000000001000111
1000101111000000111110000110000111001101001110110100101001100110
0101110111111100111011101010110110011111111111111010011000100111
0111110100000001010011010011001111000000111101100000101111111000
0011000100111001101101011010000000111011000011000110100110101101
0110011111101101101110110110010101011111000001111011011100111001
1101100111101100111001010000011001111100100100101010111000100111
0100110110110100000101111001011111011011100011110111011011110000
0111101110010110010000111111000000100001110101100110001001010101
1111000111101110001110110111011011011011011011101011000001100110
0010111110000110000010101100111000001000100110100011100011110101
1001000000110001010011110100000100100010011111001011101100001010
1001010110000111000000001110011100100101101100110000011001000111
1011010001011110000111011001111100110011110000010110101001101000
0111111100001101101100000010101110001001010001100010100110110100
0100100111110010010010010011101111010011100011000101011011110011
1100000111010011110010001011000110010000111111101010000010101001
0100011111011000010101111100001010110100010011011000001011011000
0101110111111111111000110110001111101111010001001101000000000010
1101011010011111011001001000101110000110010101010000111110001001
1110111001101111100110010110111011010111110011010101011001100001
