0101001001011011000111101100011010001101100001100111101010001111
0101011000011100111000010100100011100100000111011100100101001110
1010100101001011110110011010111110110101011110111011011011010010
1100111110101001001101100100100011001100000101001000100110101001
0100100010101011011111010111010101101011111000011100000110010110
1100000010101100011111010110000000010111011110101111011101101101
1000010101100110011110110010110000011001001110000011001011011011
0111100111010101010001110010100111110011110110111010010000100100
1000111011101000001001010001111000001001011001011100011111011010
1101011101100011110100001100011001001000110110011101001100100111
0110011110110011001100000101101110101011001110100100101111111111
1010010101110011100000100001100111101010001101000110000110000111
0001001011110110100100100111111001100000101111000010100100000001
1010111010001111101000101001100110001001001100110111010000101110
1110100001011101111010100001111110010100110111011101101001110011
0001001111100100101100111001101011100100010000110001000001101101
0001111010101001000100101110010101111100011010100100101000100011
1100010111111000110100001010100000101110100101110111110110000011
0011010000011100011101001001001111010010011100100111011011100011
0001001110101011010111010010001111111000101010100011101110011100
0000100001110011110001101011111110111000011111010000101111111000
0100001101000100100101100111001111110101101100010001010000101110
0100000000001011111100010110100100111100001010101010011101101100
0111111000011010000001101110011101001011011010100100001111111010
0101011110000001011100100100000010111011000110010110011010010110
1001111111000111101000011000110100011100110010001111100101000010
1000101111001011011001011101100000011100100110011010110100011111
1001101000101111111110110110011010100111110111000011100101010101
0101111001101101001000111111111110011001100100111011100000111010
1011101010010110001010001010110001000101100110101110110010010101
0001000100111111111110001100110001000010101001001011101011000000
0101001110111100110101001011110000100100000011000110100001110100
1100011011101001100110011011111110110100000100100011100010101011
1100001110011100101011110111001010111110101100100000011011011111
0111000000010001100110110010110010010001110111101011000010111101
1100101100110011100101000000111011010011001011001001011011010010
0001110110010010101001111110000000100111111101110001001010110100
1011001001111000011001010110101111111010000100011111011111010011
1001000100100101110011011010001001000110110010110110000000011101
1010011001110111011011110011111101111111010010101101110110101011
1010101100011000100100000100100011000011100110111011110110101001
1101101010010011101110110101101101001110011001010111000111101111
1011000111100000011100111110001011001011100111111000110111101001
0000001011101000010011100100100000101110001101000100101100111001
1000100111011001010111101011000100000000000011001111001111110010
0010011111101011011101100011111000011000111000111111110110110001
1001000010110110000011011111100011010111001000000100101100010110
0000100111101000001111101101101011010000100100111101001001010000
0100111001110101001011000110100000010110110001011001011110101011
1100100110001111100010001001010010110000110111011001010101010001
1001000100111011001000111010111110011001011110111000101101110011
1001100111111001101000011100110110001010111000110100000100110010
0011101001110111110000110000001100000100000111001100000100000101
1011111011011010000011000011001001100101010000110001100101101011
0010001100011101001000001011100110010011110110101101110001010100
0111010010000100010001011011001001000101000001011100011101000001
0001001001110010110101011100101010001110110100001010100101100100
1100001100111010101101000000110111100100110101110100110001101111
0100010100100100100001001110010110000100100101010010100100101111
0001110111101000110001100101101110000111100100011011111000101001
1101111001100100101010101110000101101101111010101011010111001101
1010010110000100001000000100110110110100010011001000100101100100
1010110101101010010001101101000001011100110010100000001101111011
0110010010000000010010011000111001111011011111111110000111110110
0010110011110010011100001011001010000000011001011001100011000001
0100010001100011000111100100111000111100100000001010100010111010
1000010001101111010000101010101010001101001110100100001001101011
0000010110101001110100101111110000100010101110011000110111010000
1001000111100000001111100010000101001000110110010010101100011000
0110111110000101101101000010000011101010110001111001011100011101
1100001011100111011001010101000011011000001010110000101010101111
0010111000011010101010001011011100100110001110001011010001110011
1000101011000100100001111100101111111101100001101011011001000000
0000101111101111111101101011101100001100011110001000010110001111
0010001000110101001000010011011100001000110111011101010010101111
1101011100000000101010001111011110100101010010000111001001101111
0101111110000001110100100001100011011010010110100100100101111111
1010000000000100010101101011111000101010100110111101011010001010
0011100111111101110100110111001001000000100011110110010110000101
0101110100100110011110001111000100001011000001001110000100110010
1001111101101111110111011100101001100111111001011101100111000011
0110100100011101101001011101010001101100001110011011111010001000
1011110011111111110010101100010011001000101101000000000001011000
0001000111010101100011001001000110100100001100110100101101010101
1100000110001011100101001010001011000111100011000110100100001101
1100000101100010011111010001001000100111011001100010000010111111
1010101101110001101010110000001101101011000011010000001110100110
1100110111111000010011010111110000101000001001100110011111100100
1100000011001100101001010011011001011001010110000101000100011001
0001110101101111001101111011110111100001001001011110001001000011
0101010100010101001100011001000011110000111110000011110010001100
1001011010001011011110101000110010001111110111011110001000011010
0010111111000100100011101101010011100110001111110010110100010101
0011100000101101110111110000011011101011011101101000110000101100
1111100001010010000111001101110110101000100000011010011100100100
1100001110000011111111100001111001011100011010100110111000100011
0110010011001001111001001010000111001000011011111000010101101010
1100000000001010110001011010110100011101111111001010011100111101
1011010010100111011111101000000111011010011010100001100010010110
1001001011001110010101011101000001011011010100001011101100110101
0001100111110011000110011001100000101011001001000010001110101011
0100011010111111010101001010010011111010110011111101101011111001
