0100000111000010011011100111111110100010011010001000011000111010
1110010001000111010100000010101010100000110000110001101001010111
0110000110100101111000101010010110000110011111011010000110000111
1111010001000101100110110011001010110011101111010111111011000111
1000001001101110000111100101111011111111111100010100011000100111
1000001011011101111100100111000111011000001111110110001111000011
1101000000100000100100111001010101011001011001111001011000100000
0100000010110110110011110111101110110101110000011100010010011100
0000010010001001000001000101101001001010101111110010101011100001
1001110101011110000011011010111111100100111001110001110010011101
0111000000010101010001000000110100010111100110011100000110111100
1111111110001010100001111000101101100110110110111011100000100011
0010100100011101011100011110110001000010100111011100100110111110
1011011101110000100110111100000101000011101011000101001000110101
0100000010000001110100000000100010100110100011100101011011010111
1111101001111011010011011000011011001001001111000100101110011011
0010100110101110010010001001001111010001100010110010100011110101
1001010000101010110110000101001011101101100100101001000111001011
0110100101000000011100101001111000111100100011111011001110110110
0110000111100101001111010011000010110111110001001100100011110000
1111111011110001010001101010100011111110111110010010100000000111
0010100100110110000100101010010011011111000000100111110011010000
0011000010111010110101111001011011110010000111111101010011111100
0100100011001000010001111010000110011100010100001101111110010001
1010000110110111000011000001111110000111001111001101001001011001
0110101100010101001101110000001100000100111000001101111101010101
1000100011100101011111011011010101111101001100001110110011001100
1110011110001111000011011011111011100000011101000001010101001001
0111001011000011010101111011101001101011100111100101100111100000
1010011101010100001011100011100111000110111011100001111000100010
1010111100101110001000110000010001011000001111100111001010100001
1110100100101101101110101001011100111110111110100101011011001111
0010100111100111100100000110110001010001001011100100101111111010
0001000101100110111000000011000001110010100100100111001100001110
0000010100001000010100110101010100000110101010001101011111111001
1101110001011110110111001100010101110000010001111110101110011111
0001100101011101010011100001010110001000111010011100101011100001
1101001010101001001111010100000011010100100011101000010101110100
0111101000011110010001000111000100110011110011010110010010011001
0010100010000111000011100010101011000000000010111001111110110110
1010011001001011000110010010100011101101001000101011100010101010
1111101101011110110001011001001100011101011100011100010011100011
1111100101001100100101001100111001110000110000001000101111111100
1101110100101110011110100011001010111000111001101010000011110111
1101000111100000110110100000111001011110111111110111011011011010
1001010011101101101111011001101101011010101111110000011011111011
1011011110011001010100100000101011011000010011000100011011001111
1100001000011111111011011110011001011011001100000011010011101110
0001111000101111111101000001000010010101101111111010101001110011
0100001111101100101010110000000010100101110011110101001001001000
1101101101010001101111000011001111101000101111011000111010101010
0111011001111101110000111001010011110001011001110110111100001100
1010010010001011111110110110010011011110100010010101010110100110
1110110001010111100110010010110100000011111111101101000011001110
1000111001010011000110101110111010001110010010100100100101110011
0001111001111100100000000111010101111000100110011100011011100101
0100010010011111111011100010101100100000001001101100100100000110
0101110111001101101000100000010110010100101011111010101011000110
0001101000001111010011110101000111001010111101000000100111110001
0010111001100101000100000101100001010111010111010101111110110011
1111111100101100010000101010101111011100011010100101010101010110
1101011010010001011011111111101100110011010111100010001011110100
0000000011110010101001110101011001101101110011000110010001001101
1001000011000110000011011111000100000100010110001101101001110111
0011001011111111101000001001010111100010000111010101000111011100
1100000101011100101100000110110101000000001101011110100000010101
1000010111100001100001111010101001000010101011011101000011011011
0001101110100010110011011010011110000111100100011001010000011111
1011100111110111111000000110011111101000110110000110000010000010
