0001010100011010000101010110111001010010110111001110101001111011
0100010100100010100101101101100011010000111100010000110010110111
0001000101111110011111011110110001001010011000010011111011100011
1000001001110000000011110000110001011110111100010001011110101110
1001001000011100100111011001110101000100010001100110110011010011
0011000000011110010010000101011011100001101100110111010100100000
1101111000111110111100001000010001010110111000000101011110011101
0111101100100111011011000011111110110101011010111100110111000010
1100001010100100100011000101110000000100001011001000111011001101
1000011011101100110000011001010011010011011010111111001101000100
0001111001100001011011000111100101111101101101001000110000110100
0010001001110011011101011100111101111100111101110100111100000000
0000001010101011111111101001011111001011100110001110110000001111
1101110000101011000010101000110001001011011111010111101110010110
1010001110100011101100001110100011111111101100100011011111101011
1101011110111100101111000000100110111111110111010011100101001111
1000101110000101111100110110101101011001111111100111110111011101
0100101110111001111111101111001001100110011111000110011100101000
1001000011010110100010100101011011101101110100000011000110011011
0111001110100001011011101111010011101110100001010100111011001101
0011110100111100100010000010111110001100111010011111000110101011
0010101110001011110110010111010000100001000001110101100101000011
0100101111010110010001100011101110000110011100010001000011111001
0101110001011111101011110111000110111010110000000010010010010010
0111111011011100111001001001111000000011111100000110010010111110
0110001011101001000000000000111010011011101011100000011010100001
1100111010110111001010000111111011000011010011101001001100000111
1010111001000101100010010011101010111110101011001010010100111000
0001001001110001101101001000101100100001111001111000101001101100
0010001111101110011011010110101010011101000110010010110100000011
0000101101111000010011101111111001101010111001101001001110100110
0101100110110101110001011101100110001010011000010000111111100111
0111011011101000001111001110000101010110101011011110110011100001
0000001110010111011100010100100110011101010000000000000010111111
1000011011101110010010000111111101011011001100100101101101111110
1111101010111111101100001101100010101100010101111100100101001100
0011101000111011011001001110110100011110000111010010001111100111
1000010100000000001110100100101011100111010001011101111000011000
1101100000010101001111110110110000011110001101100010010001000000
0100011101000000110001000110001110001111101010010011110000011011
1011000111101100001010010010011000001001001101101100101110000010
0001000111010100101100110111111001110011101110000111100011010011
0100101110110010000011111010011010100000001101011111010001100100
