0011110111101010111110110111010000110011011011011001100100111101
1000000000000011000100011001001110111110100100011000110110001001
0101101111001111001101010011001110000011100100000100110101111111
1010100000101011000001101111011100010101100101001110010010100001
1110000101110101110100001011101010110101111110011000001101010010
1010110111001100011101000010000010100011010001111001011000010101
1011001101110011001111111010011111110101010111100100011010001100
0000010111000000110101101100001101010010010111110100110000000001
1100111010010100100110001010101110000001111010101011001100101011
0001111000101100100010001010000000111100011111010100011111000011
1100110001011011100001000110010101101101111110000110010011111111
1000111101101101101001111011000011011111101001111111000010000111
0011101111100110101001110100101001000001100101111100010010010110
0011110110011110011110111101010010100101100000000001110010001100
0110110010010101110110111000110111100101100001001010000101111010
0010110011000101011100010111001010001110011011001010011100011010
0010000111110000100100100110000000011010101101110011111010000000
0011010110000001111110000101111111111010101101110101000010001111
1010101010001110001011111111101000100110010110110100010100111100
0110110001100000110000000101110100010100101000100010011101101100
0010000000101010111100101111111101110010011010111100011001000100
1100101110001000110001101111110001000001000110101110101111000100
0110111011101101101110110100010001001000110000011001110011011011
0110010011110010001010111011001000101110100101000010001110101011
0001001010100100011001111001000101001100001111010110010101001001
1001011001110111011111110111111111110111111101100011101101110010
0001000001011000000001010100101001111110101111100000011000001100
0011000011001111000000000000000100000001100001001111100110011000
1001011001110010101101000111001011101101011001011010100011101101
1110011101010100110111110011010111101001111111100111000011000100
0110111100111110000100000011101010001010010110010001110101001100
1000110100111101001111111101111101101011101000111000001111101111
0100101010000110111110010001100111111111110011110011101111000110
1000110000011010010110111111110000100100110100101010101111111100
1111000001001100000010001110110101100100101001101111110001011010
1010110101001110110100100100101101100011000100100110000100110111
0010111010001110111111110100011100101001111011010001010111001011
0111011000011110101011010001001101100011100100011100110101110011
0110010010011001011110000000101010100001001101011010001000101011
1011101000010011011000000001010101101001000000001001100100010100
1100111110101110111111001111011101010001000011101011111101101011
1011000101110001100110000001100101000110110010010001010010010010
1000010101100101110000100101011110011110101011100000100000110110
0110101100111000110000011101000000010011000001011011110010101000
0000011101111101100011111001111110101001101111100010010111011001
0000111001110010000101110111010000011110000000000111110110010000
0110000011101011110011001011010111000000110001001111001100011111
1000101001011011100111000111111001111100010010000101001011011110
0110101101111010110010010101010110111011010001011010110101010101
1111101101101100000010110001110010100000001001101101110100101011
1011111100100101001100110110101100011001100111111110100110001100
1011110010100111001000000100010010010101101011010111011010110010
1011011111000110110101111110010000000101010001000101100110000010
0000111010010100111000100010010110010111000100000001100111011011
1110100011100101001000001001001100000000110011001101110101101111
0011001100011001111100111010000000101000010100000101000001010001
0100111101010110011101110000001110100010111100010111100011101100
0111000100110010000110111010100010011000011001100101100010011111
0100101001000110110110011100100001111001001110100000011111000111
1101000000101101011110000111101010111000101010000110101100011011
0001011111100000010001010101101110101000101000001100100101110111
1011011000000010001101010101111011011110101111010100000101100000
1010111101100111111011110101001110001010010001011000100010011101
0010001001010101100101000010100010011111010110011011011101000111
1101011101000101000000100011111011101111101001010111110110001001
1001100011101001100110000000101110000100101001010101110110110001
0000110101000001100011011101001111010110011011011100110101100111
0000100101110000101011001000100011001101010111010110101100111110
1001000001111000001100010110010111101010010011010010110111011110
0111111001111010100101001011100100110011101000011101100010011010
1000000101100001101000010000001011110010011110010111110100011111
1011010010100110101110111111010111101110000111101101011111011000
0001111011011000110101111011001000100000010001110000000001101101
0110110101000111100011011101000011110101001101010100011001100111
1110010000010000011010111110110100110111010101010011000001010111
1100100111110001001011111110111110100010100010000101001000110001
1111001011101100101111010111110110111111001000100011111011101001
0001001111010001000001100001010111101010011101011100000110100111
1010000100101011010110111000001100110101001011111110000111011011
0101011001010001101000011101001000100010110010001110010011000011
1101001010110100100000101010000011001101000011111101110011111100
1111101111110010001101111111010101011010000010101100000110001110
0010110110000000010000001001110010010110100111001010100100101000
1001111001110101100011010001001101010101000111011001110101111010
0110010001100100100111110111110101010001000001000110010110111001
0111100011100011101110010100010010010100100111110100101101111010
0011111100011011110001000011011110000000000100010010110001101000
0000011111000111110010100110111110000111101110100100000000001111
1110010101000111010110100000100111101101001010001010110111001001
0011000111011111110000011100010010101100010001100110011011101011
0000110011010100101111100110110110100011100010110001101100111111
0101110011101011011101010011011100101110011110110101001010111101
0101100011110010111100101011000111110110011010010000110000001101
1001001100000101000100000111001100111001100111101101010110011010
1011001000000000111010010011010010111010010010000011100011111001
1001101101010010110001101001000011101001100111010100000100101110
0101110000100100010010101001010110110010001001100011011000110001
1011011000010101001001000011000011111100101110011101000011000000
1011010101001010001111111000010101010110001010111100100110110011
0010001000100011011101101100010110111110001111010111011011001101
1101110100011100010000111100101111110100101011111111010001110001
1011001111001011101011110010101001000011101000101110010000010101
1100000110010111000110011011001111110011111001101101110101010111
0100110000011100001101011001011101010000111011100001111010010001
1000100010110111101001101100111101100001100111011001011001101010
0101110110100011100001101100101001100010000101111011001111101001
1010111100101101000000111010101000101100001100010010100001001110
1100000011011011001111101011000010101100011001000110111100000011
