1100000000010000000101100110110010110111110100010100000011100100
0101110000110000001101100010000010111110110110100000000001001111
0000111100111001111111111010111100010111000110110111010011000001
0010010001100110001100010110000100000100101000101101000110110110
1010001110111100010101110111001000111111111011001100011001110110
1111010010100100101100010110110111111111010001001010100111100111
0000101011011100100100000111001000111010110000001010101110100100
1111001111110001100010101111011100000110110011001111001111001100
1110110111100100101111001101110100101110111010100011010011111001
1101111111111101111111010101011010101100100000000001101111000110
1101101111101000100001001110010010000101010110100001001011101010
0000110101011100000001101100001101010000011001110010011011000001
0101010101111000001010111001000101100000000101101010100110101011
1010001110010101111010000101100100000100100000011111111100000000
1101001011101001001111010110011010111010001101001001011101111111
1011111110111100011101111101111100001110111100010001110111011100
1010001001000100011001101110011110010010111101110111111111101101
0000001110001110001111111101110010100000111001000101111111010011
1011101011000000100000101101100111001001111001111111001111001000
0001010001001010111011000111110000110101001011110011001110010000
0100101101011000101010111010101111011000001110010110011111111101
1111110110111100010011011101100110110010010001111001111000111110
0110011110111000111110100001010010101100110000000101001000100001
0110000011100100110010010000100100111101110001001101001110001010
0011111110000100011001100101001101101010000000100000101011100100
0110000010001000001001110101101001101101011000101000001001101100
0111000100110110001011101000101111011010100110001101111111101011
0111110011110001100110101001010111011101110000011101000110000011
1000101010110001100100000010001100110000101011101101110110101001
0011101011100001100110110110111010111001100100000110001111111000
0111010001100110100111001010000100000100010010000111100100101011
1101111111110100111100100100011010100101101000101100100011000101
0100101110100110101100011000111110011011100010011001111111010101
0101111101100011110100000001101110110110000001101111110110101010
1110111100011110001011001110001010100001111110000010011001110001
1111110110111100010100001111111100001001000100101000000111011110
1001000101101001101011110000101100111001100010110000110011110110
1001111111100001011000011011100110000101101110100101001100011110
0010100110010100010001001101001011101110110110101010111001110000
0101010110110100111011110011111100101110011010110100001100111100
1101110100011101101001000010010010110100001000001110011011000110
0111110011011111110000001111001011101001010111101100110001000101
1100110110110001111100001010111111000100111100111001001010110001
0010100010111000010101000010100110101110111010011110110111001101
1100101001110011111000100001100101011000001010100111010000011100
0010000101011011111001110110010110110001011011111011110000110101
0101001000101111000101001111001011111101001011100110110111110000
1111001011001101011011100111010000101011000101110000101001010101
0011001101101111110110011010000000110010110011111001000010011111
1111110010101110011010011001001001101011001110111001001100011000
1111011111111100011111000000111011110110100111001111110001011001
1101000001111010101101101101011000011111111010000111001011111111
1100101111001011010111011111110001100101000010010011111001110101
0111101101000111011000001000011110110110000010100000101010100111
0011001100100110000100010000100000101111110000001011000111101110
1010110000111011111000100000011101011100000010000100001000010111
0110100111111000010101100100011001011101010100100001001011001010
0101010111111110110100001100010001011001010001011001010100101100
0110100010001110101100000010110110011111001111111001010010101010
0110001010000111111010000110010011110011111100010001100010000111
0110110101110011011010101100111110001100010011101110011100001000
0011010111110010001111000000010000101101100100001111011100100111
0111110111010010101000011011110000011011010100110000000110100110
0100101011010101000111010001011000000100100100101111001011101001
0100110110101001101111101101001101011101111100001010001101101000
0011010011100110010001001010011010100110011100000101001101110011
1110100010101000110100000100000000110101010001001010101101110111
1011010000100101101101000001011100010001111000000001101100010110
1101011001111010111000010011001111010111101001101000000010110000
1001111111111000011000001011011101100101010000000000101000101110
0101101010001101111001001110100011101111010001000001111010111000
0011001000101110001001011001001110101010011011001001110110011101
1111000100100011000001111010100010101000010110011110000011110010
1010000001110110001001110101101011000011000100101000100000111010
0101010100101111000010100111110110100100111011111111101111011100
0110010001101110110010010010000101110111010101010100010011101110
1001111010100001110000101110011000110011001111000011111010100010
1010100010111010110100111000010000111000111110011110001010100010
1111110011111000001011101001110111001011010010100010100100000100
1101001000000001100001011101101100000000001100011111101010010101
0001001111011010100101010100111011110000010010110110001000100111
0000110011111100110111101100110011011111010000010110101011111010
1010101101000011010111110001001001101110111000100101011001101100
0101101010010010000001110100100101010011001101000111110010110000
1110000110011110110110000010111111101100100100000000001001001100
1000111011001010100000001101110001110111100011000100111110100110
0010111011010101110010111110000101011101000011011010100101101110
1010010001111100101010101010010111011001100110111001011000110001
1011010111111010000101000010010111110011110111010000101101100110
1101010001010000010111011000011001111110100011000111001110110100
0110111010000101010101111111000000010001010100111111000011100000
1000011100011110100111100111000011011000011011001110100110000000
0011100110111100011110111000100100001101011000000110110000101111
1110010100001110110001110100111101111010101111000011010101111010
0001001100100000011110111001010111111000011000010000101011010000
0111010011011000000100010001011110011111011001001010001001111000
0001000010100001011010000000011010000100111111001000000101101011
1010101111111110000110000011000111001000010000001011001000001101
0110010100100100110011101110110010001100101110001101111000000111
1100100111110000100101010011000100110000110010010111010100000001
0000101001111011110111001011101010100100101110001100001010100001
0110001011000101010101101000100001110110000101110011110001011010
0110011111100110110100100001110011000001001010111110010001001010
0001111111110101101111011000110100000010000111110010000001000111
1100100000011001110110000111110111001010010000010011110011010101
1110011100001111010011110100110111001011101010011001110111001000
1110011010000011100001101010011010010101000010000110110110000100
1000001100100111011111111001111011010000000100000100011110111110
1111111000001100111011100000110010111010101101001010101000010000
0001011010101001001001110101010001100110100111100100000001110101
0101011101100100101111100111111010101011001000010010110110011011
0011001000100011110010111110110101001111010101100011000100001000
0111000001111101101111010101001010101010000010101001110000010111
0100000111100110111011011010011010000000101101101010101011110101
1111100110100000010101001011010010011001001011010011011111010010
0000111001110110100001101010111101100011010101001011001111011000
1011100001111100000001101110010111010000010100110010011100011000
0001010000111010111000111011011001110010000000111010010011110100
1011111100010110101011001000101101000001010111010101000110110011
0101111000110101110000101111101100011110110100110001000110011101
0111100011011101010101010100000111110111101110101011101001010011
0001101100111000110011010000001110100010100011011011100111101001
1011010111111110101010010100110010100100011101101000101001010110
0100011001001011100001110110001100011100110100101010111000010110
1110100011100111010001111001110101111001011011011010111100110101
0100000010100010110100101101110010101000011110101101001011111100
0011100100111110011101000010101011010000101001010101011001110000
1011001101011111010100001001010110111100000001000110011101110001
1000111001110000110010011110001010010110000010110001101011110010
0001110111111111000010001000111110111011111001001010111010100001
0100011010000101111110110000110111001011010101010010100101111110
0100110011010100100111110111001111010000011100010101100111101010
1011110110010100001101000010111001110001001011001011000111001001
1100101110101111010101111000110010110110111010001011110011000111
1110000101101001010011000011100111110100001110001010000011000011
1110011100111001110000011111110101101101011111100000001101100111
0111011100110100101011110110101101100100011100011111010000000000
1111001110100110100011101001000101011001000010100000000111110011
1010011110010011101010110110010110001111111101011010101000010111
0000001101100011100100011000000111111101111000011001001011011100
1110110110001010101110101000111101011100001011100011011100100011
1000100111111011000001001111001111000011100100011101011100100000
0100100110011011100111100101111111001000010011100000000101010000
1001000111001100001010000110011010111101000100000101010001100100
0001010101001110011001001010000111111001010010001010000101000000
1111000011111000110101111011101100111110001000110011101101110110
1111100110011110100111000000001010111110100110111101111111100111
