1000110101001010000100001001011000001010111101001001000000110101
1110010101101001010010000000001101111111100111011001011011111111
1001010010011001100000001101100000110111101110100100010011111100
0001101101100011001000000101110000000110100001000000001110100110
1010010100000100111000001110001011100011010010111111011001110011
0100000000101100110010111000111110110010111011111001010010001111
1101000101000011000100001100100000011010011100001000000100100101
1010100101111101010011000010011110100000001011001000111101001101
0111101110011000010110011110001100101000100001101100101110001101
1111101111010011001010110110000001110000100011000011000111110100
0001110011110111001001100010001000100010110010110000100001001011
1000011011011111110110100001011000110111111101010101011110010110
0110101011111100000010011000011000010011001010010010110000101111
0110101010011000011000010100011001011000101111010110100101101101
0001100100011001000001000101100101011000010100100100001010011011
1001011011010000000001010011100101111011110000110000011001100110
1001001110101010011001100101111111001010101000010110001010000110
0100000100000100010011100001011011001001100000100000000011011100
1110111111001111001011010100000001100000010100001000000111100011
0000100100111100011001010000101101001110001111010010011111100101
0000101101001111100011010010010101010000100001011101110100100100
1110011010101000011111110001110001000001000110100001101011000111
1100000001001111001001000001000110101101100110111111000111001011
1001100101100011011100001011110110000001101001110000000010110001
0100101110111101001110111011110001111011011001101001110000000000
0101100010100110001111110100100010101110011010000110001110000010
1011101110000100110111010001100010010011001111101110110011010001
0001100001100011000001001101100011101111100101110001110010001101
1010011100111111000001011110011001111110100010011010111001001000
0001000011111101011010000000001011010100111100010101011100101000
1000101010001011100110001100000111110110011001010011100010111001
0110000000111111000100111010011000111101010010001001110000111111
1100100100110001001110010110100000110100111111011011010001001100
1011110111111001101101000010111110110101111110010001000010000111
0111000111110010001011010111010111110000111111010110111001011001
0011010110111111001001001100111110001100000011110111110101011100
0111111100101111101100001011001110100010001010111101101011011100
1110000001001100001011110011001000010011011010110101111010010010
1001110111110011011110111100010000100001110001111010011100110110
0001110111010011000100101110000001000011011001010110100010111100
1101000010000000110000100010111000011101010111000000111011000010
1101011101100101011111110111101001100101110001111001001001100100
0100011101101110011010100111000011010100111011100110010101110000
0001111100010001010011101100010011000110110101100110101101011001
1000011101100010001000010111100010011110011001100111101001011110
1011101001101001111010010100010011110101000101001101010101000111
0100010010010010111010100111101001001100100000000100010100111101
0011100010100010010010000000101101110110010101001011111100001010
0100001111000010101111011010001001001000000101100010011001000010
0010010010010111010111001100011101001001000001010011101110010001
1001010101101111001000100101011010001101100101110100100010100010
0000111001110110111110011100000110000100000011111101001100111100
0010100111010000010001010110001000000000100110111010001111101011
0010010011111111011011101010111011001001100101110010001111010111
1011000010011111010000000110110111110001110011010011111000001001
1000001010000110110011110111010011101011110101111111100011011001
1111100100101010001101100111011101001111010111000100001001100000
