1101001101111111100000100010001100000100101101011010101101010001
1101101000101100000000110010000010100001000100101101010101001110
1000011110000100110110000001000100101101010111101011000100100000
1011100001100100110000001100110111011111010100111111100001100100
1101100010001001010011100000000111001110001001101110101111110100
1111111001000000000011111101001000011010011110011111010110101101
0100111110111001110110111110011000010011111000001100110101111101
0010100100101111100001010101010111010001110001000010000100100011
0011110111110000100010001101110100101000000111100000111011101110
1001000010000101101001011010011011110010000010111011010011011011
1000010001001110010000000001111100011101111110111100001110001000
1011001010001101100111000011011011010000101110011110100110010100
1010100011101010001111000010100111100100111111001000010110010111
1000010010101111111101000000100110010110010010001001011101111110
0011000101101011000011010100111110101111100101110100010010110001
0101011000111101100110110010001001011101011010100111110100110001
1010110100001100001110110110011101110100010011110010101001100011
1000110010010111011010111101010011011001110000001111010110111111
1101010111000110100001110100100100010110101101101010111101000111
1011000100010010001000100001110010000001101101110000101100101101
0011000100010111001100001110110110100011010000111111000100011100
0000111000010011010100000100000111110011011001010011011000010101
1010111001011110100010110110010111000011100110010000010010011000
0111010111110110000001010011011001111110101010111000111001000110
1001010010011011011110000111011011000100111100110001100100110100
1000100101001000111010111100101011010110101011110001111110000010
1100101110101011101110000101010011010100010101011101001101010110
1101111101110100101110010111010001110110110000000000010111001001
0010111111111001000100010011110111010001100001001110000101010101
0111110110001101100101101010010001011110001110010010001011011010
1100100011001010010101111101011010101111110101000101111101110110
0000000000010111110011001100101001010110001101010001011001010001
1111110110100010101101110111010010010110110000110011011110101010
1101101110110101000011111101100111110111101111011101111111110001
0011100010011101000010001011100010101000100011011111111110001101
0011001100011001001111101000110000001010000011000101010011010101
1010000010010110011110011101111001110000100100011110101000100011
1100101100101111001001000011101011100001001000110101011000000000
1110011011000000000111010000110100111101001010111100100100101101
1100110111000000001000001110111100111000111101111111010111110100
0011110010000001111100111111100000011011110000111000110101111000
1110100100010010010101100101110110100101000010000110000100000011
0111111100101101010101110001001101011110111100010101101111010000
1011100100000101110100010011101100010101001000110001010100101111
0001110100111100111101101001101000111111001001101111011010010011
0100000100111001010001101110010001110001110101100001000010101001
0000011001001000000010100100100100110101000010110001101000001101
1111111110001100110110010011100111100110010110011001010100000110
1111001110010001110110010101100110111011010000101011010010011100
0110010001011111010111010100000000110111111101010101100011100100
1010110001010011000100011111111101111000100010111110011010101101
0111111111001011101101000010011001100010111110000101100111100011
1010100101000111001101111100101000001001011110100110010001000100
1111010011111010001100101010010010001101101110000100101101010100
1000000011001001010110000001010101010101111101010101101100110101
1100111001000000101101100001100001010011001000000111001101101100
1000101000001011101100111011111101001110011011100101100010000011
0110101010000111101111010110111110100010100011011110011010010111
0100111100010111000001101100000111010001110000101000100111000111
0011001000000100110000011100101000111000111111010011100101011000
1100101001001001100101011111111100110011001100100011001001110010
1010011110111111110001010000111100100000010000101101110100101100
1100011100011011110001010000011011100111111001000000011111111101
1001010100110011010011111001100010101111110001100100100111110100
0011000001010010100010001110011101010000101101110000011011110001
1000111110000001101001011010100111010001011010110110011110100010
0100011110101010101001101000101000001001110110000011000011101000
0100111110000110111011011110001100110001001011001001101111000101
0111011100000111100101100000100111000010001111000110100100101011
1101000011001010100000000110100101010110001000010001110101101011
0000110101111000010010010001100001010001001000010001100010011101
0000000000000101101111111110010101110000110000101010011101110110
0000001110100110001011100000111011110011111101010111010111010011
1010110011100001000100110110101110111011100010110100010001110001
0111110111011111111011011101010101011010111011010000010101000111
0111101010001011100001000110001110101100011001110010110111111000
0001011111111010010000010100111001110111101100000000110000010100
0110010111001111111011111010000000011100000001000001010101101010
1101111011000010010101101110001111100011000101010011101000101011
1000100110110111001100011000111010001100111111101010011011010101
1101001010000111101110101000101110001010110011000101001101001110
1001001011110110110000111110001001101100101110010100011000100001
1011000000011100110000111111100010000111111010111111111010011000
0101001110000001110000001001111011111100110001001111000000001110
1100111110100010001101100011110111001000111001101110111111111111
1010010001110110111100010011000000111100001011001110000101010110
0011001000010111000110100100001100101111100101101010011101000001
1100011011000110111001101111100010101001000001010101110001101000
0111101110111001010000100011011010001011100111101110111100000101
0111000011010110011100011010010000001011111011101001100100101011
1010110110010010000000010000000010000110000010000000000000010010
0001001001100010100000011011010011101110010011111111110100001111
0001001010001100000111001110110010011100110000100111001110101101
0111101001001000100101001101011101100100010000101001000000011010
0000110101110100101111001101101101110110011101001011110010110011
1011110011110110100000001001010100101001001100111100110011110111
