0111110101101111001101000100111010101100100101011000000100100000
1111100010010111001000011111100111111111110111100110011111101001
0001100011010100001010011111100011000111000001110010010101011001
1010010101111110111110101000001000011010101001000111010101100110
0110000110110001110000101000111111001111110001011001110111010001
1110011110011110110111000010011000011001000000011011101000001011
0100101101001001011110000011000011010110100000110011111111000101
1000010101110000111000100100100000101000100101100110110000110110
1101011010110101110000111000000010010110010000110010001011110101
0101000000001010001110000111101010010000110011010011001111011111
0011101100010001010110001100101101001011010001011100011010011011
1100101001000011101110101101111000100111010001100001001011110100
0010010101011011111000100011001011101010100000110101111000001110
0100001100110100111101011000000010000100001111011001110101110000
0001001100000111001011010001000001010110111101001110000001001010
1001000110111101001010000111101000101111111001110010111101111110
0111110011001110100100111101111110001100110100101010010010000000
1001001101000111000011011110101001000110011110001111111001110001
1010110110101001111110001100111001011010110010000000000000001111
1011100111001100001111101001111100111001100010000010000000110111
1010110001111001000100011100010100010111000010100011001001110100
0110110000110100110010000010000001010000001001101001011111100100
1000000101010000101011100000000010010011101001001100100111110000
0010010111100110101100101010010101000111001100010010000110100000
1110010101000001000001110011101111101011001011011110011000111010
0000101111010001011100110111010011101101111100010010111011100000
1000011110010110100100010010100010010000010100001110110111111101
1000101011101101001100000111001101110110101101001111111110011000
1010001001101001010010011010010101001110010010011111111011111100
1111111011100000111111101100110011111111111010111011111001110011
0100010101111000110110100010010000100001100111010011100110110110
1111100001001100000001000011100100001011001011010011001100001000
1000010001110100110110010010111100111011011101110110100000101010
1110010111010000010111010011101101101011011011101011010110000000
1000101111001110000101110101011110010101001010101000000011010001
0100001110101110000011010110101001111001010110110110010010110010
0001010011100010110010111110001100101100100111101111010111111110
1000110001011000111101101100000100010011011011110010100000111101
0101111001011011001110101111000001111111010011001111111100110010
0011010011111001111110101001100100011101000010110100110100000011
1111010000000110000110100011101001000010011001011111101100111011
0010001101101111110110111111110010001110001010001010011111000011
1100010101000001110000001011101111011101101100001001111101000110
1101011101100001011010001110010111000100010001110101000001110101
0111100010011111001000100111011110010010011110010001110111100010
1010100010000001011100110000010000101110011001100101001010110001
1000010010110011101001111101101011100010011100100110100111010111
0101000000101101010011111000010101010010111111000001101111111001
1101110111110101011001100100101000010111001010100011011111010110
1101011011110011100111000110101001010001101101011010101100100001
1000111110110001010111011100011101010010001110000011101110011100
0011101110100111000100001111000010110010111011101111001100111110
1111111011000010001010010011101111100011110000011000111011101011
1010100101000010010110110111000011110110111110111011010010110111
0111011001111101011011010000010001110111110100111011100101111011
1100000000011101111011101010000010111011101011011100011000110100
1000110110000001101111110000111001111000001011100101101110110000
0001010100000101011010001011101101000001010100110111000100100000
1101110100011000100111101110010100000011000111111001011110000001
0100101101111010110110011100100111110010111001100101100101001010
1011011010111111100110010101010111011000100001010110010100101111
0001000011011010011100010010011000110001010011100000111001110101
0110010110011111110001001101001100100111000101001000000010110000
0011011011110011011011011100100011111011011010111111000011110001
1000110000001110101000111100010111100011101011001111000111001011
0110101011101110010001100101001010001110011110101010000111111111
0000011010110101000010101011001101011010111100111101110111101000
1010110100111101010001011000011011010011011111011000100110010001
0011101010111001100101111101010000000001001100101100010101100100
1011001000101110111100000110110111011111101010111010010101100101
1110011100101011011101101010111101010010000001101011100110010101
0110111000100111110010001111001001111000000111000010110001010100
0011001100101000000111110100010011011110010100000101001100111110
0111000011101110011000100000010100011000011111110111111111100001
1101111111110011111111111101100000100000001110000110100011100001
0011100111100001110101001111010010010110111101101101111100110011
0110100100100001000010110101001000001110110100110101100011100011
1110001110101111000001010011001100101101001100101000000000010001
1101110010111101001001100111110000000000001010100001001011011110
1001101101111000010110101100011011101111111010011110001011001000
0000000000111100010001100000001010111111001010111100101001100110
0111111100011100000011100011010010010010011010010111101001100111
0000011011000100110111100011111101001011111101100111100000010011
0111011110011100011100110011111011100101000000001110111000011100
1110101000000101100010100101011110011011101010011001000000010010
0011001100101011010001110010110011001100001000111100101001111000
0110111110111000010100101001011100011011011101101110010100111101
1111011100100110001101100010110010101000001100110011000001110000
0100011111001100001011001100010000011100001001111110000101101100
1111100010100111101100011110000011000111000000000010011110111110
1110111100111101001011111100100010111100111101110100100110100110
1011010101011010011100000000011000000100101110110010111000000110
0001110011011011111011101011000011011101111110011000010000010110
0000001001110110100000101101001000011001110111010100111000011001
1011100100010100101011110001010110110101010010110000001010110101
0010000111110110100011110110110000011101010011001100000010110011
1110010101001110101011111101010111000000110101110110011100000110
1000000010010100110011010001111011110011100000110010111011100110
1011011111111111011010001001010111100010100100110111011010010111
1110110100111111110011111000000010101111100001000100110001110100
1010000101111111101010101011110011010111111011110000110101111110
0110011010000100010001000110110101101101110100011010100001011000
1000101110010100000110011101100000101000000000101000011011001101
1101010111110111011101100010100111001110100100010001111011001101
0001101100101010001011001110000011111111111010011111011100000101
1100111000000110100111100010001100110111111110110011110000111001
0101000010110101010010011100001011110100011010000000011111010010
1011000110111000101110011111011000101011101101000001111100010100
1011111111011110110011100001011001111011001011010111100111010100
1000100101010111111010001111010010111010001011101000101110101101
1011001001110000000110010111111101110101000110110001011101110011
0100101011001101110010011110000101000001010010001000110111010001
0010010010001001100000011010100101010110010100010001000000110001
0011000010110010010111100101111100110101100101010010110111111111
0101111111010001110000010000001110100101000000010010101001000010
0010110101101111011000001100000011111000010110100010110011010001
1011101010100101100011001100101110001010101100000110000010101100
0101101100111010010101111000001110110011100111010011110010001101
0110011100101011011100100111111111101011000111111111000101011000
1001010111111101010000101000000000100000000001000011011111110110
0101011110000111011011101111001000101001110111100100000000111000
0110110011010100110111101101111101101010100011111100100100110000
0110011010010111000010110111001001111101010111011000011100010010
1011000111101000101101010111111011001100111111110000010101101110
0001010111101001001111111111011101110000011000101110000100001100
1111010011011110001001010011110100011010010110101011101001110001
0000110000111101011101011001001000100101010001110001001010000010
1100001101111111010010010110010111101110111011100010111001100111
0100111100000011011000000100110110110101101100011011100000110100
0111011001010111011101000100111010010001110100101110010110100100
