0010101010100010110111110000011100100110100000110000100101011101
1110111111111101111001101110000101011000011110111110010011111110
0111000011100001111110010100100000011001001100100001110001000100
1101001000011100111111010011011101101101011010010100101000111000
1000111001011010100111111011000011110110011001000100001001011111
1111011011010011001011000001000110000011011101110010111111000010
0111110000000110101011010011011111111110100011011100101101100010
1000010111100001001010010110100101110100100110111110001001111010
1010101111000010010001110010111110000111011001000011010111001001
0001010100010011001010111101001101000110110111101010000001011100
0100100011111101111101110111001100000001111110101001111000111101
1110001010101010110101101101110110100000111100000100110101101100
1100000100011010100001011101011000100011011010100010001001111100
0111000001110001101110010001110110011110110000010011000100100111
1111101010000010000000010000100100000111111010101110000110110001
0111011001111010100010110100101000011100100010011100010101011100
1000001100110000001101001010000000001001101011100100001000101111
0110110111111101101101101011100011011101000100100010000110011000
1100111110101010110011011100010010001111000001111101100111101011
0100101001010110000101011101111001001001000001011111011010001010
1000110101111010111001101111011110110111000111101100010010100000
1101011100100011100010101100000011000011010001100101010101000100
0011111001111111001101010100110000110010001111011000011101110011
0010101111110111110011011010000110011011001111001111110001000000
1100101101100100111000000000011011111101110100010000111100111100
1010010101111101101110111001001100011011000101100011110100001010
1100111100011101011100110000010000010000010110100010001101010001
1001001010010110001010100101100110011001010111001011101010011010
0000110110100101100011010010010001010100101110000110110110001101
0111100110111010110010011010101111000110000010010000101010010001
1101111010110101110100101100100101110100111101111101000110101000
1000100001000111001111011101001011001111100101011010111010101011
1101111000111101001111010100110001111101101010110001000111000110
1011001111110000101011010000001101101000111101001010010000100101
0111011100010100011000001011110100011001010101010111010100100010
1000101101110110110000000001011000111101001110101110110010110010
0010010111000001010000111110100011110001001011011010101000100010
1111000111110111100100110001011100010111110000101111101010000100
1111000010111110111110111001010100011001010100110000010101010111
0001000001111101100000010011010111100100101101110110001110111110
0011000000001000001110101000111011001001000011000001001001011100
0000101100010111001101111000101001111110000100110100000111000001
0000000101010100010101010101000000110110010010101110000101011101
0110110110111111001101111011011101010101101100010100011100010000
1011101001101100101000111100101000001111110010101000110011011000
0101010000010010110110011100110110110111000000000101111011000111
0110110001110010010010100011011000001010011000110100101100100111
0001100010110001110010011001010001110111110111101001001000110000
0101101010010000001011110000100111100110010100000110111001100101
1011011100010100010010110010000110010110111100010110010101101001
1000101101100010000001010110110011000101110000010001100101101011
0110110100101100110010010110110010111101011011101000011011110001
0100111010100001001000111111110000110101100100111010111100101000
1000110110100001011100010010111000010110111110100111110111100011
0001001010000111011000100110001110101001111111001100101111011011
0011110010110110000111100110010101011110001010011110011101101011
1101000001110000010011100000001111111111000111110111101110101010
0100000100011011111110011000010111011110110001011010010001111101
1101101001100001110100000101010101110110001010011101001000101101
0110100110111110001010111011011000010101110110110110111010011001
1001010001111001111001000000100010110000000100011001110111010000
0110000010010100100011110001010011011101101111111110101011001000
1101011011010011001010011001011011000111100110011110000010110101
0101000001110011110101110001101111110001011001010101010101010110
0101010011111101000010000001111011110110111000001100010011011110
1000011100111001111110011101111111100001000111110010001100100110
0110010011011100101011101000100000100001000001001110010111110010
0111010100111110000110001010000011101000011110101110010011011010
1100010010010111010101001001011010100101001010101011010001000000
1100100010010000011000111001010111100000100001101011100001101100
1010110111110111111010101100001000000010110100111010100001001011
0010111111111100101111010100010010011011000101011110100011000101
0101010001001010001010000001111000111110010100011001010100101001
