0101101010100111011101000100010100110000001110111010011100100101
0001011101111100111000111110100100010110101110100100011100000010
1000001111100101100010100011100010100111110010000011111010110010
0000110000011101000011000001110100110010000101101111101010000110
0000000010011110000100000111000100001001011001100001011101111001
1111000011011101101100100011000001101100111100100001100001100000
1101001011011110101111000010000011000101001101111001110010011111
0111100000100101011011011011111110011011000010010111100111100011
0100000101001101110101011000001010011010110110110110101111100110
1110010100011110010110100100111000110001001010000101011010100001
1111001001110001110100111000100011011111111000000111101011011011
1100101000100010011000111001011010100111001100010101110101000110
0011010000000100010110101000000011110010010010000000110010011110
1101111001011110000101100110001010101010110110101111100110110001
1010011110100011100010110100101011100000110011010011000100011010
0001101001101000010000100000101100111101001010001100110001011000
0111001001011110101111101110110011010001101001111000000011001010
0110111100001001111001111010100101010100101100110101001100011000
0111001111111110100011101000000110011111101110111100011101011001
1000111010100011111101111010101101110001110010100010101101110011
0011001101101011100110001011001011100011000100101101010011010001
1100001000111010011101111010101111011101100001111101111111100100
0010100111101011111011110111100110010010111100110011000111110001
0010111100010011001001110110111010111101010001010101101011101000
0101100001110011010101010000000000101111111111000001111001010001
0100111000110010001100011101111000010110010100110000110000111010
0100000110010100010111000011010110000001100010111001110001011010
1101100101110000110000111100100110110111111110111000111101110110
0100010100011101001000100000010011011011110000011010010100100000
0110001001011100100100011111011011000011111010000011001110100011
1111001011010101101000001011000111111110000100011001110111011010
0001110101011101011100111110010101111010011001100001011011010011
0111010101000111001100101111011011010010010110101000011001101101
1000010101111000000110111101111101111111010101010101111001011111
0100110100000110110001001100010000011110111000111110001101001011
0001110010010000000100000001011000101111101100100011100100000110
0110101101100011000001001100000000011110111100001110010101101010
1111111000110101001111010001100001110011110001100001110010001101
0111011111101110110000101001100110110011010101001101001111001111
0110011011100001111010100010011110110101001010111100111000011111
1110101101010110110010001101010111000100000100011000001011110100
0011001001100001110001011101100000110011000110010110110010111110
1001111100111011111011101010010010000111000110011110110100001100
1011110111100011101010100010011010011000111010000101110110001111
0101010111100010010011111100101001011001101011110110011010011111
0011100100110100010110011010010101110110100100111011101000110101
0000110110011101111111010010100011010100010000011001011101000000
0000101111110110010011110101101011111011010000100000101011101000
0010000000001110000011001010110000111010100110001111011110010111
0000011100000100111011010111110100001110011011111100000011110100
0011100110100100000011110111111101000101101010001010101010111000
0011011000110000111101110111111011001111101101100100110111101001
0011111010101100100011101111001101001111100001101011011110001011
1010010110011011011100011001101011010001111110011111010001100000
0011010111101010100011111011111101110110010010100010101101101010
0111101011100100100011111010100010110000110011011101001101111001
0100001011001110011110101011110111000111100100010111101001011110
0110101110001110110111110111011010101001111010001110001011001001
1010011000001010000001011010110101001011110110001101100010100010
1110000101110101011010001011111110000100101011101011101001100110
0100100100101001010111111100100100101110001111100000101111101111
0011111111101001001010011101100011001010101101011000101100010010
1101100011010000001100110010011111110011001001010000001110110101
1111000100010001101100010110001010100101101001000001001010010111
0011111100101111111100100000111011011011101000000110100111011100
0000110110111110001111001101010110010111110001000111100001101000
1100111111110100010000110010100001010011010000000101000101010011
0010100110011100001101110011111000100000111101011001000010111101
0101000001000001100111000101011011111110101011001010010100001111
1100100110011101011100101010101000101000000100000011110101101111
0010011001110101101011011101010110111111101110000010001000101011
1111011110111101100101011001110001011111110101010011110001000110
0011001011110101000111101110010000001011001101111000000011001110
0111101110101011101111100101010110010001011110001011100010111111
0010000011011010110101010001010111000001010101000011111010000010
0010011010010011001010001000000111011011110010000000000000010000
0100000100110101111100100010100000010101111111011111101100000111
0010111011100000111000000101110100011101010000110001011000100101
0100101111010110100100011111111110001010010101100011000010000001
1010100111111001100110001100000111011111110000100000010001100111
0110101101000111010011111100010100001001010010011010101000101110
0011100011010001111010100100001110010010011001101100110100000100
0010110110111101111010111111001111001110111011110100001011110110
1011110100101000010000010001000111011101101000110101010101110010
0101110111111101010111100101111000110001101100101101011001101101
0110000111011000010010001101110101101101110111011100101111001011
1101101110011101011011000010000111100001000010101101001001011110
0011000010111101000111011010101111100100001100111110100101100010
1100110111101111010110011011101110010010110010000111001000100011
1101011111100001100110100001110110000001101111111000111011001011
1110010000101010010101011100000101001010000001111100101100011011
1101100010110111111111010101011010111111001001100100110000100010
0000111110010010010111001010110000100000011001000001000100111011
1100010111001100000010010010001110101111110001101111000010000101
0010001101100101110001100001111101010101001101011010010110000101
0000101111100001001110001101100110000111001011011001100111001000
