0000110010110101010100100100111111100010000011100111101101110100
0110001100011111010000010010011001110011110101101111011111101100
0110001000101011101110100000111100111100110110100011100100100110
1110100000010010100010101100011000111010001011110000010100010011
1100010110010001110010101110100101000011111110101110011111010110
0111110101101000000110101100111001110101001101010101000110111100
0010011101001101001110010000111110000111001000000011000010001100
0011100110011100110101000111000111101010111101000010110001110111
1010010101011000101001111001000110010111100011101000111000100101
1111000111101000010100111101100011100011110111000000110101000000
1110000000010110000111100100001110110110100010001000000010110001
0011100010110011100001001010011110110011101100011101100001001110
1101100011101011101010010101111010001001101100110011001110100110
1100000011101100100001011110111111111000010001001111000001100101
1001101100000111101010100011101010110101011011110100001101110101
0100111110111011110101111110000000110010010110101100001010100110
0111111101000001001101110110101000010111100110110001100001101001
0011110011011101111101101011011111011011001101001111001010100000
0001101111100001111001110110101011000111110011011011101100101010
0111101001011101110101110010001010010101100000110011101111001101
0101011010111001000001110111010110110100110101011110001101110101
1111111001101010101101110010001111001010000110111100101011000110
0001000111111001011001110011011001110001001100000100000010001000
0010101011100010110011111111010001100011110001110111000000010011
1001100101100000101110001101111001100001000010110001110111101110
0111101100101000011101000111111110011110011010011010010011101011
1010110001101111101101001110101110000101001000001001000101110010
0101100011101000110010101100111111011111110101101000010110010011
1010010110101111011110000011100001001110010101010100011111101011
0011110011110010110110111110001110000000011111010111111000001011
0011111000011101110001101100110010001011110011100111000010101011
1110001000011100011011100001000011010100010110001001110100011110
0000011101111101110011001110101011100000001000010111101101011010
0101011100001110101001101110110100110010111111101010110111011110
0111010010001011000010010110111111111101010100100100101000010110
0101100000011011100110001000010100101010110101111101001010101001
1010000001010001111100100100100001011011010110110000111101000011
1110111011000111111101011010111000000010000000011001101110011111
1001101001100010101000000000110011000110011101010110111000011000
0110101101011101010011010001011100110110010101111011000000100100
1011110101111100110000101100101100000100001110110010011001001100
1111110001011101110001101000111101001101010110011101001101111011
1001011000111010011100010110001110100111000100101110110001010110
1001011111110000111000111000101010110011111000101111000110110110
0111011111110001100000000010110011000101110011011011110100000100
1001101110111101110010001100001111101100000000001110010011001010
0100000100000100101000010100100001111000110000001101111111100101
1111101100101111110111000111010011001010001011010000110110111100
1101111110100110110010100000010101010011110101000110000001011111
0110111001100100100010001010101110011100110101001010100000001110
0101101000110011101111001001000011101000000111000011000010011101
0101100001100101010111011111000000100100001001010101011110111111
