1010101100100010101101101101011111111101010111111001011011001010
0111110101111010011111111100100010100010101100100100011111100101
0000000110001000001110001100011010001010111001001000000100110001
0100100010000001001010000001000000110110110000010000101010110100
1000101010011111000100001001001101111010011110111011111110110101
1101110110100000101011110010100011111100011010000111001110111110
1000000000000000001010100010000100000100011110001011101110011001
0010111110101111001010111010110000101010111111011000010101011000
0011111111001000001011110110110000101100101111000110111000011100
1011110011001010010101001010100111110011110011111101101001100101
1011010001101000110011100001110110000001010001000000110000111110
1001000101011111110000010100110101100011101010110111101110111011
1100111010000100010100010010011111100101010000000010001011111001
1101000111101011110010101100000000111010000011101000111101011001
1011000010101110110000000011101100010110001000110011111101100000
0110100111001100000001100100010010110100000001011101110001101001
1011111100101011110011101110110101000100100011110010000011110111
0010101110110101011110010111110010011100111001110101010100100010
1001110010101000100110111001111001100000101111001010010010001010
0000010011011010101101011111000111010111000001000100111100001100
0111000111001011111010010011010110110001101011010100111011110110
1110010111110101001000001010101000000101000101101110000101101000
0101001001111111110010000110110000001110101010100111110100001000
1011110011110000011011111011000001000000110110001101110011001101
0111000111101000110001001010111010011110110101011011001101001010
1101101110000100111011101011001011100100010001111001010110000010
0110100001100010111001110101111101101010111011110000101100000011
1101010001001011111000101011110000001100010000011101100011101100
0010111011001001111111111001111110110110100100100101000011011100
1111011001011000000101100000100100000100100010001100100100000001
0101110110111000000010100000000111001101111000011011100011011010
0101110101100100010010011000101100111111110100011010101110100101
1001110100011101011000010010100110011100111000110101110100110110
1010001101100111001110011001101010111011011010100011011000011000
0010110111101010110110011111010000110011100110100001000111100100
1101110101011000111111111101011000000111000011100010011101011000
0111100101001111001000011100100100000001100100111110000000111001
1001000110111010010001100000101000000000101000010110101011100001
0111011110100010001101011100100110100101011100000101001101110110
0010101000100100110100001111001100001000000101000100100111011100
1000100100110011011110111010101100101110111001001011011001101100
1100111011000000011111001110010110001000011010011001111011011011
1100001101011100011010010000001100111010010000101110000101110110
