1001010000001011111110110101000001100000100000100110101011010100
1011001001001001001000000100010011100100111001001100010110111110
0000001101100011001101011011111111101101110010000111001001110011
1010010000000000101011111101010111100010011110101110110100110110
0011100001100111110111000000111110101110110111100001100011011001
1001010011001000101001001010010011101001000001111100100010010010
0010000010100001101100111001001110111110101110000111100100110001
0011110011010001011110100011001101110111100011111111000101011001
0001000110110100111001101100011010100011101101011101111100001010
1111011101101011000010100100000001101101101011010101111100000110
1100101101100101000100000100101110001001001000010010011010100000
1111010001010101101000001011101010010001110100100110001001001001
1000101101001001100111011001100101000000110111011011000011110010
0011000111010010001000011100110110110011110101100000010100001010
1001011111100000101100000000101111010101100000011000110111111100
1111010001010000000010110100111110111001111101011000001011111010
0101111101100011111010011101100101100110111101001111101101001011
0011110101010111011011000000000001010100100010010001110110001110
0001101101000000110101111110111110101100101100011011100000101010
0011011011011011001100111011111111111010010101011000001000110101
1011101111000111101111001001111000111001001100000011010000011110
0001001101100110101000011100101001100000011111101101111110110110
0000000100001001111000111000100111001010101101010100100110000010
1111001000111100111010000010100011001000111110101110100000001000
0000001011011111111101110011111110101100111010001101011010000110
0111011000011100001011010001101000001011100111111100001011110101
1110010110111110111001111100010100001001101011110000011010100100
0111001111111111111101010001111100101011011110101101000001000010
0011101100000010101110011010110100011101011101000101100000110101
1000101001100111011110111100100100111010100010000111011011111100
1110011110101010010001000101000011001100011010000010010100101011
0100110110000110001101110001111110000111011000000110101011010110
0111010010111111001000100001000011011010111110001110010111010110
0111001001010011100100111110001110011100010100101010000011111110
1110001111101100001001101111111101010100101011000100111001001111
0101100010010011111111011000100110001001100110111010110000000001
0110101010101111010011010100111100010111111101010001001101110010
1101111000100101101100010100000111100101001001110011010010000000
0101110000111110100100001011111010100111010110001111110011001000
0010001111011111110101001001000100100101110010110001010111011101
0010011010100111001110011000111000001111100101011011111111011000
1110100010110001011111011111011101100101001010000101000100101111
0001110101110001111100100101100101100111001011111000000110011110
1010101101001011001101110010010100110010001000110101101010101110
1110100010011111110100000000001001110111000101111000111001000010
1111011001010100100000100001001011110001111100011011010011000101
0111111100100111101110010101011001111010010101100010111001110101
1000000011011111110100110111010101010001010110100110001001011101
0111000011100011110101000101100110001001101000100000010111011100
0001101000011101100111010010110100010100000011110111010010111100
1111110011101010101110110101101011010011100000111010111011010000
0101101000111100011101010011100100101110010100000100010001100000
1111100000110011010010100111011011100011100100111000101001101001
0011111001001010100100110001110111111101001100100110000110000011
1110100000001100011011000000001001011000001001111000110110000110
1110101011000000010010001010001011000010101011010000011111011010
1100110111111011111111111101011110000010100010010111100000101001
0011000100100100100000111010000101110101000101101110000011010100
0010000010111010010010010011010100000011100010110111011000110110
1110011011100110010110100001100110000001101110000100100011010001
1101010110101010010011100010010000110101011000000000110111011001
0101010111011011010100000011101011101001001010001100010010101101
1001111100011111000100010111011011011110001001111111001010100000
1110000101111100011100010101110001001101000100011111011011101110
0100010110101011100010010001011111000011000000111000010001111010
1000011001001000011001010101101000011010111110000010000011011110
1100010100011010100010011111000110000010101111111100000111110001
1110100101110010001100110001101111101000100001010111110001111011
0010101000101100111101100011001011010010000110000010000010110101
0010011110100011111101011101100010001100110101000101100000111111
0101100010100011111111011010110101011101101100101100100000100101
1010110001010101100110001111110110111101001101011111110110011101
1010010011111110001001011111110111100100001011111111010111010000
0011000001100000010110100111100000000101001000000011111001000000
1111001101110111001001111011001010011010010100111011011011111110
0000010000110110101011110110101010110100100101110011111001111100
1000000010100011111001100101101100001000010111111100101110111010
0010100110111101100010010010101010001001001000100110101110110100
1101101011000111110100110011101010100101011110110110011100011000
0100010101111101110010011000110100011010010100010000000111101111
1101101011011100000101010011110110100101000001000101011010110010
1001010011111101111101110011100010100011001110100101111011101110
0000000011000100001110100011010110111001000001000000000001010000
1000010111000101110100110111010011001110111001111000010111101101
1111100001010011001101010010110111110000110001101011110110101111
1011010001110010110110011000011111011111011101011000110101001100
1111101110101001110000010011011011100100001100001010000000101100
1101001010100001110100000100111100000111111111100001101101110111
0111110110011000000010110001000110010001101011000011110001011001
0010101100110001011101000001000110100001010100111011011001110101
1111111111011110111110110100000110110010101111001010111100000011
1010100100011100111101110000010100111001111100001100000111001001
0010001000100011100000000000101101101011110001001111010011100011
1110111101110101110110111110011010011011001100101111101011000011
1101111101010010100000000001000100010000001101001100000010100010
0010000010011100001000011010001000011000010001000010000101101001
1000101100111011011101111110101101100001110110110100010111001001
0100101111010011001100111111101011111100010010110010111010011110
1010100001001110000011000001000010111101011011001001000001100011
0010011011100110011011010100000101000110111111111011001111111010
1101001000010100010000100010100011011110000111011101011101010011
0011011101011001101011000010000100111010111110010011100000000100
1010100001110110110010110110000001001010101110101010011100000101
1001000111010111011101011010101011101110000001000001001010011000
1110110001111101111101000101101111100001101101001101000011101011
0101110110110001111011100110011000110000011001011111001000110001
1110000110111011010100001001011000111000011111010011010111110000
0110111100010000101101101100011111001111000110101100111011101001
1110000010011001000010110000101100010111001001100101001110001101
0101011111011101011011011100010111000011100101111111111101011111
0111101010011010000110010101111001011000001010101100001101000010
1100100001111000111100110000101011010001010010011110010101100010
1000110101111111101111011101000100111110000000001001100000111000
0100111111101001100111111101101001011001110110000001011110001011
0011010001101110101100011010101101100000101000100111010010100010
0011100011100011000100111000101100110111101111011100001000011000
1001100010110000111111100010010010110010111101001110110010010110
0011110011000011101000111101011110100101100110111010001111001110
1100011001001011110011010101101001100011100100011100001011110100
1101001001110101110010100000111010000110111100001100101111011100
1011001101100000110110000101010001111110001101001100001111101001
1111000111110101011110011110111110111111010101100111100110111110
0001011011111011010010000110111101100001111011110011001011000000
0111010101011100100011001101010101110001100000001101100001001001
0001001111000110110110011111111000001000101101001011110011011011
0111110001101000010011110111101101100000001110100010111111100111
0110110101000110110101110100111010010001001010111110000111110111
0000011000000101001101110101100100110011001001111111000010001001
0101101100010000000110011111001100010010110100010000000101110111
1010010111001111111101010110010110111000110011010011011110111100
1100010101001010001101101100011011010010001011110011110110100101
1101110110001110101110100011101010111111010111100000001010010001
1001000100101100001010100000110001000011100011101111011100001010
0011010000000001011111111101000111101100010010101010010000110100
0110001010101010010111101001101111010110110011110110101001011110
0111010110010010110010000010100010111111010110001110001100110001
0111011000101011000110110101000101110110101100101101101000111111
