1101100110110010101101010110101100100110100101010010110101111101
0001111010111110011000110111110101100100110101101101000111000001
0111010110010011000011011000100011110110011110010110101000110111
0101100111110001001101001110000010010011101110010101010100111010
1010011011110000100110010000100101000001101110001001010100100010
0100001001101011010000000011000001001110100011011111100001001100
1010001010100111111000010111011000011100011110010100011101011100
0100010110001110010000010011010110010101011001000101011010100010
0100100001001001111101101100111000000000011100000101011000000000
0110100110011110101010010110000101011101101111001000001110110111
1100100000011000110101110001000011111100001000101101001101010111
1001001110100001001010001010111101100100010001000011010001010100
1010001110101010100000001011001001010001101010111110100010011101
1111101111111011101101011011100101111101001110000110100111001010
0111000011110101011101100100010111101100111011000101110000101100
0100001011101100011110010001110110001001000110011111000010101101
0101110101010111110010111110111011001110100110111000110100110010
0110001111110101110100101011011011110111010110010100111111000101
0110110000011110000000110000100111100100011101111001101111100100
1000111101011111010000110101111110100011101000110001110101110001
1000001000100000010100000010101001010101111101110001011011010110
0100011111101010001011011000000010000000011111000000001000000101
0001001010111000001100110011111010101011100001101111010110011000
1101100111100101110011011111001010010001101110010011000101110111
1111101000010010100011011010011111111100101001110010111001100010
0111110111010110001011111001101110010001110101011111011110100001
0101000110110011001010111111010111010000000000100000000110001110
1100011001111101100000010111100111011110010000111101001101000010
0000010101001111010111011100010111101011011001010100101100010101
1100001110000001010010100000110110001010100001001100010001101100
1110010001100010010001111101010100111010110101010100111101011111
1001111100001010100000010100101100011111011110101001100101011111
0100101100110010000100010110001000001010001000110011010000010001
1001101000010011111111110111001011101100100111010000011100001000
0000001110010101010101110011100000100010101110011100101010010001
0111011001111000100101000100101111100100011111110011111011110001
0101000011111011110111100000111001101011101011100110010101101110
1101001111101001001010000010110101101010101100001001011100111000
1110111011001100001001101001011011001000110001010111101111110001
1011001001010111100111000011001011100110010011100001001010101001
0001110001000111111101111100110100011001000011001010101011110001
0111110011000000011100100110011010100101101001001100001100001100
1000100101101110100110101011011100101011110001000000101100000111
1101000000001101100000010101011100010111000101111110010111011011
0001011010101001001101100110011101011101011001111010100101100101
0110100100011001101000000000100010000110110110111101001010011111
0111110100111000001000010110011010101100001000100110110001111111
0011001010010010100001110001001101011110011100011001000111001001
1000100001111000010100111000100100011010110000100001110111111000
0001001011011000010001100001001001111011100010001010011001001011
0010100111000101100111100010100101111101000110111101100111001100
1001010100111101001111100110100010011010100010000010101100011001
1011100111011111001110110010110110110101100001101101011100010111
1100000001100100101011000101000111110001101000010001010100101111
1001100010110010100011110001000000101010011011000000000111100011
0000110010000010000010100011110101001001110011001001011011000000
0000001011111001101101001110110000010001001000110100001011111010
0001000010000011101100011101100000110111101100001101101000000111
0101110100010101111100000110101110001001110100110111001101010100
1111000111100010000101010100000100000011101100010100011110010000
0111111000010100100100111101101001001111011111110001110000001011
1100011011100000111111110100010101101011111110001111000000010010
0110011011011010101100100111001011000010111001111010010001101100
1000111010011011001101001001011000001011111000001001100110101010
1110101100110100010110010111111100100011111111001011100111011100
1011111011011101011011001111101111000110011000011011000011111110
1001101110000101110110100111110010100100111000100011111011011100
0010001111111000101100000000011100110011000000001101111000010000
1001111101001010001111001101010110011100000011110010000101010100
