0110011000101011100010101100010000110111100100101110000010110110
0000110010010111100000100111000110001111100011010110011010111011
0001110011110110111011011000000110000011111001100100100010010000
0110100111101010010011001001101001111110011011000011001100111100
0000000000100011110101111110100100100001101110000010000101011111
0001011111010101010100011100001010010001100001011110100011101101
1101110010110010110101111001101001110111000100110000010000110000
1011011000011101011110011010111101010010001101011001101010010110
0001101101001000101100110011100010101011111011111100001011011111
0000110011001100011011000010110100110101010001010100011100101011
0110101110101001110001010111100010101100010000100101011011111001
0010001001100101110001110111101110000111111111101001111110001011
0100100000010110010110110101101011100101101001000001010010000111
0111101110010011000011011000100101101010011101110011000010110100
1100001100010110001100010011110011100000001000010001110101011101
1010011010010011111101001111100100100100111001001101011111110111
0001101101001000000111101000000011011010000100110001111010010110
0101100101111111110001011011000010110010000101110010110011001011
1110000001111011111001100000010000110011000011011110001101000110
1010110010100000111010100100001110111011000101000101000001110100
0011000110100110111010010110010111110011001011111011011011100011
1111100111110111111111100011000110111000100100011010101111011110
1011100000000110010010010011100011110010111000110001011001001111
1011100110011010101011111001001001011011001011101100001111101110
1000101011100111100001001010000000110110111111001101101101100111
1101111010110011111010101111011011100100100110011001100101010111
0100010110001100111001000101000000101001011101111111101000001010
0110001011110110110000111101100001010110111111100001101011010110
0010010000100000000010100001001111010010000100101110111111100000
0110110110000001100000010111010010110101010110010010000110110000
0001111001110110110100000000101110011011000011101100100000111111
1010111111001110111111100010000010101010010100011010001010101100
0111001000100100011100011010101111111010110001000010011010010001
1010110100100001011100010110100000111100000010100000001111101110
1000000101010100101000011100100100001101011000000101101010010001
1011100111001011000001111011100011100000001001111011011101001101
0000001101110100110010010000101101110001000010000101010010001000
0001001101100100000010001100101111010010001001110001101011010101
0100001001111010011001000111110101101100000010111111101111001110
0000101100011110001000011111101001101111011111101001001100111100
1101110000101101011110010111100011010110110011010011110001010111
0100001110101110110001000110010010010000110101011011110101111010
1010101000110000110011000000110101011100011110010001110001100011
1001001000101010111100101010000100111010000010011001011001100111
0110101101101111110111100000101000000111001110010001000110010111
0101011110000100100001110011110111001111101010000110011101100110
1111100100110100000101110001001001100011101101001001010010011110
0010001100101000100001111111100001100101001101011111011100000101
1011101000010011011011101000100100000100001110010001000001011110
1010010010001011100101011111101111100011111101011000011001011100
1011100100000100101011111001000110010111111000001001010001100111
0001001011100000111000110010101111011100001011100000101101101111
0110010010000100111000001100011000000011000111011011000001101100
0001001001000010000101100000111110101110101001000111100101010001
0000000001100010011110101001010001000101011000000011110000000101
0000011001011111000011011010100110010111001001010100001010011011
0101101001000110110100111111110001111001010011001111011111110011
0110010010110101110111110000011101100111001101110010001000011010
0000100010100111000001000011110010100001011001100110001100010001
1011010101101111001100001011011101110110111111001000100011010101
0111000101100111101111000000010010001111011011101010011011100011
0101101110101111011110100010001111000001110001101001111110001111
1111000001101111010001101011111100101000100011001110010100001001
1000101011000000101001111001010000100011101010000100100101101111
1001111000011111011000011110101010011111001010001001111111100011
1111100111101011110001101010001011101000110101110111001101101001
0010111100111010100010000100100010011100001001110101011000010000
1011110011111100100100100011110010100011010110101110101001011010
0001110100010101000011100110001001000001010011001000111101101010
0001101101001010101110010001001010101101111101100100100111001010
0101100000001001000011001011011101010001001001011011111011101010
0010100110111000101001101001001011101011010100011011101010101010
1101100000101101011011010011111000010011010110010110100000011101
0000010100000110010010110111101100010010011001001101111001001000
1111000110101110011111000000011101101001000000110000100010001110
1000011001010111101101101000111000110100011110110101010111000001
1111011010101001001100101101100011111010011001101000000000001011
0000110100001001011010000010010110110011001001100000010010010011
0111111000100110110000011101011001000001100001111011000011011011
1011001111010010111010110011100101010001100101000100100001001100
0110011010001110011010011101011100101010001000001011110101010110
1001111110101100000101111111011111111111111110000111101011110111
0100101000111011000000101001101111011100101010011100101000011010
1011111111100010010000001011101100111111111011111010110111100001
1000101110000001110000001101010101001011010111100000110111000000
1011100010101100000110111101001111100000001111111011111110111100
1101100111001011100101000000011010111101011110110001010001111011
0110100111011110110110001000001110000001001010111111000100110011
0100111100110010011100000110101010010110110000001110011100110100
1001111101111011101010001100100010100100001110101100000000000100
1110110011111010001001110001001101110100011000001011100110101111
0110110110111001100011111100001111000011100111001101010010010001
1100000100000101000000111000100101000000001011110100010110111111
1001001001100111000100011111010010000100011110010010001100000100
0100010110001101110110101011101100111010101110011100110000101000
1001110110100011101011001100101100101100010111111001000001101000
0011110101011011101001010010000011001010011010100100011100111011
0010000000101110111000011010000111011011111110111100110100100101
1101101011101111110100101111110001010000000010001011111101110000
0101110011010000010011001101000001111111011100111100000010100001
1001010100000110101111111001000001010000101111000011111010001010
1001100010110100001111011001101000010010100010001000001001010000
0011010101001110110001100010101100010100001010011011100110011111
1110111011000010101100011001001011010111100111100000111111110011
1110111001101001100100110001011110010111101101101101100001111011
1000001000000101001110011101110001101000010111011011110100011000
