1100011010101011001010011101000100001011110011011111111100101011
1101100000110001011110011000011111110111101011101110001110101100
0010100101100001011110101011111010111101011001101111101000011101
0111011110001011011111110110101100010101101101001100000011011001
1100001111010001111110111010100010000110000111010110101100110110
1000001011011011101000110100110010100010010101100111001001000111
0000011001001001011001110001010010010011101011111010001101110001
0100001000011001110111111111000000000010001010101000011110001001
0101011010000100101111110101101100111011000101000000001110011000
0100010110101010110011011011100101111000010100101110000011000110
1001110010011011110101001101110110111011101111101000011001010011
1110001111010110010010011000100111100100110001011101010000101011
1000111010001001101100000100001100001010100111100000000100100100
0111011110111011000110100011010100100010110010110110111010000001
1110011111001101111011101010000010000101010001100001011010100110
0011011011011110110000101111001100011111000100000010000001110000
0111110111111010101111101100101101001111000000110001111101111001
0010000000000010101100010001100101000000111100010011000100010111
1010101010011010110110001010010101100100000010110101100011100111
1000011000100001010110111010101101000110101001011001010001100111
0101001111000111011011101110100011000111011010001000000110010000
0011000110100101111101101111001001000110000110110011010101100011
0100011101101101110001001011100001011110010011011111111000110111
0100011011111001111010000100000000010001111010100101111100010100
1111001100111100000101111011111000001101110001000110000011000110
0001101011011001001100000101111111010001100000000100101000111111
0111000111001111110001001001100101000011011110111001001001010001
0111001001000100000001001111010110110001110010111001011111100000
1001011100011111100001101001010111111111011111000111011111111100
0110111010010111010101101011111010110111101110000011100101001000
0100001010011100001000011001001110000001011110010101101110110111
0100100001010111010000100010001000100100110001001000101000000110
1100110001001010111110100010000010010001110011110010010110001000
0111011010110100001011100001000000011111011111100100111001110011
1010100100011001110001110111000000001010110101000110010010101001
0101111111101111011010101100101100011110001100000000011110000000
1011010011001110000010100100000001111111011101011010001111001111
0100111111110000001110011101000110111001101101110010101101011001
1010111100001111000010110101011111001001001111111101001001100110
1010011111001001101100000010111000011011011111010001011110000000
1011011101011010001100010010001000001000100110011010001010100000
0001001110101001010001111101101100100101110010111100011110000001
1001000100000000011110110000110000000010100110011011111110100111
0111000111110011101101101011001000101100011000111101001000001001
0111000011010001011111110011010010110111111100101101110111110001
0010001110001101000011101010011000111100111010101111100100000001
1011101011111101000011000001010100110001001101001001111010000111
0011111100101101110100101101001010010000100111011111000110100110
0001111010110110100110010000100101011011011101110111110100010100
1100111100111101110001011111001111101101010010101111000111101011
1111011100001011100110010001100101010001000111001100001010000000
0101011001111111111110011110101101001000000110001001011000101010
0111001010010000100011101001000101110100001000000000000111100001
1110100010101001101101000000111010000101111011110011010101011011
0100000000001100010011101001010011101011010101001000011101110111
1100101000100110110010001101100010000011000001001011011000111100
0011010001110011110011110101000110001010011110001111111111101100
1010101101100100111011111101111100111001000000101011100101011111
0001100001000010011101011111110111000110100111100110000101011000
1010100000101100001000001100111010010000001111110010011011111000
0101001100010010100100011000111110000000011011011111000011010101
0010001100010011110100111111111101000101010101001000001011000011
0110001111110011000110100000110001111001111010001010101110110100
1000010110100011110101111000010111010111010100000001010000001001
0010011011010011100001001100001000111011100010011111000100100001
1010101010010101010110011100111010111101101101111010100011000001
0111011101111001000101010011110111001100100110011110100010110100
1110000111100101010011011010101011110010001110101111110111101111
0111110011001101001000010001011001110000011000110000101011101011
1010011000011110100101111011010011110010010110101001100100101111
0001010111011010111100100110111111000010000101001011100011110100
0101001011100011110111010100110111100110111111000111001100000010
0011001111100001010111011010100111010101010000001000011111000110
1111100000011000110001110110101011100110011111110010101110110101
1111011101010101101011011000001100001100101011100100100101111000
1111010000111011101001011100010011110011101101001101101100000010
0011100010111101001110110001110110100100001111111001010101001011
0001000111100110011101011011101101111100101111111101010000100000
1110101001010000010100100011110110000011100101000101110011000111
1100101101011001110100101111100101111001011111110110011110000001
1110110101100110100110000010010000001101101110010011010011100010
