1111110010011111000101010110011010110000110111001100101110011001
1100101001011000010111110110111110001111110000000101100010101100
1011001110110110001011000110101010010010000001101111000010000011
1000100001010010011000110110001001001100111011101011100010101001
1101111011011000101111111111110000001001100010011010011011000101
1111001011011110110011111001011110011011101001001010111000100010
0110001111100101010101011011010001001010111101101011111011010110
0111000111010011100101110100101101110110001110000011000100001110
1000000001011001011000001010101011001100000110100000011111001100
1101010111000001000000101101000011100101001101010110011101111000
0010101011011101011000110001010011100011001000011101011101101000
1110100010010000110010011110001111111101001010001000001000011100
1000101011000010111011100110111001100111010010011011011011010100
1000001101111101111001001010110001110001111011001010000011000000
1011110100110100101000110100001101101010111011011000011101100110
0110110100011001110111011010001100101100011001111000111100011001
1110110011011001000001000111100011011110010111000110101111100011
0110111010110101001010001001001011000011001101110011100110111000
0101101000001101010111001001101110110000111000111000101001101100
0100111111111101111011000000010000011010100100001100100110011101
1110011110010001100111110010001001011000110001000011101010100110
0000110010000000110110001011111100000110101111011001010101001001
1111000010010100101110001101000110001110011111000011011100101001
1111101101110000101001110100101010101011000111110000000100111111
1101000011111011010111111111000001110101001111100000100001000101
0010001010101101010001000011110100001001001111101011101110110000
0100100100111101101000010100111100000000001100010000110010111000
1111111011111110011101001011001011000001111101100001010101001101
1101101010101111110111100110001110100101010111110110010010000000
1000010011101011001000010000011010001111111101110100011010010011
0101100010101001000001011111100011110001000011111110111101011010
0111111011001101100010000110101100000101011001011110110000110000
1000110111000011101101100110101001000011111000000011001110100100
1111111010010101010011001100011111010101100111101011000110111111
0011110000111111110110011110010101110100010011111001100110101111
0100111111001101110100011110010001010011010100010100011111101001
0101101101110011111011101100010111110000101110001111011010111110
1111001101011001101011010010000101110111011011100011010001011110
1111101100011101110101011000001011010110011101001111011111100101
0100010011101110111100100111100110011100111111000000110110010111
1111001010011111011101001000100001101010100101100111000110011011
0100110010110011110010011011001101110110110011010011001011101010
1110100010011100000010111111010000000011110111111011100010111010
1101100111001000101011000011011011001111101110110111000011010011
1010100001010101010000100000000001010010011001111111000101110010
1011010000001010101101110011010100011110100000101010101110111110
0110101110111010111001110101001001101010000001100010111010100110
1000101110001111000110100001010001101111100111101000111011011011
1100100000101010000110101011110011111111011101111001001001111100
