0000001011010111001110100111110111101001000010100100001110100010
1110111100000001001110101011010011111000001001101110110100111011
0110101001110000011010100011101111000101111111010010010000100111
1110000010001011011101111010100001110100011100011110010001110101
0011001001010100001100001100001110100100101100000000000010100100
1111001010001101111110110110001010101001001111000111010001011010
1110110001111110011010101101100111000100111010111100011101001011
0011011011101100110111010001001001100111101001000100010010101011
0110100111101100101101110100110011111100000101011000011010000011
1100101111111110000101000011100110100001101001010110111011001011
1001101011100010011111101011100100111101001111010010000000110110
0011011000100100101000000100001010000100010010111100011001110011
0011011000001000110001001011001000110101100000010000101011010000
0110101001001101101111110000111111100100101001101011011001111100
1000111011011011011000101001110110111111100001000111000000100000
0110001111100011101111101000000101100000100010010011110001110111
1100010010001101011010010001110101000110111011001000110011001110
0110001001000111101000111011011001010011100111001110011000001111
0011111111000000101111100101011110110100101010011100011111100011
0111000000011110110001000111000100000101011111011000110100010110
0010111100111110011000101111101111001010100111001000101000011000
0110001101001100000110001101011101010010001101101101001110111001
0001001010110110011101010011011011011001110100111100001001110110
0011100100110111010010011011010001100000110111010101100111001000
0100100000010111000100100001101101010001111110110101010001011001
0000110111101101100000010111101011001100010000100101001010111000
1001111100000010101011001110111101110010101001100011100010010101
0111111001011011111010101111110111011110000110111011010111110111
0100011110011101011011011100000111110000000011010101000110001011
0000000110101110010100101001001111110110101011110100100001110101
0011100000011010000110011110010100100101010010111000101000110110
1010000010111101100100000000100100010111010000001100110101100000
0100011101000011011010000000100100100010010001011111101000111110
0001100010000011010111001101000011111111010001011110100110100001
0001010100010101100100010101000110101001111101000010100010100111
1010001100000111100101110101000010001010110001111011110001101011
0000110011001100011110111110111100001001100010000011101100101110
0110000101000101011101011111110110000000101011001100011101011100
0010101011011001110000010100101101011110000001101000011111100010
1100110001000111000101101100010101011111110011100100000011110000
1100101111001001101010100001000110100100010010010001111110001000
0110100101110110101010110101100100100100000000111110100001100001
0010010100001010111000110011011100011001010010011101110100100000
1111010011101111011011011011110110101101110001110100101000100000
0100111001000110110011000011001001000010111000111111111011110101
1101111011010101111000110001001111000101000110100111100111011100
0000111000110111010111011111011110011100110100010011100110011110
1111011000001110111001100010010101110000101111001001010000100011
1011111001110000000011111011010110111010010100100111101010111110
1101011100001001111100111100110100110010101111101111000100111101
1111111110000011001111001100001010111111111001100001011110101000
1111111100110011001000100001101010110011111010110101011111000010
0110010110010100001101000100111011100110111001011111101000010110
1001101010011011011100000000110011101111110011110000100110101111
1110100010111000011100110110111101001101100100011010111111011100
0000010111000011110111011001010111110001110000011011110010100111
1000000010110110011010110000101011010000100000100111111011000110
1001101011101000101110001111101111001110110111110010000010000110
1001001000011011001011001101110101011100100110011000111101010100
0000101100010010011011011011100110000100010011101000010010011000
0111111110001000100011011100111111110011001100001010011010000111
0000111110100100100010110111010000001110011000111000100110100001
1000110010101101100001101011001100101011101111110001001110001000
0001110011010101000001011110001001111010010011000111111111000100
1010000110001000101001101001101110010111100001110011101111011011
0011010010010000010111001010011001011100011111100001010100111100
0111011100000110111000111010000100010110011110100110000010100011
0100110001111110011011011001010101011110100101000111110111011001
0001010001001111001111000100100100100011010101111001010101001111
0011110001000100011101001110000011010010000011110000010000101001
1011010010111111000100001110001011101110000111100000000110101001
1011000011000101111100000101101000000101100111111101000001100011
1111110101011111010100110001111011001101011110001001000110001000
1011001001100101100111100110000011000100000111101000100101100011
0011110011011101000101110010001111100010111001110101111010011100
1011000101011110100100001111010111111000000011010011110101010010
1010010001111010110000100101110000010010000001010011011111100000
0101100011010000110001110110100111101111010011100111110010010010
