1111000111001111010100010100011110011001011000011111000100001100
0111011010100110001110111101010111100101010010010011010110110111
1101001000001010101110110101000111100100101101100101011000001000
0010100100111010101011110111000000110000110000111100100000110110
1000100101011111000111001010010001101100110010001001101101001011
0011010011011001101000001110000111110010011001011011000101101011
1010011100011100010110001011011110010111000010110010100011110111
0111111110110010000010010000100110111011110111101100010111001100
0010011000011001111110000011000001010110000001001001001010001011
0000111001001111010101000110111101101110000010010000110100010001
0000001001101101110010010001100101011000011111011011111111000010
0100000010001101110000011000000101001011010011101011001000000111
0110110001010010100010100110100101111111011011111111001010010001
1111101010001110000011010101101000010101000010010101011000001000
1111101110011011000010101101010010100100001000011010111100011101
0111111011100101110001001111001110000010000101111010011001011111
1110010110010101010111111101110001100100101001101100100010100110
0000100100000010001010100011011101000101000001110000011101100000
0111010011100100010011101011111101111111100110110011101001000011
0101011111000010100000010001100000111010111010110000011001010011
1111000101001110010011100111001111111100000010111010110000000110
0000011010111011000110101000110100100111011111110111111011000011
1111110001001011001111001000101100101011101001110100011010001101
1101011000001111110011111001010111001111010100000010111011100001
1001100111000100011101101101001000111010001000110001011001100110
0111110101110010010100010110000010100000001000010010001110101101
1001001010101010010101111101110111010100001000000001011111001111
1001001100001111010001010101100001111101110110011101101000100001
1000110011010111100011010111010100111110001010001001000011111100
0011011100101110101101101001110110110110110010010010100100001001
0010001110110110100010011111001010110000000001111111001111101100
1001000101100011000001110111101001101010101001000111011111001100
0011000110001011111000000101000001000101011101001110100001110110
1111000000101111101101010101111101101101000101101010110001110001
0011010010111110110000001011110100000110110001101000000100010101
1000001011001101100110110100010111010001001111000101111011110000
1111001110100011000011101000111110100111000110001100110111101100
0011000100110000000100110000100111111001100000010000011000100110
0101100001001011111011101111011001011101100000100010000001111111
1111001100110000011001110011111100101101100111010110001000001001
0000110110000000001011111101010011011000010011111101100011110111
1100111111101000001001001100111111001000011010001100101010101101
1001101011001100001000001111111010110100010001101101010011010100
0101101011111010110111111001110001000101110000110101101111110011
0000000101000110010001110110101001111011110111010001011101011011
0100110110111111110011110100111101000111000100000111111001010010
0101111101101111001101101111100001000011111100011101100010101101
0010101111010000010010011111010011111010010100010101100010001101
1000000000001000010100011101101000100101000010010000110100001010
1010011000110111001101010011000110000000111000101111100100011011
