1100110001111011101111000001001101011011011111100110111011001100
0011000010001101110101010100011111001100001110001010001111101010
0011001110001101010001011000110101111010001010101110001010100000
1111001011010110110101011100101101101000000001110100010110011001
1100110010001101111000101010010000101110110111101101001010110100
0111010111100001001111001100001000000010011011000001001101010001
0110010010010111010010110010011011000110100111010001011011100111
1110001101101011111011100000010001100001100000110110000110110001
0110110100110111001110110101011100001001000000001110010001010111
1110001100100011000011100000011000111011000100100111100000000011
1100001001110010110011010101111110000101111000111111100110101011
1101101000011111100001001101011011011001010100010110010011010100
1011110101100011011011000000110100010001010000011111110001100011
0111001110111111000011101111000000100001101001111001100000010000
1100001001110101100101101111111111011110110000011101010100111111
0101011100111011101010011110110001000101101111000010110101101100
0100010111000111000011011100011001100011000010100101001010101001
1101101010011001010001010000001011001101110001100100001000011101
1011110011001110100100010010000010101111110010100111010011111110
0000011100010100011111110010001101010110101101100001000010100000
1110010111110110010100110000101011111101000011001101000111010110
1011001011100100111110101111100011110011001101100101110101100101
1001010100010111000010010110000110110100011010000000011001010111
0110101100110000001000001111100011110101110101111100100101001100
0100101000000111011111101100100011110000010010100011010011000010
1111111011111011011111100001001111001011011110011110011110010001
1011100000001101010111110010110110111011100101011100011010100010
0010001001101011010110101001011011100110101001110101011000011011
1001110011010111110000011011000100011110101111010011011001000110
0100110110010111011101011100100000101110101100101110001000000111
0110011000001000011100011000000001000101101001010111010011011011
0110101011110100101110110011111111111110101001111101101110011101
1111000110110110100010010001100001001000010001000100010001000001
1010000010001111100001010001011101011111100110010010001101000001
0101101000011011000000000000010100010000001011100101010011001010
0000110101111111000001001111001100110111110010011101111011010001
1000110010111010000100111011100101010010000110100011110001100000
0111101011011101100110100010110010110100011111111100001100110100
0001010110000100011110010000011110010110010111011101101011001110
0101001100100100111000100110010001110101100110101110101111110010
0100111011110010010000000101100010011111011010111100010011010001
1111010100101000010100101001101100001110111000111010101101011101
1101111111110010000110110000010110001000111000100010010000100101
0010101011100101001100111001111010001111100001101010001011000100
0001110101001100010001110001011101110101101110011110110100001011
1011001001110101001000001010011000101011101001100111101000101100
1010110111000001100110110110010000110111001111011001101001100010
0101101111110110000000101000100011110100000010011110110010001100
1011011101011100100101111011011001011000011101110111010111111111
0011111111101111110000111111110011000000111010100001111110111111
0010001110011001011011001001110110110001101100001010100011110011
1100110111011101100111011101001011111001111101101100011001000001
0100110000000101100011011011110101100110011010111001100010010101
0100110111110001011101101100110111100110100100111110110110001101
0011010010001010101001111101011000011100100010100001110011110000
0100111100010000000111111111100011001100000100100001000110100100
1010011101110000101000110011110001101001111100000101010100111110
1000000010010101110011001110001101111101110001001101000000101011
0001100010101010001111111010101110110011001000010011111111010010
0110000101011101111110010000000001011110100000101001010011010010
1000111110101100111010000111100100101101010000101101100110010110
0001001001011100001010111111111111001101011111111110111001000001
1101111110110111101100111011001000011110111010101101001101110011
1001011101010101000101010110000110100101101110110000011111001011
1001010110011001101101101111000001101000101001011000001110101001
1011000011010010010000011000110000111110011110011111100100000011
