1011001000011100000100101101011000000010100001000001101000100000
1000000111101100111101010011101100011010011011101011111100001101
1111100010100011110111011000000101111011001111110000001110101000
0001000110001110101101011110111110110111100101001001100000011001
0110010000111110110111100001010101110101111101010011110101010111
0001001010111001000001111010100110111100100010010001100010011010
0010000010101010110011100101110101111111010100100000101111000011
1011001110111110011000010110111001101000101111100111011001000110
0111100010010101100101000100001111000010011011110001011100001100
1011110000111100111000111011001000011111011100100010100111101101
1011011111110100010011100000011011101001110001001101011100100110
1100000000001001010010111111101001010010100100100110101110001001
1110011011100010100110110010110100111001010110011111100010011000
1110000000110100011110110110110110110101111111101101000101100001
1001000101101111001111011111010000010000101111011100011111111001
0110001100011000101100000011010001110011011101011100101101101011
0000110101101010000101001100111111001110001111101000011010101001
0001111100011100100111100101100101111010110001000010111110100001
0111110010110101010011100100011110011000000101101000010100100101
1110010111101010100111100111110011100011001111111010111100111010
1000000101011000111001100000010101011001010000100110001001111110
1001100011110111011000101111100111101010100001110011000100100010
0101100111010110111110111001101101010000111110110000111001001100
0000000100100111010111011110011001001110001000010000001110100001
1111001001000100111011010010101011100100111110101110011011011100
0110010010101001100100100011111111101110011101011101000011011010
1100000011110101010000100100000101101000001110000001010100001111
0100110101111111011011100111010110011000100001011001011010000100
0100000110110111111101110111110010001010000001010100010100100001
1101000001000000110110100010000111111111111000110000110001000100
1101110101101001010100110001100011101001100010100011111111110011
0001001011010111110110010011110011001110001101100001100110000111
1111111111101000110100010100001100000010100000101111101011011010
0111001110011011110100111001011011001000111010001001011100101000
1000010011101010001110000010101011101001110010100011110001110100
1000111011111100110000011101001011101110101000010000000110100011
0111110100010111010100100011000000001110010111011101000001011011
0000110000100111111101110011011101011001111000001001010110000001
1000000101001111011110001001111001011110110001100100101011011011
0111101111100010000011001111100100000110101101001000101100010000
0110001000111011010010011100010111101011100110100100111010000111
