0110101100001011000000100100110101101110111101010010101001110010
0101111001011101101100111111101011110010111011001000101011110010
1100100101001000110010111101100101001010100000011010111010000110
0000010000101000001001111000101000011100100100111100111111110010
0100100010101011000111111111000011000110111010100001100011001101
1010010100101100010001001000010111110010000000100100010010011000
0100111011101011000010101110111111111000111100001111110110010100
1011011101010001110101001010111100110110010100010010111100110001
0110111001000110101001011011100100010111001000100100011101110011
0000100000101001011010110011001100111010001101011001010001000000
1110110000010110001001010000101011001011011110101000000110100010
1000100110010111111001111010100110110100000000010001000110110001
0101111111000110011001101100110101100010001010011010011000111001
1101111111001010011101000111010100011010001000011101010100001110
1011000010110011001000101100110000000011011111011001011111101111
1111000000011010001010010100001111000011010100101101010111101011
1010111111010011001110001011010011110011010001101001110011000101
0100011010111110100100110101011010110010010010110011000010110111
1100000111001111101101011011011111000000000101101000010110011110
0100100010000111010111101111011110000000000010000101110001000010
1100110000010000101011011101000100101101100010000110110101100110
0001111100000110100110010010010000101101100011111001110111010111
0101000000000110001010110101101011101101001100010101110101000110
0101100100111111111010010010011100110011110101001111111100001111
0010000111111101111011000011110011010001100000100100000000100000
1010000010111110010110001101101010011010111010111111010111110100
1111011100111000110100101001111111011100000111111101101111100111
1001001010101001001000000001100100000111101100111100000111001111
0011111111111111110111000011111110111011111000010101000100000101
0100011101001100101110100011011001111010101000011011110110010010
1010010010101000010111010100101111001010000001010000100011100011
1110111011010011001111110001010000000110111000000100111010100110
0011100110100000110100000010011000101101000010001100110000001001
0111111001110011000010011000101000011011100010010000010100101000
1101011111111100010100110100010111011101011100100111111100010011
1011110010101001110000011000011001001110011111110010101010111111
0011000111111011010000011001100101100011011001111111010010000000
1111010111111111110111000010100010001000001001111111110100000100
1010001110000110011100000000010110000110110101001001110010111110
0001010010110101100111011110011011110010100000110111011111011101
0000111111110101000100011101111001001101100011110010111110001011
1010011111011110110011100111011011000000010000110100001000010110
1101101001010100010100011001011010100101010010000101100010111110
1010011111111001011101011111000101100000100011110000100000110001
1111111001110001000000011111000011100110010100101011101111111111
1101100000101111100111001010001010001101001011101110101110110111
1100110011000100111011110100111111101010010101011111010011101111
1100000110110100010001000111110010111100111011111100001100100011
1000000000010111101000011010000011011110101000000001000001011001
1100010000011011000111100000001110011111001100101111100001100110
0010011111011011111111001000011100100110100011010011001110101010
1010110011101110011100100111101001110110010000100100101011100111
0001000001110110001100110101100100001000110001100100100011000000
1010011111100011010001101111010110001111110100100100010101001001
1111001110010001001100110111010101111100101110100111101010000110
1011111101110001110110001111101010111010111010111001010001011011
0100110111011001011000010111001100010010101101100011111001011001
0001001110110011001110000001011111011100000111110101001110110111
1101011000000011010111000101000000000101010101010100101101011111
1000100110011000001001111110010001000101101111100101111101110110
1011111111111001001101000001101001010001011010111010001101011010
1100001111001010000001011011011000110110111000100010011101110101
0111011111100001000111000000000000011010011000011101100000000000
1101010110000001100010101011100100110100001111111010110110110110
1101101011101101100110010110110101100000000111011100100101101011
0100010000111111010000100000001000111000101010000110000001011110
1001010010000110111001001011111101111000101010111001100101111000
1010000010010111010001011010101000000010111110110100011010001010
1111110000010001101101101100101101100000010100100101011001101010
1000111011001010110101110000001101011000110101111000000111000011
1010110000110000111011001111010110101001010110010011011001110110
1111110111011001101010000110101110111000101001100101110111000101
1000000010111111010010111000110111101001100100100001101101001110
1111011010010111100010111010001011001100101010010101110100110010
1000110101111110001101011111010001111110010011110001110000000011
1100110110100000100010101000000000000110010100001110010110111000
0000010111011101101000010111111111111011111000001100010110001001
0111111011011111000000011000001110110110001001010111101110100010
1010001110011110001101101010011001100100000011011101101011101110
1111100100000110000001010011110110000011000101111100010001111100
1100101101011000100111111100000100000000100000011110010111001111
1111110110101001010010111011000000101100110111000110101100100001
0010010111111011100010101100001100111011111011001101000100110101
0000110110110010010100100001100101100101100000001010111001011001
0111101111111111011100100110000100011011011111011100100110101100
