0100101100100001001010010111111111011100010001001110010111110110
1101101101010000100010011100110001011011010000000101011111111100
0010111011011011001111101000011110100010111100000110011111011011
0000000001100000111001010110110101011101101110010011001011111111
1110100110000110100110000000000110110001011010110100011101011010
1100011001010110011001110110010000000011110001011000011010001000
1001001111100010110000011010011000000010000100011110001010111111
1011000101100011110101001010111001100101000000111011010101100011
1110000101100000001000000001101001001011110011000111001000111010
0000000111011010001001111101000101110110100001100100011000010010
1001100110000111000000011101011101110001001001001011001011001010
0100001100110100000111000111110011000011111000010100100011001010
0110001000001111011101110111111111100001010000101000100011111011
1101101000010001110010010001000111101110110011010101111000000100
1011000000001011011100110011101011111000000010100001111011011100
0100001100110110001101100111010000000000110100110001011110010111
1011100101110110110111101111010001111010100000100101000011010111
1011011100001001100010111101101001001100000001000010010110111000
1100011000111110111001000001010001011110110101010000110101011011
1111100010000001111100011011000101101001111000000001010110111010
0101110101100011101110110111000111110001000010110100101010011001
0111011111100011010001001011011110100001010100001001100110001111
1000100100111101001100110001011011011110100100100111010110000010
1100010101000001000111110111100001001100000101100000111001100101
1010001010100001001111111101000101010011100101011001100000101101
1100101000000101100010101010111001000011110010001110100000100001
1110001100001011110010011111011101011111010010100010101101100000
0011111111111111101011000100000100000100101101000111011101100110
0110000100111101101110010000010101001001101010100101000101000011
1110100110110011101100000011100010001110111001010100010000000011
1000010101100110001100110100010011111100101100000001110111110110
1101011010011101001000001011011101000011111000011101010101110111
0001011000010100110000110111101010101011101001010110011111100001
0101011010010000101010110100101100011000111100111101010111010010
0100110000010110110010111000110111100111111011111010010010111100
0011110000110000011101011001010000010101010000001100011101010110
1111001010011010101100010000101001111011100000001101010101001000
0010001110111100011011011000010011010000010011000011010001001101
0010101101001011101101100000001110001100000011000111010001101100
0000110011111100011111010100110100000000100000011010101010111010
0100101111000110101101100111010110110010101010010000001100001101
0101111011010101011100010001001100100001010100101101011001111100
0001000101101000011000000100101101111001110001101111110110101000
1110011001111100010100000010000110001100010100101010010110101011
0100110011001000100101101111001110101111100011110100111010001101
1110000000101001011000000000110001000001101011110000111111100011
0111010011000111010000100010010000000111110100010011110001111101
0111011001001100001000100011100110000010000100111011101101101110
0000110100000001000011011111111000011010010011111101110001001101
0101100100101100100011000101100011000001000011000001100111110001
0101000111100011000101001000111100011010000011101111111010111011
0011101110110101001010011101101000100010001010111100000111110110
1111100010100111001111111111011000111101001111110000000100101011
1001100100011101101110001000001111000011110011000101111101000111
1001110011100111101001011000011010101011001001001111001110101111
1111000000101110100001011101001010100001011110011011110110111010
0010111111011011001111001001101001000110000001111110111110110111
0110100110000101000111100100101101001111010011110111101111110010
1101011110011111111111011010111010010100000110110110001111101111
0000000001110101001000110100110111001111110100010101110011000011
1001011110111010101101100001000101110000111101010110100100100111
0011110101000010011110110111111100110000010101000000010000001000
1010000010011010100000101100101000011111101011110001011000101110
1000011100011000011011100101110111100101110110100011010011001011
1001110001111110001100011101110101111010001001011010010101011101
0001010010010010010010100010101111001101111010111000110100101011
0000011100011100111010010011110001001110101111000000010010001100
0010000000011010000100110100100001001101000000001000101111110001
0100010101100000000001100010000001101010110010001000011001111011
1110011111110100001001110001011001101111100011100010100011000111
1001010011000101000101100111100100011011101010011110101001010010
0000110010100111001011101110100011101010100111111100001001100101
1000100001111001100001000010110101100100111111010110101110101110
1011110001001110101101001011000101010001001001100111000000110001
1100101101101100101011111111011001101100110011011001100110001110
1110101010001001101011010110010101110111110011111101010111001011
0010001100010111010000010001010000001011001010100111011111000010
0101000011001010101010001000111010110011011111011010110011001101
1110100000111011000100000000100011011111010011000000000000100111
1010001100000000011110111111010100100101000010111010111101110100
1111100000100001100000101011000010001011011011010011000000101110
0100101111011110100011100011000011101110100110001010100111011101
1110001110001101011000101100000000010010001111110100011110001000
1011001010000000110111011000100101100010101100110100010111010101
1010000000101001000101010101011000101101011110001111111010010100
1111110011100111010110011000011110000000101110101110001010000001
0011001001101110100001011100000111011110100111001010111111011110
0011110100000110001000100001001111111010000000010000010011101000
0010011001010100001010000101111110011000111000001111110110011011
0110111110001001011000011101001011110101110111111000101000110000
1111010001100001010000000101101111001100101001111000110001111111
0101101110100010101111000011010000001110100000001110111100010001
1101011100111001010011001001101110111010011000101001101001011011
0001100110010111001101110100100111101101010010111011001100001010
0000000101010100000111111000101011011001110101010011001011010110
0001011010110101101101011010000100000110001010101001111111010111
1011100010000000000111010011110001011110100100011000100000010011
1011111111001100011110010011011110100010000100101001011000100010
0111010001110100111000011100010001010101011010001101001101101000
0011101110001000111000010101010110100001000011100110111011000100
0111011010010001110101000001011100100011011000101110111001110011
0100111011111001010100001001100001011010011011011101010100011011
0100100010101100000110101110011111101111100001111101000001000011
1100101111100010010100100111101011011110001110111000101110111110
0000100000111100001011101011010001010000010000011000110000011111
0111110100111000101001110001000010010111100001111010000000001001
1000110001010100101000110000111101011000100111001101101110011100
1001111111010100110101011100111011001100110010111001101100100011
0000101100000000010001001110100100100110000111100000001011000000
0010111111111111011000110101101110101111101101100001101110101001
1101011000011011111000000001101010100000110010101001101000001001
1111001010110111010111111001100110111110111101010010110110001110
1100001000011110111101001110110010111011101110111110010110100000
1000010110111011111110101001101010010011000100001011110001110000
1010111111010111010101111000010010111111101101111101011000111110
0100000010001010010001010110000110101001100000100111000010001100
0001101011000110110111100010000000110001001000111100110010101100
1010011011111100101100101000011100010110101101000110111110011101
0011101100010000100101001111110010000001010101101110101010001010
1100101010110000110111010011010110101000110000100111010010010010
0110010010100110101110001110010110100101010011110010001110010000
