1101011001000100110101001001101100110100010010010011001101010000
1101010001101011111101101001111010011101100000000001001110011110
0110001000001111100001011110100010101001101111001011110100111110
0011000111101010100010001100100010000011110001101100000101111100
1110110011101110001000011001010111111110100000010111010101101000
1010100011111001100011010010001100111000110001010100111101010000
0110001001001001110001000101100101111010011010101110111110100110
0111011000000100101101100010011010001111000100010100111111100010
1001010101100010001000101011000000101011100110011101001001101100
1111011100111101100111010100010101011101100000011110001001100111
1111111101010010100000111101110100011010110101011010101101101011
0101011110010100011111011101111110100010100100011111111101010000
0010111101110110001001110011010011100001110000101100111011111011
1000010101000111000010100000010101000111011010110011010001110011
1011111100111001101010111011110101100000000000100000100101101010
0000000101000100111000001011000001111100001010101110100011111001
0011110011000100110100010111110000000100000111001111101110010010
0110011101001110111011010111110101100001011000001101011011000110
0110110100110101101101111111110000001100110110000011110010111010
0001100011010001010100111101110000011101110000000011011011000111
1101110110100001011011111111000001100100010111011001110100011111
0110101000111010110101111100010101101100100100100101001011001011
1001010010011011111000010111001010101001111000100001001101010101
0010011011011101000110001000001011111000100110001100111110101001
1001001011001000001001000111101110110000001011000100010100111000
0000001110111011000101010101110101011011100010101111101011010101
1101010010100011010110001111110010010010110000110011110111001011
1000010101001010111011111101000010011001011011111100001000101000
1100010000111000100010111100110000111000110110011111011110001010
0000011110110010001010010101000101001110111111001110010101101011
1001000111010011011011001011110010010001000000110010111010111000
1110011010000100101011010001000111011011001110100010011111111110
1100101011101101000100111100101111100000010111000100001011111111
0100001100110000110000001100111000100010101101011011101101101010
1011100110000110110100001110111111101101010011001000001110010001
1100011010001110111101001110000100010011010010100000011100101111
0001100001100011001111111100000001000000110100001100001110000001
0110100011010111011100111100000110010010001010000001111001001001
1010010110000000100100100010100111010011010011111010000011110001
1000110000101111100011010011110100001010001101000000111010100010
1110101000010011011010111101111110010010000100101111001010010010
1010011011001011111010110101000110101100100010001000000010000001
1100011010101110111100110001110111111011010001100010001110001011
1010111000101011100111001111110111001001010101011111110011011001
0000001111100111010100011011001101111011011100111010010010010000
0011001010101101101101010111111010110000100101101101011110100100
1110001011101010000011111100010100001011001101100010000011100111
1110111010010110011110010001101010010111001111011100000011110011
1111000011111110111010001111001100100110110011100001000000000110
0011001101001101110001111110001011011110001100101010011001101000
1111011001100011001010010010010100110011110101000111110000001010
1101010010100010100001111110100111010110111011111110110100001011
1010111110110111000111110110010001001011010010111001000101101101
0000000100110010100100001010000011111100010101111001111000010111
0011111001010000110001100111011111110110010111101011010100010110
1001110100110101111000010100111101000010101001011100001011010100
1101011101011001100000011100010010100000110010101001111010010111
1101000000110010110011100011110101000101011010111000010101001000
1101100010101110110011011100001111100000011010101101101101101111
0011010100000001111000111000011001011110100100000100000000001000
1010101111000000011000101110010001111100010000011100011011110110
1100000100011010010000010100011111101010110100000010001100100100
1000001011000010101101101100111101000111010000100101111011110000
0011100101000100011110100011011001111100010110101110101101000000
0101101110000001011011001110101000001011111111110000000001001010
1110010010100000010001100010000011011011100111011000001000001110
1111001010001100111001011000100011110001111010101100101011101100
0101111000110111100001010010111110110110110010000101010100000101
1111101100100111000010000010011001101101010010010100001110001110
1111110101011111110001101110110101001110100101001100001111100110
0010101100100101101001100010001011101000101111110100001010011011
1111000101111100110000001011100010101001110110110101111111101111
1101010010000001011011001111010101001110110000111111111110100110
0000001010010010101010101011111101111001110101010111110110001111
0011000111111011101101000110110110110011101001000010100110110000
1100101001010101010010010100101001011110001100111010011110010000
1010100101110110011100111110110111100000100000010100100011011110
1011001111001101000000100000111100111101100010111001111000111010
0011011111101001010100111111101011011100010001010010110110100000
0101000111111100010010010000011101110011111010001011001001100110
0001110001110100111011011110000111100001000011000111010011100010
1110111111010001011101100010010110101101110101001100000011001000
0001000101110010101111110000011101011011101100100011011011110011
0001000110110100011100011000101000101100001010000011100110100100
1011001111111011011100010001000101001110111101001110000001101000
1010010111100001101011011101111011011000001100110000000001011101
0011010100101011011000101100101001101000110110000001101001100001
0000101111110110000000110000101001101110110110111000011111101110
1101110111001101110010110101011101110000001110010000000100100011
1101110011010101111101110000001111000110110110010011111010000011
0011111111110000010000111110001111111011111000110010100101010110
1001100001111101110101111011000100001011110001011010011010100100
0110010101111101011101011000011111111011101000000000000100100101
0011000010111100000101110000100111110100001100000110101011000101
1010000100101010100100010000000101000001111111101110111100111011
0100010110011110101101001100110101010000000101110101000010010110
0000011100001101011111110101100010111011011010010111001010001110
0100101100011010110100110111001110111111111001010011001101100100
1101111111010101111110000001101110001000101000001010101011110000
1010101011001011001001000011010110100111111101111000110010001000
0100101000100101111110001000000001001110000001001000000101000011
0101110111100011001010100010101000011100110010010110100000101000
0110111100010011100101100111000111110101011110101000111011110101
0110010001111100111010000000100101010101101100110110100001110000
0111111110000100010001101111001100111100011101001101001111000100
1001001000111100101111000001101010111101010011101001001000100001
0010110011010101010110101101001100011111100101011010110110101010
1010011010011111101011110100101011000000100011001000100100100101
1100110100000100111010000011000111000001111010111000000011000010
0001011100100011110000101001001001011000010011110100101111010101
1010000010110110010001101001101011101110010001011000111011010110
