1000100001001101100011110010010101100100011001011100011110101010
1001110000001101000001010000110100111000100010110000010010100011
0011111101011000001111101100110100010001101111110110000101101000
1001001000011110101101100010111010101111001111110001011100101110
1011010010010000111111010011000010011011001101011111101111101100
0000110100101000001111011000101010111101101010100011100111111110
1000000110110111110010010100100101100100101011011100000011000001
0011111101100101111010111111100000111111111010110010011000101101
1011110011101101101100101010001110100111101110000101010110101110
1111101101010100011001011011110000011100010110110110011101000110
1110100010010100101010110001100111011110001010110100101100111101
0011010000011101010011100010111100100111010010011011101110011011
1001010000100111011100010100011101100000000110010110000011110110
1100100001100010110100110001110111110111110100101100111010110001
0000100101011010101011110111010000011110100110010000000100111101
1110011010100100110110101001111110100111011000110000011000111000
1011000110011110011010011010100010110010000010101101110111110011
1110011011010110010110100111101110010111111100010011100010001000
0000011111010101101100111011111110100101010101001110111001000100
1001100011100010011100100110101111011101110101111110101001100011
1010011100011000111101011100011111101001010111100110000100010111
0100111100100001000001000000111001001100110110110100110100001110
0110011001111001101111011110111100111111001111100111101001010010
1100110100011011011110111011110111110110100100111100110101001111
1100111011000101111000111110100101000011111011101001011110111011
1001101011110111000000000000101110011001001010101010101111010110
1001100010101101111110001010011111110010101010101010000000011000
0101010101000110111011000000010101001011110001011010100010101010
1110011000010101000010101111000101011101100110010011001101111011
1110011000000100001010101011100011001101001011101110010001000111
0111011111101011101101110011111101000111001101110111110110110110
1001011000000101001010010110110101110101011000101111001111011100
0001001101000110110000111010000110010100000111111010010100111011
0011110110001010010100000101111001010010010111101001011111100001
1000100001111000011110010111001010101101010001100101110100110110
0010011001100111010100011000110010101110110010110010010110010110
0011101000101001111101000110100010011011101101001111110010000111
1101000011010010001011101111000001011000001001011101001000110010
1110001001001011010110011010000001101000000011000011100001010010
1011001100100000111100100101001101010010110101001110010101101100
1000111000000010110110111111010001101100100000011111110100001110
1010100110000010100010001011110110100010010100011111111110110101
0100011101110000010011010100111000110000000100101011000011101110
0110001110010110000101101111001110111110010111001100111110011101
1110010010100011010000100100110001101011010100111001001001010101
1011110111101001001010101110011000110001010100101010001110101000
0010011011001101010100110101110111010101011001111111010010011111
1100001101011011001101000100011001100110110001000001010001111100
1000101000100011110010111111000001000100011001111000101011110001
0011100101001101001011010101100000000001101000001010001000011011
1001101011000011101110011100001110111111011010000111011100001000
1111101001101011111001101101011100100011001111111000111011001000
0110001010010011001101100001010001110110101000101111011010001111
1111001001111111000000100101111110000111011101101101111000000010
0010000001011011000101110011110011001010111100000000001100010011
1101010100101010110110111001000000001010000001100101001000111000
1011000011111000101010010110001111100101101100010001000011101110
0010000010110111011101011000101111010111100011011001001000101100
1101100010101010111000100101001110101001100101100110010100011010
1110001001100110111000011000010100101100011000111101111011110110
1100001101111100000001010000101100101011101001110001011111111010
0110000001110010000001000010110110001101101000010010000010110101
1001110100100010101101001110000011001100101101110001011110001111
1011001010110101000111100001111100000000101100001110100111011100
0100111011011000000110001100011000101101011110000110011110001100
1001000100110000101010010110010100110101011110110111001011001110
0111110101000011100100000011011001101110001010100011011111010000
0001111110001011110101001010101110000000100111101001111111101011
0100100011101000010011010011010000110101110011101100101111000001
0010000111101001010010010111010001011110111110000101101011011101
0111001100011000000011110101101010001100000100000101111101011011
1111101110100010010111001000011101110000110100000101000111011000
1101011111011011000100110001111100000101000011010010100010110000
1000011011000111011100010010101011000001010101111111000110100000
1011001100111010001010001111011001110100101100101001111101111001
1011111110101100101110110000011110000011001010010100001101100111
1000100010011100101110100010010111111100000101110010100100000000
0111011010110100111000001010010010011110111011011001110010010110
0111000111100011111010110111001111110010010010011111111111110101
0000010110010010001111110100101000111111101100101111111111011101
1100000011100011101010010000000101010100000011111000010011101000
0010110111000010001111010101011100100110100011001101010011011111
0001111110100100011101110010110100011111110000111110000011000010
1010010101011101110111000001111111011100001111110000100010110001
0100111000000001111101111100111000101111111001111101001100011101
0011000011110101011101111000000101110111010100010001011011010101
0010000010010011110110110001010100111010100001110100000010000111
0001111001001110101101111000101011001111101010011111000111000010
0000100010011000011010110111100010110111010000011110101111111101
0011001101010110111010110101000110111010111101011010000110010010
0010011101111111100101110111101000111010001010010000100101101110
0011000111100011001110101111000111000101110100000000000110010101
1000101101101001000011000011111111011111101011001111011110100101
0011110010110111010100111000111100101001100110101011101011111000
0010011111101010110111001000101110010110001011010011110101110101
0111001101101000101110100110101011101011011101010010101101100101
1001001010001111101111101011111011100101111011100001000110000001
1101111010101101001011000000010010111001111000001011110100000001
1101001111101010010111110001011001111111010001100000100000100110
1010101101010001010000101000001011101001101000101101011010110001
0011101111000100000101101010000110100100100001000100000011001000
0110010001100011000100111100000110010010111101100101011000010001
0000001011100011000110101110100011101101011001000010000110100100
0010001001010110101101001111110010010001100010100011101100011101
1010001011111011101110010000100100000111110000110001000111101001
0001111101100010000110110011011011101010111110010110001000110110
0110100010010011100111111110011011010111001110110001000111110000
0011001111010101011000001100000010100010001001100110001111001000
0000000000000000111111100011011111110011100100011100101001111101
