1100001010111000101101101000010011011110110110111000011000110000
1110000000111011011010001100011010101100001001011010001011010100
1100101101010101110111000110001111111110110111010000010111000100
1010011001000001111011111011010111001110010001111010100101100100
0010010111101010111000010010000010000111010110101011001011111110
0100010100111100000101110001001011010010010011100100100010010100
0001010111000111010100000010001000110001001110011101111010000011
0111110000101101011011100100010001100010000010000001011100111110
1101111001011010100010101011001001010101100001101101101011010000
1111000101101111110101011010010000110110100011011011010111011101
1110010010010101001001100000011011000011111100011111110001000110
1110010000011000010100000001100110001000000010010011111101100110
0100101000111010101011101111000100110001111001110101110101001011
1111010101110100010101000101000100010110111000000010100001111111
0100001110100111101010001110111011110001000100111110111101011111
0100100010011001111110010000100000111100010110001111111011100000
0000011100111011101000110101000010010100011111101001011111001111
0110111000110010101010000000001001000110001010101000010000000110
1111111010000111110010111110110000010000010100100010111001100110
1111100111011010000000111010111011110001000110010011100111011000
1100011000001010111011011001000110110010111000100001100111010000
0110010111100111010111011001001100010001010100010100100010111001
1110110000101110001010111010111001101101001011100001100000000111
1011100111110111001111000010000000110010000011111000100110010010
1110000000110010100011110011011000001000100100000000001110110101
0101001100010110011000010011100111011100111100100100111110001101
1110101011111101010110001010000000010010010001011111111000110111
0101100111011000010011001100101000011111110011101011110011101110
0010010111110010111111001000011001011111010111010000011000111111
1100000101100011111011010000100010011010111100110111001010100101
1110110011010111000110010010110000010111011100011110010011011101
0111101111111001111011011111100100011011100011001100110101101011
0110010011100000001010000101011001100000001101011100101110101100
0110000101110101010010000000111101011000010101101111101111101100
0000010011010001101111101100000100100000001100010111111101111001
1100101010100101000001101011101010000010001011110001110000001101
0000111110011111111101011011011111110100111100110100101000101110
0010010111010011101111011111011011101101011100011100100011011100
0101001011011001010010010010000100001100011000010100100001110111
0000011011110101000011011111001001000000011000010000111000111011
1011111000111100110010011001010100000101110001110000100100000010
1100010101100001010011011001101000000111001010110000001111010111
0011101010110100011000010011111100000010001111001010110110010000
1001001111100110000100111011100011001000011000110000110100111010
1000001011110010000101000101111001001111110110111100111000001000
0110100011000111111111011010100110111001111111100110011011010111
1111000100111010101110001100001011100010101110101101101011011010
1101001010100100000101011100100111000101110001010000110110001011
1100000000100100111110100011101101100100000101100000000010011110
1001100000101111000101100111010100010001101101100100010000011100
0000011101010101101010110000011101101100101010110001011101001101
1110000010111000010111000001110111101001000101110000111100101100
0001000011111101111111111001001000110000010011010101101110010000
1001101111100000000010001101011010000011010100010010010111000101
0101111111101110000010100110100100100000001000101000101100001010
1110000100010111011010011010000000101000101110001111001111101001
0011001000000101111011001101001111111111110001100100111101111110
1011000011000110110000000101110000100100011010000011011001001010
1000111011110010010011101100001000111101101000110001100110001011
1011100000110000111000010111111001011011111011010010011111011100
1011110110100100111010110001000111001010101111010001110011100101
1010101010011001000000110100100111011100001001100110001101000011
1010100000011110010101100100100101111011000011100101101101101111
0000111011101101010111110110000110000111111111110110111110100010
1100100100100101010001100001001001110100001010000010001001110000
1010100001100100101111110000010011110001110100111010101010110011
1101011010110001110111111001111101010101101011101100111110111010
0111010111111011011101011001100111110011010101011111101001010100
1010001100100101010010101010010111100110111100101111010000001001
0000100110000111000001010001001011111000100110000100010110110000
1110001110010111011100010011101111111110011110011100101011110101
0010110110111111110110110001010101010110001111011110111011110111
1101011101111000010001011001010101011111010111010110010100100100
0101110111100001010000000101110100010100111011101111010110100110
1010010110111100100001110001101111100100100110011101111001001001
0111110100001010010100001001110110101111111110010001101011110100
0011001000000101101011000101101000110011011111101000111001001001
0011101010101011000011011000010011010000100010001001101001011100
0010100011111100101011010100110011001000100010110000010011100000
1000011100100011000001010001011110111010011110011100100110000101
0011101000100111110001111101000110000111011111010000111110110000
1000110000101110110100010100001101110110110101110110001010010100
0111000111000111000110011100001010000101111001011000111001110001
0000000001000101000000101000011001100011001000010111110111000100
1001110111110110001110111000111111001101001110100100100011011101
0000111001010111001101100001001010101010101011100100010111000001
1100110110100101010011110001010101111110000100010111101110010000
0101011111100110001100010001000110110001010110000111000000011000
1001010110110110110101001001010110100000100001001010111001101101
1110101101011110000001011001110001011100111100010101111101000110
0010111100110000101110111011100110010111101000000010001001011001
1101101001100101100011111011111010101101110101011100000111100101
1011110111111000111100011101111110011001100111111101001010101001
0000100011111001001001010010100000110111000011111111101100100100
1101111110011110000110101100000010011101110111111101100111011010
1001111010100101010111111111011000110100000100010100000111011100
1011101111110100010010111000010101001100000111000000001101101101
1000011000110110100100100001100111110110111000111000011010011000
0100110010111000100010101101001011001101110000011111100101110100
1000111100101100111100010000001111100001011110111111110100011101
0110000011001001001110101100010011111000010011011101111101100101
0110101101011100110101101110000001111000001101110011011110111011
1001101101001010110100000011011111100010100010000110111011110101
1010001101100011111010100010011001001001001011110010010000010110
0001001011110011010100001101011011010010010111111111010000111010
0001111011000011101010011110000110111101000001111010001100100001
0001010101001110100110011000001001111011000010001101011101000111
0010111001110100100100111000110000101010100011110011010110010001
1011100110101100101010001110100101110011101011000010100010000101
0111110010000011010001001011110011001001011101111101001010110010
1100101011010011000000000001101010001100110011111011001011001111
1111111010111111111010000100101111000011000011111000010100110010
0101101000001110000001101010101101110010100011100011101010001001
1011010000011101010101010110111011010010111111101111001010011101
1101111110101110100111100110111111111101111110010001101011010000
0111001010000010011011111110010011110011011010111001010100111110
0111010001010001001010110000001101011011111001001000110010100011
1111101010001001100001110110001101111100100100110101110101110110
1110101001001101010110111110011101001001001110011010001100100111
1001010011000010000000011101101100001110100011000011100011011011
0011001001101111100111000101010011001011011001111111010001001010
0111000000111001000110000111100111011001001010010001010011110001
1000111011000011110101000111110101111011001010000110111100101110
1111000000110011110010010001110100111111010100110101000000000110
0011000110101010100001111110110101100001001001110000010000010010
0001010111111101011110010000011101111011010001101001110010001101
0101101101101111111110110100001101011000110000011101100111100010
0111011001101001101111110111101111011111000111010110000011000110
0001101111100110111110100110111001110101010110000000011001101001
1010000110101110111110110011101100100110111010110001011100000111
0110100111100001100100001111111100010000000010100101000011000100
0010001001011101010001001111100110011011111110011000010110000011
1001101101111100101100111111110010111101101110111100001001110111
0001100111001111111101100110100101101010010011001001101110101010
0110001010001110110101110001111011000000000010001111110101111000
1111100010111010010000110101011100111110011100100011111011110001
0011100010111111100000010100101010010001110011101101010101101101
1101110110110011000111111011001010110101010111000110100111111100
1111011110110101010010010001111000101010010000000111011101100010
0010000001011101111111101010101001101001101110000111110110001111
0101111011011110100111000000010011100000101100101011010100110000
