0000100011101001010110100001101101011001001111001010110010110011
1110011101000011100110101110111001100101000010111110111110100100
1111101110010100110101111100110001110000100001010001001000010111
1011101101001010010010011110011101000101100010011000111001011100
1100000110111011101100111100101101111110110101100011100100101100
0000101000001101101110011001110010011100111001110110010110000001
1011110000110100111000100110000111101101001010111100100100001000
0100110001000000001100100111100101001001001101101111010010101011
1111010000111111101100011101100001001100001110001000000100100001
1100000010110110100101000111010001010011101010100011001110000111
0101000111011001111111010011000010000010011011000000110000010011
1001010111011011001001100000100110001001100011000011001111000000
1000001100111010000110100111001110000011010101001110000001000110
1101111000010100011001010110101011010100001110010101010010111100
1111110110011110101110111111101010100001001001111010010100011101
1001111010100110011111011001100101101011010011110100101111101010
1101000000101011110000111000110101110001010111010100111001011010
0000111111011010011110110011001100110011000010010111111111110110
0011110011000110110011110110100011110101101010010001111101001010
1101000100101110010001011010101001101011110110110001011111100110
1001111110001001110010110000011011111011000110101000010100111110
1100001110011000000001111110101010000101010100000010100110000111
1000011010111100101011101101000110100011010010000001111011110101
0111110000111001111010100001101111010111101000101110100011010111
1100011110010101110101001100011110100011001000101111111001011011
1011101001000000000001110100110001101011100011001010010111010101
1100000010000000110001000111011111000101010010011010011001110110
1111011000011000011001000010110010000000111010001011110111100111
0111000101010101011010011100001010001010110001110101001010100000
0000100000100011111111000001011110111110011110011011110000111010
0110111000100001010010100011010010100111110001010111001101111110
0101001100110101000110111000110110110101100011100000101101011111
0110110101001000100011010011101110110010000010110100111011110100
1101101101011100101110001001000011000101111001101010010110110001
0001010000100100111100011111100110111110010010000011111101000001
1111101101011010111111110011011011111001001011111111111001101000
1001110010001000111101000001001010000101001001101110010001100010
0010000001000100001100110010001011010101101110010101110111010110
1101000010011010010100100101101000110100000110111110101110011000
0111010001110101110011110111011011001111011110110011110100100111
0110011001100110110110011000001110101010100011010001101001010000
1001001111111110000111100000000000001000111010010011010111101111
0011001111110011011000101000000110000101100101011101011110100100
0001101111001110011000110000110011011101101111100101001010101111
0011010001000100110001111100011011010111100111001100101111010110
0100100111011001110110000010110010110010111110100001011011000000
1001100001110111100010111000101111100001001110001010111101101101
0110010000001111100110110100111000010111111010111001000001111101
0110111100000111111011010100100100000101110100110011111101011001
1000101011110110110100010001101010001011010000000000101000001011
1110100011101010010000000110010011110111111100000010101101001111
0010110010101000011110100001100000000100110110001111001101010000
0111000011100000011011111100111100000101110000001110110101000100
0101100010000111011101110100011100010111001010111010010010010110
0110000101001100000001011010010111101010110101110110000001011000
0101101100000101101000101010001010110111111011101110010011100110
0011000000001000001011111111011010111111001011110010110011001100
1010011010001110111110011000001110110010010001011000100100011000
1101110001011100101101101110000101011011010000001011100001111110
0101110010011100111011101011101010010100001110000110100100101101
