1001111100001010001000111000110110010011010101000010001011000110
0010011101000100110110100001011001001001111000100111110010110101
1111010110101010010110000110010010010101110101001001011010011101
1001000111010101011001001101111101001100001111001001100101000111
1100101010000011101011000011100101011111101100110101101000011100
0111100001110000100101101100010110011011111111101001010000011001
0111001110011001001000111111100000011001000001001111001011110000
0101011101101000001100000111011111100101111110111011001111000011
0101111111110100000000010111011010011001110110111001110110011000
0010001100011000010101100110101001010000000111111101100001010010
1001100010110000001000110010011000110011100101101000110000110101
1110010111000001010100011100010111101010101111101001011010101000
0010100110000001110101010010100110010100001001100011100111110101
0010000010111111011110101001110001100011001000011001100000101011
0000000001111110000011000111001001011001110111010110010010010111
1000010010100100001000000011000000011100000111011100010000101110
1110101100111100110101000100110111001100111101010111001000000101
1110101100010001110101111100101100100100110010010111010000011100
0111100101111111000110111101111011111101010010001001110010011001
1110110000001110011000010111011000110101100001101011111100010100
0011110100100001101100001110111110101011101010111100100110000100
1101010111101001001110101100101011100010001100001011110111010111
1101011010001111110001001000010111010111010010111110111000100110
1110101010110001001100111011001000110000001011001100101010111111
0100010111011001110100110111010110101001110100001101011100000011
1000010101110010010011000011001111001100100101110110101110111101
1010111101100101111000010100101110101101101111010100111110101000
0110101010000011011101110111001101011100111101011110101101000011
0001000000100011111011001011100011001110111101110100010000100001
1111000100000011101011001001000010001010101010101011011000101111
0100000011111000001001001100000001101010000011100100000110110111
0101011101101101101011101101011111000101111001110011001111001110
0101100001000000111001111111111101111001100010000011111011001001
0010111110101111011000000001001010000011010010110010110001001111
0100101000101101001100111101001011000100001101000001001010000011
1011011111001011101001000110011001001011110001000110100011000110
0000111001110111011110101010110010110111100000110000110010011010
0101111100100111100010111010101001101011001100000010000000000010
0011001000001101110001000110100001111011101010111111110010010101
1101011100011010110101110101111100100000100010011100101010001000
1100101000011001001011100101110000110010111000001000001001111010
0111010011110100010010010111000001110100000110011110010111010000
0000101010110001010110001001101101111101001010111001011111100001
1010111111001110001000101100010011001001100011111101100111110100
0100111001011100111010111010000110111000101001100101100101110111
