1010100010001000111100010100010101000111001101100100111100001111
0001110010110010101100100110101011011011110100011101000011001001
0110001010101111001000001010011011101000010011011110111111001011
0101010010000011111101000100110001111100000100010111000000100010
0010100010010111110100110001100000100010100011000110101101001100
1000001110001000110110101111111110010001010100000011001000100001
1001100011001111111110000001100011000110010101001001101011111011
0011101001010110000001010111111100011001110101010101010100011101
0100111101000010101000100000110011001000000111101001111111011111
1110001100000101000110001111000010010011111001110101100011100010
1011100010101010010000100111001010100011101000001100000010100100
0101111110001010110001010010011000110111101100100100101110011110
1010001000011110100011101100111000110110001000000100011010100010
1011011001000100000010110000001000000010110011111111110010000100
0101110100011110101101000101110100101101000111000101111110011111
1000011101001100001101110111010000000100101010111100101010111011
0011111111010011001000010111011111110011110111100100011010111110
1110011111001101011010100011011111001000011010011001100011100011
1010010000111011001011100100011111010101110111000011001101111011
1000110011111000010000001001100001101001100100010111001101001110
1001000011001011111101011100111000011110111111011001010011111000
1000001011110100111101111000001010110111010110110101100000111010
0000000010010101001111111111110011011011001000101100110000111101
0111000101111101100011000010100000010111000001000111100010001000
1010010111110011001000101110110111001101001110000100000000111110
1010001011010011010000110110000001011011010000101001001101111010
0011011110100111101100111110111110101000000010111110101001011101
0100111011011111011101011000000110000000001101001000110010111011
1000000011101110111100001010011111011111101111111100010001111111
0110000111101000000110111010100001101001011110110001010100010000
1011111001011101010010001100111110010010001000110100000010111101
0010011111101100011010110010001101110000001010111100111001000010
1011110110101110101111000101100111110110011010111100110001001001
1001001100111101010001100101000010100110100111100000100000101111
1011110011110001101100110111101001100111011111011010101101110110
1100101101111000110101101011101110001110110101001000110111010010
0101111111001110000111011101011000011000101001011101110111011000
0101101011000100101110111101011000100101000110011100111101110100
0101110010111010000111001001010111110110001100100010001111000111
1000001101101000111101111111101001010101111111011010010010010101
0111111100111011101011100111110010100110001101001011111111011111
0100000011110100100000000111111110001100010100011011101011100110
1011000000011000001110111001111011010110101011110111000100001001
0010011011000011000011010111111000111000000010100110110010100111
1000100111111110000000100000111100101001010100000011001000011011
1011110110010111110011111111000110000001100010010110011100000000
0000110000011110010011100110000110100000100001111011001111011101
1100111010100001100010100101011000001011101010101010011010100011
1100101111011010010010101100001100001000111011010001101010001010
0111011110101101110100000100011110110111010010001111010101110100
1100111011110100100000011101100100100101001111111110011001001001
1000011010010110011010011100100110001010110110110100000010111000
0111001110101101011100001111010100100110110010101111100001101001
1000010011011100001111101101010011010000011001110100101110000001
1101011011010110001110001010101000111100000010110111111011001110
0000010101111001010110100100100010010111010111111100111100011100
0111101011000001001111011010111111010100110101001000111011000011
1100110001000100110001000011010010100001000111110011110000101101
1001101011001101010110000000111100111001010011101011110111000001
1001011000001011100001011011001010101010100111000000110010011100
0010101010001110101010000001001101001100101101000001100110100100
1101101010010000110100111000011000100000001111100101001111001101
0111111101001111010011110010100011001111110011100101010100011011
1101110110000100000001110101101010011000110010010000100111100001
0010011011010111100011010111110110110011111110011110101011011100
0001010010111011000101110101110110111010001101101101000111010000
1010000010011000011000001101001011010010010000101101000101100111
0101111111100010111100011110010001101010110000010100001000100011
1011111101101000101010100011001110011101000101011100100110000100
1010100110101000011110001111010000010101000100011111000100011001
1010010101101100000010011100010100011001110001000100100010000100
0001101100001010110100111000111100011111111111101100000101100110
0111010111110110100100000010001001100100110111010110110101011011
0011000101101100001011110101111001001000101100110011011011000001
0001001001110010010100100100101111001011111110010100110101001110
0010010100100101000100011010000100100101011100101001101111010110
0110011101110101000010010100101111110011100110101011001011010011
1010011011000100000110011100100111111100010001000110001101100110
1100000100001110111100110100110100000101111111011101110100010011
0100001011101111010010100000010000100011000101101101001100001111
1110010101100010111111011010111011000011110000111000101101111101
1111100111111001101110110110100000000001001100001110101101001111
1000111001011011110010000001011011010011010011111010111110101100
0111000001110010111101110111000111100011000000010010000010101101
1011001100100001000100000110110100101101111000101000101001111011
0010101101011000110001011011101100001101001101101011110000001111
0001000111001100101101110001000010111111011000000110000101110010
0111000101000101101110110000110100001100110011111011000010111111
1111100111111001010110001010100001010110101001010100110110011111
1100010001000101000101010100110010001000001000101101101111110010
0101110101001101001111001001100110101111101001010010101000000000
1010010000101101100000000010000001111001101101011001100010110111
1100010000000101100000011000010010110111110100110101101010101011
0110011111010000110000011111100000010100000100001001001010100111
0011110110100111111000100000010011011000000000001110010000101011
1010101001010100101111000011010110011110111110101010011101011100
1100011111000111010110000010100101110000001001001101000000100110
0110111001111010101000111110000001010111010011101010101101111001
0110001001101101101110001110011110110010010110000101010111101110
0100001001111010010000111000101001000100000001110110000100110110
1101001110001101110111111001101010101110011110101111001010010110
1101111000001010001001110111001011011101001110011010110001110010
0010100101010100101000000010101001101101101110000110000010000101
1101100010111011011000110110010110000011111010100110001010100000
0010100101010111100001000111001111101101111001010011111110111011
1011011001010110100110101000000110010111100011010110011010100100
0110000001100011110110000011010100001110111101110101000011010110
0110010100100011101000000001000111100010111011101101111011011101
1100110010100110110110001110001110010011111111101001000111100111
0001111111100101010011010010110111001100101000110000010001001011
1101011011101001100110100001101100010101100001011000100000010110
1010100001101010111110011011001000011011111101111000011111100010
0110000011101001111010000010000110110111010110011010000010001100
0101101010110011111101000110000100000011011010010110010111111011
0101110101011011001001110111001101111110010010110001000010100100
0111010100100111011000011101101101101001100101010100000010111000
0001101110001110110110111100110100000000111000000010100011000110
0101100000011110010101100000000110001011100010110010000101000000
0011010110000100110000111110011001111101110100001011110010000101
1111110111001101000011011001000111000111000101111111011001101001
1000000111010100010110000001010111011010011111111101010110011110
1001010010100111111001000001000101111000010101000111101110001011
1100101001000001001111100101001000110000000011011001001010001000
1101010000100001011111100000001111011011111111101110011101010100
1001000101111101011010000001100000110111000010010011000011001100
0010000010110001101100000111000010010011011110011100110101011000
0011111010011100011001010100011010001111011001100110111101111101
0111010111001000111011001001100100111111011000100101100000000001
0000000001000110110000101001001011101110010101101110011010101010
0100110101011011011110001101000011101010000011001111001010111110
0110100010111011000011011000000011010111111101001101101100110000
0001010011011111000011101000010110111010111101100101101001011011
1110010110110011111010000101000111110110101011100001101001111000
1111100100010000010011111000110011000011100010011100100111001110
0010000000000100010011000000101010001010000111000010101101001000
0011111011100101010010000110100110111001100011001010000110110101
0100000101001000111011000101011001110001110011011101111000100111
0100001000000110001000000000000010110001011001110111011011101110
0100100000001000111001011111001111000010110001100101000111110010
0110111111111011010011001001100101100011110000111101010001001010
1000101110011100000110010011010011100110100111101011001001101000
1001011110100010001010000100000110100000010100100011110110110001
