0010011100111000101010101101010010011000110100001000010101101001
0001001010001010101111111110111100110011010011110110101000111100
1100011101111010011001000000001011101100010111000100100111100000
0011100011101011111001101011010010001011100011010011100000101111
0011000100111010001000011010001000000011110000010010000000010110
0010010100110001110101100100100101111001100001011010010100101100
1011001000001111000011100001011001011111100111110011001110001110
0100011111100000001100100110100110110000101110001111100011011001
0000010111001011101101101110011111001100010100111010000011111110
1011000101110011000010111010110111110101011101100100010000101100
0011001101001111010001100011010001110101001111100010001000010101
1110000001001000010000010010011011101001111100100011101101011111
0000010111011000110001010000001100111010101110010110100001111011
1100000110011111101111011100001101100110101001011111000000001111
1111011010000011010111100000011011001000000001000111110001001001
0011111110110011101010011100011111110101111110110011100110100011
1101101011101010001111110110001110111101001010111011000001001100
0011100100111001101001100101001111010100100001000101001001011000
0101010001111110011000101111100111101001110011000000001100111110
0000100011111110000101101100110000111001001110100111010101010111
0010001011001010000100000001111010010111110011110110001101100000
1010101000001000000000110000011000000001011111000011011011101101
1001001000100001010110110000001110110000100101000011110110000111
0110101001010000111011100111101100000000001011101000110011001110
1010101011101001101111111010100011001010100111111011001110010000
0110111011111110000000110101100000001100101001100001111001110001
1101100111000000001010110110001000010101001111111011001011111111
1011111001010011000011011011011000000010001010000001111111010000
0000001101111001011100001110000111000011110001001010001100000010
0111001010011011100011001101101100000111100001101111000100111101
0000001001110010101011101001101011111000101000001101110001011101
1100100101100101010011010101011101101101110110000100101101111011
0111011011010100100100011010101110010000000011111011100001010111
0110110101101111001101011001011010100101010001001000000010001000
1110101111110110111111101010101111011110001101110101000110111001
1101101010010001001100100000110001010011000100111101010011010110
0100010000000010011001110101111000110010111110101010010110110011
1000001001010011010111111010110000101011100000000110011001010101
1011110001110011101001101110001001110011100010000001011000110110
0010011111111010110000111110111111001111010001101010101001000101
1101101111100011011111111101100101100101110111110100101101110101
0101011100100000101011010101001001111001101001001000011011001011
1010101000010011010001011110000000011101101011101000111001100100
1101101001001110110001001100111010110100111100111101110011101101
1000111111001111100100110011011100011110101000110110100000111100
0000101010000001101000111001101111001111100001000111001001111100
0010010001001101101010110010110010001000100101100000110111111110
0110101111101100101001000010100001001000000010011111010111010110
0110000111001100001101111010110111010011100101000111110110000110
1010110001011011000111000011010011001100000001000011011001010110
0110100101111000101001101111000111000111100000110001011111001101
0001111101010111101110011011101101000101001010110011101000001000
0110110010010101000010001001001000001100001000011011111010110101
1001010011001001110010011111000000001100110100010110011011000101
0101110110110101101011111100010111010010001000010110000010010011
0000011100010000010010100101000011011001010001000110011011100111
1101011100101110110000011010010111101001000110101011000000110100
1001001001011011000110011110110100001010011111111011011101001111
0010001000010100010101101011101010010011001001000100101100001000
0010001110000110010101110100100110000001100100101111001001100010
1101111100010011110011010010110011110000000110100001101111010110
0010111110101000010111011000110110110100100001011001010001110000
0010010010101110111100001110001011011000111110110001101001000101
1001000001001110000100111101111100001001111101001111011001010111
0001111011011000100101000000101111011010001000100111001110011001
1100001101010100100100001011111100100000011110001110011001001111
