0010111011111000110100101000111001001111001110100011010110101011
1010101011100000001010010010100000101011001001011101111111100110
0011110110010011110001011010110011100100010001000111110110101010
1000111101100100110110010100011111011110010010010001111110110101
0110111000101001000110101001100011101101110111100011010000011010
1101010110110001000101110001100110111100100000000000101111110010
1101101010000101110000011110010001100010111101101001100101001000
0011001011011001110010011100110010011111001010100110100000110111
0010010111010111110100011101010100101001011001100010111011001111
1100000010011111110111010010000010111010000010000100001010000100
0100010010111110000110111010101011001101101100100001011110100100
0000111111011001101111011000000010001110101111001111000111100001
0110110010001101011011111111001110001001111010010100001001010111
1011001110111101011111010100101001000110000110011010111100110000
0011001011100000001010110001010100010101110100010010011011010111
0010000101100101000010010001111100111001011101000111011100010010
0100010011111010110010110100110011011011100101000101000011110100
1001100001010000111110001001111001010101000011001111011111000110
1111100100010110110000101101111011011111000101101001100010001101
1011010010000101000001100000000000001011010001111110110110111101
0001001010100100001010100101110000000011110111000101101000011001
0010011001001000100100000101000101011111110011011011011011101110
0100001110000000000010001001011111011001011011010111010000100001
0110000110101111110001000010001001010101010110110011101100000001
1011101010001010010000010000100101110011101010000111101111100000
1000011100010111010011111110001110100001100100111011010000001101
1111100001011100111101010010100010100100001010000011000101110101
1010100000111110000001000010110100101100011100100001111011011111
0001100100010100111110101101000010011010100000010110001100111011
1001001100001010101111001101011001011101101000101001001000111010
0111011001110011101010011010100000111000101000101101111011111110
1100111000100011010000011011100001000001000100110011010000110111
0110010010000001110111110110110111100011110101001011101000110000
0111101110100011001011000001110011011110101100100111010101000110
1010001101101000001101011000100101000110100111101010110000010100
1101111111100110110111000011110000010111110110001011000101000110
1111110101000000110010110111001101010000000001000100011001100011
0101011100101111001110010000110000001011010101111000101001000101
0111000000100100111010001111001011010101101010111010110111100011
1011101110111010000111101110011010000111100001101110100011011010
0100110101001000011000010101101001110010101010010111000100100100
1011100000000011011001111010100100010111101000001110011101110111
0000101100010111010001110101101101011110001011001010001111011011
1001111011111001101001001111101001011100000111010011111010010000
0110000001000111101110010001001101010100001101000110110100101010
1011110110000011001000011011101011101010111101100000100111111000
0011001000111010100101000000010001111110010110111111000010100100
0111000101010001011101011000000100101010000110111101111010000110
1000001000001110100001000100100111000000000010001011100111001111
1011001110011000000100001000101011100001001010000100100011100010
1010111111011110001001110101100001101001011010111000001100111100
1101010111011101110010110101001011111100011100001010111111000000
1011011010011110110000111101111100011001011100001111100010100001
0000101011001100100111110110010100101001110101000000110010000011
1101000010001001110000001100110111001001100101010110010110101111
0110000001011011101010101000011000100110101100110010101010001001
1000011100001110111011100011000100000100111011110110001111100100
1110010101110111010010011111110010010111010011111100010101100111
1011110010010101100000001000100111110110011000001010011110011111
