1010101001001011100111000010110011111001001011110011001010011100
1010101100011101101010011000001100100010110101101100000011011100
0011110011000110110001011011010010010110100111100000111000100111
1010100110011100011110111110000101000111111000111111110100011100
0101110110001110001010110100001001010110101100101010100111010110
0111110000000001100010100111001100000101011101110001110101001100
0011011101010000001011001100111001010001111000011110000001011111
1101111110100111010110100101001100001111100100000100011001001010
0111000000101100000111101111011010100101100111011001000111000110
1001011111101001011011001000111111111101110100010001011110100010
1000110010000001101001101000100101111111101010011000011101001110
0110010100111011010011110010101010001111000001111111011011000001
1110101000111101101001100010001000010000001010111101001000110111
0010010000101101011110000001101101111000001001001001100111010111
0001000111110100101100000110011011001100001010011100001010000100
1111101001110010110000111100011101001111010010111011011011110000
0001010011011010110111001101110110001101101100110010010010111101
1100101011110000001000101011101111110010110010001111011111000110
1100111001000001111101011111001101010011001001001101111111010000
1001101101011010011011011011101111001101100110011101100010010000
0011001000001100101110010100011101100000111010100000011011000010
0111110010010000010011000110110011010000000101100000100111011111
0100011010011110100110100010010100101010101000001000111111111000
0101111001010010101101001010001001111111010001111011111001010111
0110011011011111010111100101000111100110010011001111010110001100
1111111111110100100110101110011101010110100000111000111010110001
1100010001101000111111010000111100001011110100000001100111101000
1010111100101110100101000111011110001010000111111010110011110110
1000100000111100101000000110100100001000011111010101010000000100
1111010000001110011010100001000101001010010000010101010010111110
1011010001101000011000101010100010000101100010010110100111001101
0001110110011000110111001111110011100010000100000110110010101001
1001111001001010100101010001110111110010111100100011100110111000
1011100110000111010011011111000111100000101101001111111100011110
1000000101101100001100100010101111011111110101100010111001111011
1010111011011001011001100101100100101001000011011010100100111101
0011011000000000011000001101100011000110010100100010100001000011
0010110100100000111110101110111110100001100101011010100011000011
0100100101000110110010011100101100111010111011100101000001100111
0111111010000000110011011110101110001111001100011010101100111010
1111111101100011001001000000000000101111101000000111011110011011
1000001101001010010010000010110100100001000111100111110010101101
0100111101101011000011111011100111111010010010110111111111001100
1001111101010101000111101001011010111001101010101011111001010111
0010101101100000110111001100000111010110111011000010100110100011
0010111100000000010111011000000110101000011011011111111110100100
1011011001011110110110111010001110010001010001101001110001111000
1111110100011101001101111101110001101101101101100110010101100100
1110011011001011000110000110110111011000101001110001101100010001
1001000111100100000001011101011011110010111000010111101001011101
1001010011101111110100111001001010100100100100011111010101000001
0000101100000101000011000110101101001010101010011010010111110000
1000001010011011101100011011111010010000011011110011010000111100
1011110001101000100111100000011010110010010001100011100111000000
1100110000001100010100111100000101110100101010101011100101101011
1001110010100001110101011000001000111011010110011111110111001010
0110100111110101111111000010000010100011011100000010101110101110
0101011100111011000001001101111111110001110001000101110101100100
0000110111100000011111001100100100001110101010000111001001000100
0010111100100010010100110100111100111011011110111010111010110011
0101001000110101101111000010101000111000101100001000111100010101
0101101110010101001111011100100010000001011011100100011000111100
1100011000010111001100111110000001011001001110100001100011100110
1110000010000001111100101000011001001100000001111100010010001011
1010100010101111000111110011101111101001110110101010010011100111
1101100010001001010100111011100000011110011101011000010101001100
0010110100100011011001001001110010110110110001010100001100101100
1101100011110111100111010001011101010101000110011100011001000111
1000010101000101010100001100110100001101100100100001111100011001
1001000010010000111101011010110001001101001110000011001010011011
1100010011001011111001000110001010010101110001100010000111110011
0110000110010011100000011010000110000010110000011011111110000010
