0100100011100000100100100100111101110101010101011100001110110000
0001101001010001100100110101000010000010110100011111101001101000
0001011101010110011111110110111110111110000000011010101010110101
1110010101110100010110001010011101011001011110001010010011100100
1010001111111010110110001001110101000010000101101001101001001011
1000111011000111000011110100010101011101001100011010111100110111
1111000001010000001100011111010000000100110111001100010111000111
0111111011001100101110001011000010000011001101100001010000110000
0000111100011100011101010110110111111101111100000101111011011011
1001100111100110000110110101110110111001000100100101110111001110
0101100110000101110101100101100000100000000011010010011010110100
1011000011110010011110000101100101111110000111011101011101101010
1011001100110010001101010110001110010010101101110011000011110101
0110000100111000100100011100010010100001101100011001110110110001
1101110010100000111000001101101000111100001100100001000110110101
0000001001001010100000001011100011100111011111011011001000000110
1100001000000010110010001100001001101010000100010100101101110000
1010100111011011011010011110101011001001100010100011000111101111
0001011011100100111001111011010011010000010110001001100100101011
0111100011011001111000101000101011101111010100001001011101001000
0101100110110010110000101110010110000011110010001011000011110001
1010010111000101101011110111011101100110001011111100111111100010
1100001010101000110111111001100000001001100010001101000101101100
1101001010111001010010111000011110101001011001000111011010111111
1101111110101110000110011100000000101001100011001100101100110100
1111101000000000001011011001001100011101100110011011110001010010
0001011111110010111100111111001110011011111001000110011110010101
0011001101011000101111001110010111101101011010001100110001111010
0001001011000110000001100110001001001111110100111110101110010011
1100101100010111110101110110010000011101011100100001010001110100
0011000011010100011110110000111001111001001101000010100011111000
0010000111011000010001001001001001100001001101110100010100010100
0111110000110010001100111101001000101111101000011100001010100110
0110001111111000101111100000000110001111111011011101010001000111
1101010110101111110010000100110111001010110010001111010101101101
0111111000001001111000000111110110000100110111100001011111111000
0010000111110101110011000100111000011001100011001010001001101101
0010000010110010111001010010011110101101100010111001001100000101
1010101100110100010100100001000101111100111000111010001101110011
0111101000111101100100001010100100011110001111010110000001001011
0111101100100100110111000100011100000111101000000001000111100010
1101010010101010111001110010100100001110101100100001000100001100
0011111110101100010001010110001000010110100111111110011100010010
0110111011111011101000010011000001011000011001101000110011001101
0111110111001011111000111111000101000100111111001001010011110110
1000110000011000011100100001101010000111010110110100110001000110
1010101001010010001001101111010101110110101001000110010000100001
1010000000010101010010100101001011001010000011100100011011010110
