1100011000001110100110001001111101111110000101011010101100000010
1110100111111010111011011000010001111010100000111100010010110011
1010110100110110100100111101010000010011000111011110101111010110
1000011101001010011101011110110110010110001011010111100000010110
0110001000010001001110100100110010111110101101100110001011110100
0100010000101001111011010110101011111011100010001110110010100101
1000010010100101011100001000110101010010110100001000111011011110
1110000100100000111001001111100010011111011110101111000101010010
1010011110111100110101000001101110110110000010010101001000010101
0001001100111011110010011110001111110110110000110001011000000100
0100000111101100110100001010100111010011101100100001101111000010
1010100010010011100101010111000110011001011110010111100111100000
0001101100110100001000100110000110000010000011101100101011010101
0011010011010101100010111110000110010001110100010100000001111001
0001100011100111110111111011001010101010100011000110110010011010
0001011001110111011011010111110011001101001000101110001001101101
1100010000000101010100111000100000111111101001011001011111100010
1111101000110100011110011111010110010110101110000010111101110011
1101100011110101000101100011101011011101101100110100011111111111
1010110110111000000101100000000110010000010001101101111001011101
1111011101111110110011000100101000000001000000100111100110100110
0110100110100011011010000101110001111011001010000010111101110001
0110000000101011010100000011001001101101010000010000101011101001
0111001101010100000001010010110100110010111111011100110101110001
0000000001101000110101110101010000001101111100010000111000011011
0000101010011010111101110000001101100110110100010000000101101011
0110010110011000010001001000000000100101101001111110110100110110
1010111001011101001011100000101011000100001000000101010010101110
0110011111001101000001111101010101000100100001100110011110010001
1110100110110110100001000110001001101000111000000100101110000100
1110011100001100100100100111100110000101000101001100110100110100
1101000010101001100100010110000010101011010000000001011101101101
1001011010110010101000000001111110110001101011110111111010010100
1101111101111111000111101011110001101001000000010010001001111001
1001110000000101110001100100111111111101101000000111001011010011
1000010111100100111001111110101010010111101000000110001000101101
1010110000010001011100111110111001111001010100110100001000111000
0011010101011111000100111011100111111010100110111111010001000101
0011011001011100010001111000011100101011011001001111111000101001
0010100000110101100100101010110001101101101011001110100000110010
0111001111110101011101100100000110101100001011110101111011001010
1000000001101101000101111001110010100110111010010110001100001101
0000001000101001011011100111111100010000010111110001111001011110
1100010101100101101010111001011010101010011001010010111001110001
0010100000100011000000101100001010111001000100111001110010001100
1110011011011001000000111110011001010001101011100100000011100001
0011110010001101100000000111100110000110100100000001011000010101
0000101100100010011100010100100010000101000000111010001011000010
0100000100111101100111111001101010110100011111110110000110100100
0111101000101101001010101110010101100111000000111101100000110111
