0010101000000110000001100000101010000010101100000101111011000101
1010111001011111111010011101001011001001111010110101101000110101
1000111110000100110010011010100111010100100100001100001100101011
0011100101100110101000010000000000110000100011011010010111011111
1101001011100001010010001001010011101110101010100100110101100101
0011011101100011111111000101010010110100111100100110010110110001
1101011010011001000111010010111101101101101001101100101110111001
1011111000011000110001010001001100001111011000011111101110001100
1010111000101010001100010100010100010111110110111001101000100001
0110010101110101100100101010101110101100010010001010100110111111
1110111101001101110000101010001101100110110000110011011100111110
1010101011110000001110000010001100011110011110100001101111111100
1100100001001001110110101011111000011111010001011111111100000000
0000011000000011010011110010101110000010101110001110110101000010
1010000101001011000000110101010101101110001100111001111111100010
1100111111001100111110001001010011001011000110110011101011011101
1001111100001001100100100010010000100101110101100100001001110000
0010101010100011110011010110101100100100001010100011111101000100
0100010011011010100110011111011100010011100101100110111010111110
1010111010110001111100001011101100111011100011000010101001011010
1000100110000010100001110001101001000001110100101000010011110010
0111000111110011010111011010001010101001000101001111001111011110
0011101001110011111111000101111000111010100100100000110101001101
0011011000010000011010000000100111010011111010010110010000110100
0011011111010101001010010010111101110000110110001110111101110010
1100001000001010011101101001000111100000100111100100101111001000
0101111111110110101000000010110000011010001100101110100010100100
1010011001111011100110001011101010111101011101010101110100001101
1001101011110010100001100001010000101001000111101101101011110110
0000010001011100101001101110111100011010001000001001001001010001
0100001110110110001100110000110001000101001001101100000011010110
0010111110101010110001010000111111001111101001110000001011010010
1010011111101010100100000001001110101001011100000110000110011101
1111001101101100110011000100100001101000111100101000001100010001
0100001110100010011010100100001111001011001101101100101101111110
1011101011000011101100000100000011111101100000110011010000100000
1110001100000001100010011101001100010100001001101000101110000000
0010110101110010100110111000111110101001011100111110010010111001
0011011100011100110101101010010010100111011100011011110011101101
1000001001000110001001011000110101111111010000010100111001000000
1111101011110100011000111111000001000101001000110110011100001000
0110011100001000101110111111010100000111000111100100000101011111
0010101111101110101110100010111010100000111110010100011000111001
1110001111000011111011110010010100000011010100001110001101000001
0111101100110011001100001000100010011101001111111001111100101001
0100010010000111011111001000001100001111110110100001100101110100
0011110001000001001001111011001010111111000101110001100010111001
0000010001000100001111011001001001011000101110001000001110001011
0000010110100010010101110101010000101010011111010000000101001011
0101111010010000111000100101100111111001010110010110111101100011
1000111100110111101100111100001111010000001100001000111010011101
1100011000000100111100111100100001011110011100111110000010100001
0000010110001100010010000111010100010100011101111001011011101101
0011010010101100100010011111001001110110000010001001010110111100
1001011110111110000100001011001010000111000100101000100001100101
1010000001011000110110010111001011001100100011100010111100000101
0010101010010001001101100101111100000011111001000001010110101101
0000000011000100100110001100101011101011000110101000000010000111
1100100101001001100001010010001010011100101010101111010101011001
1000010111111110001001100000111100000100110011001110001011000010
1110101111111001001110110011100100100010101101010111100011111101
1011010111001110101101011111110111010111101001110001111110010100
0011101101110000011000111011110100111010101100011001011110110100
0111001010110101001100100111010001100111101110001010001101011000
0100100100001101111100011010010011011011010100101110000011111011
0100111111011001111001000100011011000100011001010110111010010100
0011110000110100011101010110011100011111011100011000110110101010
1110011100011100100101001000001111010100000101110001111111000001
1110110001100110101101010101000111100001100001010010001001010010
0101101100000001001010011001010001110011010001011000100000000010
1111000011000010001101000001001101111001001011010010011000011101
0010011000110100111100100010110000101001000000000011110011101101
1111000001100010111111001100111100100011011000101111001010001110
1111110111110100001011011001010111001010111101101110100111110110
1111110011001111100100110001011100001110101110100100111111100100
1001100000100001111010001100001100101101000101010101010101000010
0000100000110100010010110000101100111001011101110001111001010010
0000001110101100011111011010001100101000110011100111001011111101
0100100111101101100100000011001001101101000010100101001111010101
1010110111101100100100001101100101000000101100000011010101111001
0110110111010000010010100101010111101011100010111100010111011110
0110100001011111011000111011110111100110010010110001101001010110
0011010100000110011110011001000010111001001011100100111110001000
0001111110000110100111001100001001100110010110010101111011101001
1111000000101011001001010101110110000111000001001010111100011100
0110100100100011101000110100010001011011110011001111101101100000
1010010000001110001110000001101000001100001110100111111111100001
0110100110001011101111011110111100100111011101010101100010001001
1011001100101000000001010000111111010001101101110110011101111001
0000101100001001011101111101110011001010110010000001100101111001
0111001001111011101010110011101111000110001111011100100110001010
1100110110001110001110111110010110001010111011000011101111000010
0111111011000010011000000010111010000100111110111110111010011101
0100011010000001001110001110110010101101001010000000010110101010
0011100101101001000110011001000000100011001000011101011000100010
0001100010110111001010101101111000000001100101110110110110101001
0100011011000101111000011011110011001100000110110010111110011000
0000010000010101011100010101111011101000101000000000001011011001
0010101100011111001110101011000011011101111110100011001000101100
1111000110001111111000111111101011100101011000111110001000111101
0000011101101010111101110111000111001000100110101101000000111011
1011010000000100001110000101101011111011010110001011101100000011
0101010110010110000011000110101111101001100001111110100100111010
0001110110100011101100001011111001111110110011011101101101100011
0100101111111111101101111010101010101001111101010011110010000100
1011100000101110001100001111100011101101111111101011111011000111
0101111100101011110110011101011111011001101000111010011111010010
1111100000100011000011000101011001001110110110110111010000111011
1101010000010011010100010001001100000011001011000101110011110010
0011011011011101001010101101001000011100110010000011010111100100
1111000100001010110111110000110010100000001111101011100111110000
1010111101001101001010010001100110001101101010111010011101011000
1111010001011010100100111101010010110011000100110000110011101111
0111100101110010010001100101101111111100010100011111011100101100
0000001001111010011000100011011101101111101000110100001010101001
1111001011110000111010010100000100000010001001110101101111010101
0100001110000111011111111101111111000110100101001011011101110100
0000101000011011110001100000000001000111011011100111010001011111
1111110111101110000010110101000010110011110001111010110001010001
1001101001101111001100111100101100000101100000111101010000110000
1000110011011011011101010000101101011001001110001110010110001110
