1101110010000111100110100000011000111100011001100010001011101001
1111010101011101111110010101110101000000000110001100110001101000
0100001101110100011100000110001001111111011100010111001001000010
0110010110001001111111010111101000000111011101000101001011100001
0110001011100110101001011100101001011110011010011111110100110100
1000100110101101100110101111011100010110100011010010111010101100
1100000001101101011010100100101110110111100011110001011101010111
0010110011100001001011011010110011001110101101100001111011010111
0011010100100100100000100100110101010001100100000000011100011001
0100001101010001101100000000101101000110000101000000100011000001
1100111011001100011000110110000101100010101110110111001111011010
1011000100010011111000001101100001100100011010000010011000101100
0100100010011010010100110010011100001010000001100001010010000100
0011111001010111100000010101111010011000111100001111101011000011
1010110100011000110001010010011011001010001111011011110101101111
1110110001000110111001101011100111111001100000001001000001011111
1111000010101100101110001100110001011111101110011010101110010010
1100000000100010110111101110111111101000100011101110001001000010
1100011110100111000011100111111010110111001001111000100001101010
0001010100110111110101110010010100101001010101011000000111111010
0110101101001000010001011011110111000010101001111111111000000111
1101011000000000001111010110011100010111010101000000000100010100
0100001101000110111111010000100111001110111011000001010011001000
0101111110100011011011110101110011101011101100010111000110001111
1010100000011111010000010000101010000011001101101100010101100000
1010011011011100000111000100101101110101010101010110000011110010
0101110110101011011111111001111110100110011110111011010000100101
1011010110001010010000011111010111000010000100011101111100011110
0100111111010110110100010001110010101110111100011111101111000100
1101110000101110110011110001100101101000110001101101100110011010
1101111100111111010111101011110111110000011011011101010111100110
1101011010000101010100000101100101000001011000101010110000110100
1000110010111111101100010001010011010000011010100111001100011111
0001110100101011100111000111111100100000011110101000001000100101
1100000111101100111000010111110011011001011110011010010101000001
0100110001100111111100001110001010100111110101001111111010011001
1011110101100010110100110001001101001101010110100101101100111100
1101000010100111101001101000111001111001111111001111110101111000
0111110010000010101011000111001000100111110010000011010110010101
0101001011101111110111011010111011111101010110010110011100110111
1110001000001001000000100010000100110100101100011101001000111010
0001010111101000010010011100100000100100000000111000101111101010
1001000100101110111001110001011011101110100001000011110101000001
0011011000000000011111010111111011110001011100110111000000101000
1111001101011100010100101101001010101001011011000011011101011101
1011011001010001100001110000000000110111100000101001100110100110
1111000100100110101111101010100001010110101100010011010100111101
1110010111011010111110000110010101000000011100110100111000000010
0011011110010110110101001111100010110010111010011111001010100101
0010010010010101110110011111100001011110010110011011110111000111
0101001010010001001001010110010000001100010111111010001011101000
0000010111110100111001011110011100011010000111000110011100011001
0011011100001001001010100011100101110011010011000110011011100100
0101100111000010110110101100111101011011001111110111101001001110
0011100110001101010101001101000111100110001100011011001110011111
1111011000110000001111000110101011110110010111110101101110010100
0101101000101101010110011111011010010110001100111111100001011000
1010010011110010101110011100100010100010100101101001110011110111
1000011011011001101010101101100110001011000001000010100111000110
0001111101000110001001010100010111011110011000111111001001101011
1110111010010000110001111000010000111000101110010111010001101101
0111110111110101110110100001110100000101001010010100000000101010
1100100001110111010001010111110111111110111010011000111011010011
0001001110100010110010000010010001100100111010110110110111010101
0101111001111010011100110111110001110011110000010101001000101111
0010000110001111110011000000111100101110100010000010011100000110
1000011011011011010001000011111001101000000010011000011100100011
0100011100011100001011100110011100000010001011111101111110000000
0101010110101011111010001001001101000010111011000000000111000101
0101001010011011011100001010111100100110110110100010010001110110
0010100110100001100011001011110111010011010111001010011110010010
0000111001010000111101010001101010001001000100100110000110111000
1010011110000011000011000001000010000111110001010100010110010100
1000110110001101111001111100100000000110010101101100110110110011
0000111000111011100101101000011101111011011000010010001011011010
0111001011000111110100100010100110000101101111010101100000010001
0001000000001110001100010000001000111001011111100101000111010110
