1010100110001111000001100111111100011111011001000100100001101101
0111011010110001100111000010111000011011000111111000111010000010
1101001110011001010011010001110100100011010100010100100100000110
0000101110110100010011100000100010101111110101010000000101010000
0001001101011101111100011111001011100111000000110101101000111100
1111011000100001100011010000001111010011101000110111011000001111
1000110101010000100010001010011101100101010001100100010001010101
1001011100011100100010100110110001101011101100010001000101011110
1100010001000100000111111101010101011010011000110000010111011110
0100001010001110111110101010001111110001100110011001110001000111
0110010100101101110101111010100110111000010001111010010010011111
1001011101100000000010001110101100010100011000011001101111010101
0111100000000111100110000001110001010111001011111100000000111111
1001101010111000111010100010111010011010101110010100110011001111
1010101001100111011000110100101100011000111100000111010011000011
0111001001110100000010110001000000000011001001111100101101001001
1010000011110010011000100101011000001101111101001100101011100011
1011011000111011101001100000101010011100101011110110001111010100
1001000000111100100110001000110010101011111100001011101110010001
0011101101100111001001110100001011110000100111011000010001000000
1001011000000100011110001001111011100101000111000010001000101100
1110010001110000101100100000011001100100000110101100100111011011
0000011111101011111001011000101110001100100111010010011000000001
0011000111001101101100110101101000011111100011011011011111100100
0001010011011011010101100010100101100001101011110111101100001010
1110000111100001111101010000010101101100101101100011100110110100
1010011111101000001000001110000010110010110010010010111010010011
0001001000111100110010011111000001010111010110000011110110001011
1000010010101010101000000100111101110100011100110111101100101110
0001000010010100000000010101000010011100011000100110101011110010
1100010011000000011100000110001010111111100010011100001010111110
0110100101011111000101001111000000111101011101000111011110100101
1111001110011011110101000100000100111001110001001100010010011100
0111011100101011011001011000110000001000011001010001001000010011
1101001000101100101101001001101110100010101101001110101010101001
0010011000000110010100100111001010010000010111010011010101011110
0010111100011011010010101101101111011001100001000010111100000001
0011000011000101101101000101011000000100111001010110110111101001
0101010011100011100001100011010111101001110101001100101001010101
1111011111111000011110111011001101000110110011010011110100010011
0010111110100101110110010111011100010001000111100110000010001000
1001100011101110110110011110101001001100010011100111100000010100
0011000100110111110000011100000010011010100101101100110111111101
1001001011011101100010000011101100111110000100100011100101110011
1001011100010001010011000100000101010110000011110101010010101000
0101110110010011010001000101110111111001010100100000011111100101
1010001101001010011101001011011110010111100001000111001000100000
0100101110011000011001001000101100000000011001111001000100100111
0111000110010100100001101010011100111010111111010000000000000001
0011110010011011111110011001001101011100101001010011010101110100
1011101010011100000111100001100000101110010111001011101000000110
1010100101101001000001111000101000111000101101101100111111101000
1100001101101000110111000101010100100111101010011000011101110001
1001111110111001001001011000111110000011011010100111111111110111
0011111010000100101001101000001110000011011000111101111010101011
0101100110000101110011101111101100001101001111110010000100111111
0011011000111110100010000100101010001011111101110101111101011011
1111010110001110100011011001101001000101100011111100000100100100
1100101100110111001110100001100011100101110000001010111110110000
0000110110001111100011100001111000000101111010011100001100101111
1100000001010001110100011000111101001001101111001001101101000000
1010110110011100110111000110000001111010010110101001100001100101
1100000001010110011000011010101001011011000001000001111001011111
1010110110110000101010100100100001110001000001011110001000000100
1101110110000001110111110111101111110001011101111010000111000000
0011100111001011000111000010001110001110001001110100011111100010
1010011100001110000010010101111010000001001000110100100110111100
0010010000000000010010110101101011000000010000110110000001000110
1101110000011011010010101100001000010000110011100000111000110001
1010010111111101101110110111001111010101000111011111101010110110
1010110000110101001000101011100111111011001001100011010010001111
0101011001011111011011000011000101010000010010100000111001101111
1011011100100010011101001100011001110101010100100110101001001111
1100011000101110110011100111001010101100111100001110111110011101
1000010110111100110011101000101100001000000010010110010100011010
1100000111100010000000110010101110110000110100010100111001110001
1101010100111000100011110010010000001000001000100000101110110110
0110110001110110110010001101110000001100010111110000000011001110
0011100111111111011100110111101011011101010010010000000000000000
0100011011010101010010101000110110100011100100101010001001011101
