1101100001111110000100111111101010000011011001111011010110110011
0101101101001110100000011111101011001111101001110110110001011001
0010000001100111001110011111101101001001011001110001110001100111
0001110110101101011110100111101000101001100111100101100001000000
1001000001110011010011011111001110001110101001100111010000000100
1110100001011010011010111000011101100100000011000001101111101010
1101000101011100101011010001011010011100110000110111100101010100
1001010000100011100110110101011001000101111100010101011101101000
0100100001010001101101100111101111011111111111011000010101100110
1010000100010111110001111100001100000101101001000101111010101100
1001100111000000110010101100101000010111011010001111110111111010
1111100011000110100000000010000111110101001000000010110001000010
1111011111110011011001010101000100111100101101011011011100110000
1111001100001000000010001110111010110111000101110000001100111001
0010001010110010000001010110001010110011101111111111100110011100
0010010101110000001001100101101010011110011110111110001101110100
1010110000001001100110110100111111111101000110000011100100001111
0111001101110111110111111000000001010011111101000010110011111100
0111110110011110000111010100111101100000110110010100011000001101
1011110010110001000000110100010001101111111000010110001001000101
1100011011010010100101011100011101000111101001000000000001101000
0101000011101111100010110010010110001010001010101010110011001001
1010101101000011110000011100010000010101010010000001100111110011
1010001111000100001101000111100100001000001111010000011100001010
1000100011111001111011011010111110000101110101001011101001011110
0000100011011001111000001011101111110010011010101100011010001001
0010100011011011110010111101111010110111000001110010101100001010
0110011100000110011011100001110011100010100011111010100001110100
0111011000010010001110001000000001111110110000110010110101010101
0001110111110111001101011111111100101100111001001010001000000011
0011110010001111010101010001001101001000000001111111001111011011
0010000001101100000110101000011000001011111100011111001010001100
0110111010101001101001010000010111110110011011110011110111100001
0100010001111111110110111101000011101001010010101111101101110100
0100001111010111010100111110111110110011001111000101000101110000
1010111001000111101111101111110100111100110010011100111001001110
1100001011111111000111011011110011111010100110001001101101001010
0100111011110101010010010110100011011100010010001010110100100001
1100001001010110010100001111011001111000111011110010110001100010
0110110100010101101001010101010001101001100110010011101101011101
0001101100101100110100101111011110011111100011111011011111011101
1010101001010111100001000011110100000011010011010101011110010110
0111001011001111110010101101100110011101000001100101110100011010
1101100010010010110110001111011001111010110001010000000101011111
0001000010101001011100111001110011101011110110000101110011011011
0001010000011001000101010110000001101110111111011100111100100101
1101111111111011110001110101000010101110101001111111100000000000
1111000000100110000100110000100010011011000000101010100100001001
1101110100110001011010110101100111111001001100000000111111100111
1001011101010100100000000110110011100100100111010110010111011111
1111000100110100011010001000000100000111101111100000001001111101
1001010101011011100010100111101101101110111001001101011010100100
1100110110010101001100111011100000011000101011010000010100100110
1001000110101101011010100111110001001001111101111000011000100010
1110111010011100011010000010011010100000001111110111000111110000
0000101001100011110010100111011011101000101010101000010001001010
0100000001101011000111011110100010001101010110000100001110111011
0000111010111011010111000011100100111100011110101110011111011101
0100100101010000001110110011110111111101000010101101100110000010
0011100111111011100010000010101000100010010010110111111110001000
1010110101001100010000101010110010100011100001010111101111000101
0010001010000111010100100101110000010111110001111100111011110100
