0010100110000010101001111010101110000101101010101000100100010010
1010101110010001000001100000011101101110110100011110000011101010
0110000000000111100111000011111000001011011100110110111001001001
1101011110110010111100001101000010101001101101010010000000001100
0010110010101010110011001101001101110010110010010110001010011111
1001001111010001010001111100110111011100101111111010100111101101
1010110100111011111000111101000110011101000010000100101100000010
0011111001101010110001100010101111001111000011001110011001111100
0110000111101110111100011010001001110001110011111101001001010100
0011011000011000101001100100011010110111001111111001011011001000
1100011001001011110111011001001100010010110110011001110100110101
1111010111100011000000110010010001101001011110010011011000000100
0111100100101001110111011010111000011001101110111001101111010010
1001010100010011011101100000100011111111111110011011110010001001
1100011111001111111000110110001000110100011101011111011010011110
0011101101000011010001000111101000000001011000101111110000110100
1010100101000011010100100011111110011000010110010001010000100101
0110001101110100111000000001000010000110111111111111111101011110
1110100000010100010010011100110011010101101010011011001110101100
1011010001011000101000001011011010111110111011111011011111101101
0101011110100110010101001010110001000001001010110011110001000111
1000010010100100111011011101101010001111000011101111111110100001
1011000101010001101111100100001011001100001101001101010100111011
0000010001001011000010110000101001011000011111100111000011101010
1100111010011011110111111011011101100000010100010110111000011111
0110010111111101010100011111101010000111110110111110011001100001
0010001000011110101001101011010011101111101110011101011001001100
0001101100011110100010011110001111110010011000100001100010100000
1111001001011101000000100001110100000011101100001110010110110111
0010100011010100101010100111111110001001001100101010001010101111
0000101111010101110101111100101011101001010011111000110001000001
0000000111000001110110100011101110001011010110101100100110010100
0101011000001110000001010111000110100100110110101101110001100000
0111100011110011101110101100110100000011111110101011111110010010
1101010110010001111010111010000100110100001101100001010110100101
1001010110011000011010000111001011110000000011110000101100100101
0010011111111010110111100000110000100000000001111101000010110101
0010101010011000100000110100110100001100001110101011111011100111
1011111001000101001011001000000010101001010110100100010000110111
0111110111010010111001011111111001111100010001100110110111010100
1110100011010110110101101001001100000111100111000101110010101100
1001001000100011101011100000101100101001011010111110110010111110
0001010001111010100001011010011110111000011111110110100111101000
1101111111110101101101111111111101110101110010110100001110100000
0111111010110110010001010011100010100100000111000011001111011010
1000110100011000100001101111010110110110000000010001101001101001
0011100111001001100011001000001110111010000111100101010001100101
1111111100100010110101110101001101011100000101111111010101010111
0000011101111101110011101000001011110001000011000111111111000100
1100100110110100010010110011110110001010101010001100001010101011
1111111010000110001100111111000111110100100000100001000001110100
1111110000110011111011001111011100110000010000101000110110001100
0010000101110000110000001010111011101000100011111010010010100000
1110011100100110000000011111001101110001100111101001000000011010
1101110111010110010001111001101100011011111001101100001011001001
1101111111111111001000111100101001101010101000010000000010101100
1111011011111010011000110011101010011100101111001010100001100011
0010000100110010000000001110110000011100110010111010000111111101
0110111010000010011010111101000101110111010011111001100001000111
0000111010100000011101110100001111111110101010100011100011101111
0110100110101011000011111000111100110000001100111001011100000101
0101101000101110100111001001110101111100100101100011010001110000
0010000101101001110011100110101001100001100101010001111001111111
1000001000100001101100100001001100011101100011101000110001110101
1010101010011000011110110011110010000011011101010101110000000101
0011110001011011100111010010001110001110110001010111010100111100
1101100000001100011111000101101001111010101101111111001000110101
0111000100011100011010101000100000111010000101100010110010000110
1111101001101111010000111000001110111100110010110000101011001010
0000101011010101000001101010010100100110001000000000000000100100
0110011101010101001110001000111001010111010001000010100000000100
1101000111010001111011011010000010101100010100111100010100110011
1110011111110001110010011000001110110111110111111111100000100101
1001110011111010111001111010011100011111001111101011000000001000
1001000000111111010001111000000100110100100111011011111100010000
0011011100101011110111111111010100110000110010111010000100001011
1101010101101000010101011000000100010111001001111101101001011100
0011110101001010010100100010100001010111111010001100101010010011
1000110010001000000000100111000100010110100100000111111010101001
1111011011110101111100111101110110100100100111001001001000010101
