0000001100001100000011001000100000001101010010010101000111000010
0110011101111011101101011110010111000111100101010001101110011010
1000010101011110010000001100000101100101100001101100100001011111
1011100111111000001011000011110100110111001110001011111011001111
1001011101111101111101100000101011100100000000100000011011000011
1111011110110011001101100000111100010000001001000101111000000111
1011111001011001000111010100000011111101001101000010011011010101
0100101110111001100011011001110101010101011011100111010111100100
1100011111010100110111110001011011011010101000101110001010010010
1000101100100001010100010111010101101000011111001111000000101001
1001111101101110011000001111101110010110110001001111110101100001
0000100001110010000001011101000111011100011101001101011100001111
1111001100110110011100001111011010100010010000011111000000010101
0011100101010110110111101100000000001000000000111100010110010000
1000001100110011100010000111111101100101001100100110000000100000
1001110010111110111000001111101000101001110000111111010001101110
0000110011101110100000011110001001001010011010001000000101011100
0010110010101010001010101000110000111111011011011111001111111111
0101010110101010101001100001100011001110000110000100001010000000
1001000000101110011001100110011001100000011010000010000110000111
0011110010111110100000011111100011100100100101111100101000010100
1110111101100111100111111000110101010101110101110100010101101100
1111111101110001011010001010101101101010101000100011000100000101
0100110000100000001111010100110011111010010011000100000011010100
1110100101001001100001011000010110100110111000000001000100111000
0001101000010001101111110001100000000111000110000000100111010010
0101100001001100011011010011001001000001011101110101001101100101
1101000110000001100111001100110101011011010110110010010011101011
1111101110000011000101011010110000011110100010011010000101000001
1110101100100100001100010110000011100101100010011100101110110001
0011000101101000010010000000000000100001001100011010011110100111
0010001110100100001100010001111011010010001101011100110111101110
0110100110100101010001000100100011000100111011111001001010100101
0011111111001010000111000100000010001110011010101000011101101100
1100010111111111101010110001000011010111101101111101011101111000
1000111111110010000100100111000010010110001100111101100011000010
1101001010101000101101010110001111010000100111000000001101110101
0111001010000110001110001101100011101010110011110111000100001010
0001101010010101110010010111110010111001000001011100100010000111
0000110001101100100001010011010000001110101100000111101000010101
1011010001110100010000110111000111111101000011111001100011011111
1111000101011011100101000101001001001010000000011000000011111000
1101100101010011100011111000110100001011101101100011111001001001
0110110001111000000010111001010100000101110011011010011100000100
0001111010110110100110110110101101101110001100100111101010110001
0100010101110111111101001100000010101110000111001100110000110111
0111111100110000110010000001100101000100000100001101000001010011
0100000100110100000010000111000010000000011010000011100000101000
