0101011001010110011101101010010001111100111101011001000101011110
1101111100100111100100110011000101001000100101000101110000101100
0011011001101101001000100111100101000101011101001101011100101010
0100110101100100011101111100101110000011111100111111111111111110
1110110100100010011000110011101110010001111101110001001110101000
1101001101101110111010100010101010010010111101000100010111001111
1101101111010001110101101001011000111011001100100110110011010101
0101011001100111000100011011011010101001001111001001000011101001
0000100000100000111000101100111011101011101011110100110010000110
0000110111010001111101101010100101110100101011100010000101001011
0101111100101110000111111111010000110011001001000000000111001011
0000100101011101011011000000000111101111100101110000010000111001
1110000001010000110001011010110111011001010110100000101001001011
0111110000110001010101011110111101000000010111110011011111000000
1000001000001101001011011000010011000010110100100010100000100010
0100010111101000101011001000111001011110111101110101100110001001
1000101000111001010111111100010010110010110111011001001101111110
0101001101010011110110111110001111001101000011001011011101001000
0001110011000010011111010101101010011011111011100000110011000000
0111000011100001000100011100010101000001001100100001000110001001
0010000100000001000000010011010101010101011111101000001111000101
1100001101010000001110010000101000100000111011100000100000101001
0101001111010111100000111101001010011001010001111111100111001011
1000100110011101011011001100111101011000010001001010010100010000
1101000011001000111110000010000011100001100010001101100011101011
0101100010011000000110010010011010101000001110001110101010000111
0101010000101100001011101100000010010111000011111101110101100000
0101100011010001010000110111000011101100110011111110011100110001
0001101010001100100001000011001101000110111000111100011101011100
1001100011111111110110010100111000111110111110011101110011001111
1111110000000010010110101001100111000010011101011001111110110100
1001100111111101111011010111010111101101010011111101101011111101
0001101000001010101011101111001000101100000001000010011010100100
1111110100100110010100001100110010111100011001110000001011100011
0000001111100001011001111111100110011110001011110110100011001101
1100001101101001010011000000000011010011011111111110110111000010
1011010010011110110011000001100011001101011000011100001001101001
1010011100010100001011000010111110001100000110001110011010010101
1110110011100101100101010101100000011100001000101100000101011010
1011110110101111101100010011001101010000101001110010010101100011
1011110011001100101011110101110010100001100110000001011010110010
1011010001010010001000000001010011110111010101101111111010001110
1110010101101100010110010000000100000011011011000110001001101011
0010100001001000101101011100010111110001010011111001101000000011
1011100110001111001101010001010010001000000100100100001011000111
1011100111110110000111000100010010100110010011010101110101010011
1001011011111001011000110110100100011101001010111011010100100001
0101110000110110111000110011000011110010000010000101111100111110
0000111010001011011101000000110011010110000001011011011010110011
0100011011001001001000111010001110100100011111101011110101001100
1010001010000100000100100101101011111101000000011111100011100111
0101001110110110110000000100110011000001000111011000010011010010
0100110010101111000000001011101110000101010001111110110011111110
1111101100111100000111110101001100100010011110010100100011100000
1010000001110011011011110101100100011011111011101101011101110100
1011100100100110011111000110010011111111101101000010010101111101
0110100111000111011011000010101101111100101110111100001000010110
0001010011100001001100010110101101110101001001000100101001001111
0001111001010101001001011100011101001010000000100100011110011110
0011111111100000010001000100011000110001011000101001111111110010
1111111000011000010111101100001011101111100110011010101011010100
