1001110111101110110111010111010111010010111011111100111000001101
1000011001100110000101010101101110100100111010111000000100101101
1000100101011001011000111111011010000101110010010110101011110011
0001000111101100000101101111010011100101000100011011110100111000
1101110100011100001101010111111011000010001011100010000110101010
1011111010100010011001000001011010000101000110111010010001001000
0111010111001001000000001101001001101001100110001110001111011011
1111111110100110001010011001010111101100010100101100001001010000
1100100100110001101001111010010001011110010100011000101000100100
0100110100100110011000101101001011011011110010110011100101011110
1111111011101100010011000000101111010100011000100000100001001110
0100101011111001111010110001010101111101101101001100011111011001
1111001101011011010010111000011001001001101110100000011100011110
0001011100010101111111101101110010101011001001010100001101101111
1001110001110001101100001000011110100111110000101011100111111101
0111110101101011111101100001001110011001011111000011100000110111
0111110100010011001010110110111010000010111100011001001110010000
1011111001110001110011011111111000011100100111101110111101101010
0111101110011011000000000001001010001100111011000001100011010100
1101111101010011010110110101111101100101011010000010110111001111
0011011010010110000000100001000000111100110100010001100010001101
1001001000001010111000001110111111000010000010110101110001111111
1000010011110011000011101110011110010110000011110101111000110010
1100101110011000000011101001101111100000010010110001011000000000
1110001001000001001001100011111111101000011011100110001010000001
0111000000010000100111010011011011001101101111000100101101110000
0000101011100001000110000101011110101101010000010111101011101010
0110011011000101100001001011000100111010101111000101000001100100
0110011000001001100010100110011111101110100101001110011101001110
1001110110001010110010100011011110010000001101001011011111010110
0111001110111100100001111000000001100111011111000100000100001000
1101110011100111011010100010011111010110100110001000000110010010
1100010010100101110010011001110110111010110000100101000110101001
0111101000110011101101111010101101010001000000100101101101111101
0110010000000001110111011001001010110000101001000011010000010101
1001011000101000011110100010110011111100101001111011000000100100
0100011101000111001110101100111111001100010110111010110100100101
1101011100110110110101110011001001100011011001011011010110101101
0000100100111010101011110010110101001100000111110011010111010011
0011100010000111000010001101010010000001110000101010001101100110
0100001011100111110010011110101000100110101100111100101101110001
