0000110010000101011111010110101011010011010010011010100111011111
1111101101110011110111110001100000010001001011001000001011011110
1111111110101001001101100111010110000110001001011100011100110000
0001101111001001110010101010011001110011111010001010101111111011
0110111010011011000001101010010011010100011100001000110001111100
1100110010110010100000011101001001001000111111001111100011000001
1100010111001110111100011101011101000011110001001110010100001011
0101101101011110100011100000101001000001011001000111111100100100
0110101010100101001101001101011010101100101000110010100000010010
0011001101001101100110000010001111111011100101110000010110000111
0011101001010101100110111010100111101100011100010101110110100110
1100110100000110001000010000111110110110000101100011111101100110
0111000100011100011110010000010111110011100000110100100110100000
1111100001110010111100001010000011100101110111000100001010100101
0100110100001101010110111111000000110010010010110001110001001001
1000101011011011100001000100101001110001000110011100010010010010
0011000001011000100111110011111010011110010000111100000100111011
0010010011111000100011000001101101001110111111010010001011011101
0111101101010010101010000000000100110100000110001001111111010110
1111010111011101110111101110100010100110011110000011111011101101
1100111010001110011000110011100001110010001001100110000010101001
1001111000110001111001111100001000001110100111000010001010001010
0000000111101110100100100011110000100001110010010001100001010111
0111100110011101111111110001101110100010011000110010100000100011
1010101110111011110001011011011111111101010101010000000100110110
0011110101111011001110100110001110000011101101000110010100001011
0111100011111111101101001110001011000110100000011011001111111010
1011111011110000001111001010011111010010001000010100000010111100
0000110001011010001000110001101000011111000001111001010110010000
1011100010010111100110100010001000101011111011110011101110110101
1011111010000110000001100111011101100110101010011001001100101011
1010101011100001100011101101111010000000001000111110000010100100
0100111111110111010011111110110011001111001001010100111000010001
0001010101101011000010100101110011001011000111110001110100011010
1000100101100100100110000111000011001011100110100010101110011011
1001001010000010101000011111100111010101000101000011110110010111
0011100000110011010010110111110101011000100000100101000110101110
1110000010111001100101101101011001111100111011101011001011100101
0100011111111110011000001101100100010111001000110101100100011100
0010001000100001011011010011101011000011001101011010010010010100
1010110101010111101100001100101010111111101100001110001111001010
0110001100011010001001010010101110000100100001100100100100110000
0111101011100010101011011011111111110010101000000111010110011011
1010000001101111011100100100101111011011111010001110001010100101
0011011100000101101000011001010000101100110010100000111000111001
1001000011000001111100101000100110101110010101100001101111110000
1101000000110001100000011100011100000111000001111110100111001101
0101111001100111010001101010110001011001001100101011001010001110
0110101110111100101111011111000100111100000001110101110001000100
0001010000000001011000100000010010000111110101010111011010001000
1110100110100011001001111000011000101110000100111001010100110010
0101000101010011011111010110111111011010100000001001101111110110
1100001000100111111101000011001100111100001101111101000110011100
0101001011000001100110101101100110001010100101111110110111000011
0110111001111100001100010011001101010011100101101001100110011011
0100000010011000110110110111110110000000111111101111100111111101
1011001001110100011100100101011101101100011110001000100001000001
1000100111000001001100011100010111010111010100110000111001110100
0101110100100111011001100011011111101010111000011000110000001000
0100100011100001101111100100111101110011100101000000000110100001
0100001010011101001101000101101111011111100001100011000011000100
0000001000000000101110000010010111001001001010011011110100100100
1111011001100111100011110101100111010001011111011001101011111001
1111001001101000001010100100000111100101010001111011111001011010
0100010101110010001101101001000010010000101101001001000110011111
1110011100110010000000100110011001101101001000011010010011010011
1001111110011101110010110101000001101111111110100000011000101011
0010001101100100101011100010100100011001001000110000001011100110
0100101011011110101011110011000101000110010000011101110101110010
1101000110110011010010011101111001110000000001001101001100101111
0010111010001010100001111011111111010011110000001001011110111100
1111001101001011101010000111110010110111100101101100111100100111
0011011100010010000001011001101000101110110111100100101001100001
1001001011111111001000111001100001000000010000111000110011010010
0011011001011011000011111111100001000111011000111111100100111111
0101111101000110110010001111000100100001101010110110010111100101
1011110101011110111010010110010011110001011100101001010000000110
1001000011110001110011001000111111010101001111111111100110111111
1000001011011101011110101110110100010001001001001011001001001000
0111110010001101101101001011110101010001010010100010111110010110
0111101010111111100001000001011101010010000111111110100001000000
1011100101111001011101110100010111101100000001101101110011000100
0010100100101000101101110110000011010000001001111101000011011011
1110011100111001100011001101000010010100100101110011101100010001
1001100110110000000010000101101101101101100101000010010010100100
0011110110100010001010001010011011101101000010001000001001110100
1110110010010110100101011110010111010010000101110111110010010011
0111010000011000110000111000110000011100100001101000000100001111
0010010101110101001011110101011001101000100001011011111011010101
1110000001000001110110111001110001101100000011010111101010001000
1100111111100001011001001011000101000010001011101110111010000010
1111011100001001000001111010000010101111110110101100110101100000
1101100011000101111100000111101010101000111010001110001001001110
1000101101010111101111000111001011110011000000000010000000001101
0111110101010011101001111011011100000010100111000010101100110110
1010000110000111110011100111100001100110100000010011110000011110
0110110001010101010100101110110100000100010111101110001111010011
0001100101000001000110000110001110110100001011011100011001100011
1111101000001011110101111111101100101101111101001100100100001101
0010100010110010100011011011100000111101000101110110111011100101
1010101000000111111100101011100101110001010101111000000011001110
1001100001110001000110100011010100101011101101000110011011101101
0010100010100001111001000000010001111010001101101100001101000111
0110100010110101010101010111111111011011010010010101000101100100
0011110000000101010100101010001011110110101101001101010111100010
1010011101010101110100010000111000111010010001000111000100001000
0001000010000110011000010101100110001010111000101010011000100011
