0001011000001100011111000111110100111100001111111110000110001100
1110010010101111101101011101010001101011011001111000011001111110
1010010100111001110101001000110011110010111011000111001000111101
0111000001000111110111000101011101011111111000001100010110011101
1100010100110100001110000101001010111110100000010110001101010100
0111100000111101111000010101101111001001001000101001000000100101
0001001100011110110100000111101011101000010101000001000100001111
1111000010101001100000110101001111111001001110000001011000101001
1101010101110011111010111001100101010100111001101011111101010101
0111101010111011000001001111010001110000101100011110101110111010
1011100011111110100000100111101110010110010100101101010000011100
1110010001111110011010000001111101011100000001110110010111001001
1110010011010101101000100100000001110110110110101110100000010010
0110100000110110011100100010000101101000100010111110011101101011
0111100011011101100110011100110011111101100000000010000111111011
1000011100000011110100000011001110001010101001111010000000110010
1000101000001111111000000011000110100000001000111111010111110111
0011001111011010110010101011011011000101100101000101110110010010
0000010000111001100010110011100010111111011001001000101000111111
1100010011010011011111110111001110001011001100010000011111001010
0110001001111111000110011010000100100101110000001111011100010011
0010000101011000101110000100000000101010101011001011000100101110
1011101001000001101111001011000100110011111001111011010011100000
0010100111010110101111101100000001111011111100110001001001101010
1110010001001000011001010001110001001100100111100100001100110111
1011000011001000001111110100101010101110001101000101011000010000
0100111101011000001001011010001110000011110010000100100100000000
1110111000011011101101011000101111110001111010010111000101111101
0000101111001110100111111101000110110000111110000100101010110111
0110110100111101110111110000101001011111100000111000011011110011
1101001111111000110110010001111100100010000001110111110011010100
0111011000101101010010111100111111001101111000101101100100110001
1111000011110110100101011001010101010000011010110001111101101111
0101001001000101000011011001110101100101011101000010101110111111
1110110011011100001001001000101100101010110000100110101010110111
0101110100100100000101000101001111110100010001010110111111010100
0100000001100100110110101100101111110010111010000101111010111110
1101000000001101100101100100000110101101011101110001110100100010
1010101000111010011111010101111000101011110001010110110000000100
0100000101000100000111000010000110100011101010011100001000010001
1001110001101001100111001010001001010111110100001000001100010011
0010101010000111000010111101011100101001001111100100101001100110
1011101011100011010110101001110011110001001011101111111110010001
0111001110101101110110001101010000000100000011101000101110110010
1011011001011000110100000011001111101110101001100100011111010001
1011000001000000000100011001010101110001110010100111101010101001
1101111001110101101101111100100001110110100011100001110000110001
1101001000110100001111011011110001010101111010100110011101111010
0000111110110111100000111100011101101110010001001001110101001001
1101011001110111011111100000010010000110010010011111010010110000
0100101101111101111000110011000001000010010011100100000000011111
0111001110000100000001111101100000111110000100111000011011111011
0000100111011100001001110000101001000010111000010101000001001100
0011001010011101011101100101000010001000111001011011101110100100
0101001001100000011010001010101000011001110001010100010000001001
0010110111111011111010011100101110010000100010100111000011011011
0001111111100010011101101101101111010001001101101001001000001001
0010010100000000111111100000001100110111110010101000101110010100
1100001110100011011101101000000011011000010100111110100000011000
1010011101000110010110010011100000100001010101100110011000111011
1010000110101100100000101100001000110010110100101110100011000111
1010011111010011010011110001011011010011100001101100011011000100
0100111111111010100111011111001001001101101100001000011110100101
0010101111100010111100010110110010010100010001010011101000100010
0010000110000001110001110000101100100111000111100101110011100100
1001100111110000001001011001101101001110100000100000010001111110
0010100001010010001111011000111000101000111011001001111100001001
1111000100101010000101001010101000001110101001010000010111100000
0100001110011110100000000011100000000110001010001111100100111110
0001100001011100110111111011100110001100110100101001010010011001
0011100011111000100000110111110001100111001111110100111101110011
0111111101001111010100011110101000101000000000110011100100001101
1011100100110011100011011010111111110101110011101110100100110001
0000100001100000001100010000101010010101000011010101000111111001
0011011110000110000111100110010010010100111011101011100001100011
1100110100100100111010101000000011110011111010000101000101110100
0011111000111011000100011011110111010100011110000101111101100110
0111010101110101100010001010111010000100111100100100100110000111
1110011001110000001011111101000101001100101010100001010011110110
0001110000010001100011101101100001011010111011101110000101011111
0111110100101000010100010100100111111110111110010101111011110110
0101000010110000000110000010011010000100111001010000010100000011
1000000001100011111000001111000011100001010100111000010010100000
0101001101100101000001010000011110100000111010010000000101001000
1101011100010001110110010100000101101010001010010101001010011101
1111011011111000001111100101010001001001000100110110001101110110
1000000011101001000011001110101001101000101110001011000010101011
0010101011000001100110111101001110001100101000001000011010111101
0101101010000000111100010010010101001110010100100111110101101111
1000110100111011110001110110001101110111101101010101111101011010
0010110000111001000110101001100001000010111111011111110010011101
1000110110101000111000111110100001011111000100001011111000000011
0100010010001010011000010010001001000101110010011011110101010100
0000110101101010100111111110000000100111110001101011101101011111
1101011001000100110110011000001111000101000111010111001101100000
1011110010000001110101111001110100001011010101001011101011001001
1110100110101011101001101000011001011001111111110011010110101010
0000000101101010011100110000001010101110100011101110100111100000
0000110100000101110001000000000111011100101011100000111101100101
1110001001111111000110101010100110101111101110010100000111100110
1101111000101100110110000110110111010011110100111101011101001001
0010010101101010000000011100001011011101111110001011000011000111
1101110110011100110110110100110110011011101101111110110100001100
1111010111111101101100001001101101110011101000001010001011000110
0111110101110111010011010101001110110110110010110000011111101001
0010111110100110001011111101000000110011001111011100111010001101
1101110100110101100000110001001000111000010011011101010100010011
0110111111111101110001110010100010101101000110010100111011110001
1000011100001000101110010110011101100111001011011000010011110110
1110011001011010111000011011011000010110010001100011000101110001
0111001101000111000110011111011101010101010011010110110100011111
0011110110100001110001001011101011110110111001010011110000000010
1011001001000100000100001010101111111010101111100100000100101101
0000110101100101001110010000111010001100110101011100001011111111
1110110100011011011000110110111010001101001111110000101100000100
0010000011001011100001110111111000011100101111100101011100001101
1010000101000100111001010000011011110110000101011011100011001000
1100000101011001011110100010001010110100100101100010010100101100
1111101010001111100010110011010000110111100101010111011101000000
0110110010110010001001110110101100101100101011110110111010110000
