0011110111111010010110001001101111110100010111000101011010000110
0100111010101100101111100101101100000100110011010010001001010101
0110001001101100011011101000001111000100100101111100011110001001
0011111010110100111100100110000001001111100010000110101010000111
0100110110101011000010001101111101110001100000101000001011001101
0111001110101110110001110001111111100110000000100011100011001001
1111011001110100010111010110000110011011010010010010111000001101
1011001110001111100111000111111100001011001101110000010101100011
1111001101011000110010111110100001111000011001000011001100011100
0110110000100001011010100000001101101100110011001000101111100110
0010100000110001011110100011010011101100011011101100110100000011
0101001110101100000111101011100010001101010111011100011100111100
1001011101101110000011011011110011101000101011100110000111110011
0111001100001010001110001011100110101001100010010100101110010000
0010100111001001001001011000110101100111001001011010100111100100
1100110001100010110101000110000101010101001111101001111101101100
0110101100010011101110101001010111010010110110111100110001101101
1101101010000101011101110111101100001011100011100110010100000011
1111010110010000110110110000110010010111110111000001100110101110
1100101011001100011101101100100000100111010010110000011011100010
1100101111100110101010110110001011001010011001010001010011110000
1011110110001001110010110011110011111111101001110100000101101111
0111011100110100001011100000001100001010001010001110010111011011
1110011001111110111100000100100101001101110011101000001110111110
0111101011011100001000110010001000011110100011001011101101101101
1100000100110011011101010000111000110110011100100011110010110110
1100000000000001010110101001010011001000001101011100000010110001
1101001001110010011000001101111000110001011111110110011011010111
0100110111110011000011111111001110101001010110101010110000100110
0001000001010000010011001000010000100011001000101100111110111000
0011001000010001000111011110001011011110011001100111111000111000
0000101001011101101011111100001011100011101010000101101101111100
1100111000001011100101100100101011000110111011000000101001010111
0111110000011010111011110011111010000000111011001011101110011000
0110001110001110110011100100100010110101010111001010111110111101
1010111100011001100011011000010011010010000010001001010100110111
0001011010100010001010000000010110001110000110010110011111010111
0111111111011000111111110111011110100110100110101000001010011110
1010011011111101111110010101100100111000000110000000001101000011
0001010110000000111000001001111011000101111010110011100100001101
0001001010010000101011101000000111101011111111000100001010110100
0100111100000011110100100110001101110101010110100000110100011000
1001100011111000001101010100001000001110011110100101111100111000
1001110010100001111010101111101000010100001000111110011000001111
0011010110100101100001111110010010001001100101010110000011010000
1001011110010110000000001000101010001001101000000011001101001111
0001110010100101110011011011011011000001011110101111110100011101
0011010011111101111011010110001110011101001000100100110010111111
1010010000011100000101000010101000010110100000001010000101011100
0100011000110111011001111001101110000011110100101001110001001101
1101111100010010100100100001110100011100010100011101110011010100
0111100011101001111101001101011101001110011000010100100110010101
1110110001101010010011001010011110111110000101011000110110000010
1110100001010111011000010010100001011011011110000101000111100101
1110010101001000011100000011111110010111100010011000100000001101
0110001110000000001110110011010001101010011011000111000011000001
0000010011111011011011001100000001100001100101000101000010110001
1100111100001100001001001110011111000011111101010110001100101011
0101001101000011110111011010111111011000010101101001001000010101
0010101101001011010100100100000011010101000101101001001101011110
0000101101000110111011101001111110101111011011110000101010000101
0110010100001101001111111101000010000100011000101010110011000001
1111001101001100010011101101100101100000001000100001101111010100
1011000100011111010001000110001111011110010000000010100110011010
1111100110010010011101001110001101101011111110111010101100100010
0000101100011111011000001101011111010110110110010001100111000000
0011000100010010111001000101001001010100110101110110011010010110
