0010011001101011100000100101001011110110101100101100001110000011
1111111010010111010001111101000001110011100010010000001000110001
1001001011100011110111110101010010111110100010110100110011111101
1010001110100100011011000101010110010010101011101100111011001000
0010101000100011000110011010001011010100101110100110001110000101
0101010111001100000101001110101010010110110000001100101100011001
1111111010111100010011111001111000100001101110101111101001100011
0001000101010000110100010111011011110011010011000111111101000011
0001000010000001001001001000100100010111110100110111101111100000
1100100111111111101101000001101100000101110000010110111010010101
1001011101100000101111011010101101100001111110000111000111111001
1110101000111001111110100111111001011100000001101001010001001101
1110110001101100011101010100000001101111110010110110011100101011
1000001001011010101011001110101110011000010100101110000110110000
0001110101101000111100100000111011110011101110111010100101001100
0000000011011001110100101110011101111011101111001010100100010001
0011001101100101001111001111011100011100000100111111101101101100
1011111110011000110011111000111000101101001001111101000001111111
0011111100101111011001101111100111101110100100000000100010011011
0000111110000110101100001101111110010100001111011010111101111000
1110111101010001100111110000001100110010100001111101000011110011
1111000010001010110010111000011001010111000011100111001111000011
1101100000101001111010110000011111000100010101000110100011011011
0001110100100101101111101111000010011101000111000010010100000001
0101101111100111001111111110010011010101101100101111110000010011
1111000010001011001000010110000011011100000100010100001011010001
0100011010100110111001000010011111010100010101101100010000101001
0110101011001111000111010011010011000100110110110000011010110001
1001111110011000111000111110001010011101110011011011001110111001
0000010010000100000111000110111001101010001100001010110100011010
1110010010111110100010100111010011010001011100101110111101001001
1011010001101110011100011101110100001111000001011100100011001001
1010010011101111000100110000110111011000011001010101100100001000
0100011100011000001011010110000011100011110011000100100110100010
0000011011001100110100011100001000100100110010011111001101100110
1100110100111110000001000100011010111000111111010000110111011011
0111100010100010110101001111010010101101100000110010101001001101
1011000110011100010110100001111001111001000001011110111101111010
0100100001100100101101101101100001110101110101000100001101111011
1101010010001011001010001000001001101110010101111001000010000110
0101100000000111110001010001011001001000011010010010011000111111
1100000010101011110100000110111011011100111101010100001000011101
1011101101000100011111110010101010010101100110100100000000010110
0010111000110101100001110011010011111101111101101001011011001000
0101000001100001101001111111010100101000000011001001101101010000
0100101010110011011000110011000010001011011010011001000101010101
1001101011110011100100101001001001101001000100010010010000001100
0100000000101010111111100011010011010001101010101110010001101001
0010111010011000111000001011101010110000100011100100011110100111
1010100011011101100111000000101010110100110110010000101010001100
1010110110001001100001001101010110111011000011110010000110000110
0100111001011011110101100011011111000000111010101100110101000110
0100011100110110010010101101110100011111101100011111001110111010
0101001010101011010111011010010000110011001011011100011010111001
0101010101000110100101100001100001001001000000011100101010011001
0101101101100001001111100110001010100110111100011101111001110110
0010111110010000101111001101101010011110000010001110001100111110
1010111111110100110010100011000011111001111110001110011100101111
0011111110001110001001110111100101000100110111000101111000100110
0111011000000111111001000000000111011110110011011110000110011011
1001001101011101101010111010000111111101101100110001001011111111
1100000100100111010100110001001011001011001011011001111000010011
1101010001000110010101100010100111011111000110100100010110110101
0111110011111001011011001001011101010111101001000110111000110111
0101011100101111101000110101111110010101101001100110111000001001
0001111001001000101001110110011111001000011110011011111111100001
0001100010001001111001000000111111101111111101001111000101000101
1001001000100011111001011011111101010010110010111000011111010010
1101000011100011100000100011001111000101000110101101011010111100
0100111010001000101111101001011011000111001011101000110111110101
0010010010000011101110010100101001101011001110110111010110100101
0100001001111001100010110110111111111000010010011100000101101001
0000001111000111110010101010001001110110011111100100000111111110
1100110011110101101010000111000001111011101000010010001010010011
0101001000001111110001000101100101001000001111010101100011000010
0010011010010010110010000001001011001011110101000010100010000110
0010010111011110010011000011111010000011001101100101110100011010
1101111011011001011101011111110010111001000001110100110001110101
1111010100111111110011111000100101000111111011111100000001110110
0101000011100001110110101110001100110110101000101001100110011100
1111110011100110010100010011011010101010011101010001111110111101
1101000001010100001010011111100100100010011100001100010000010100
0001110001100010110110110011001010101101001111000011001010001100
1001000000100000100110010000011000011010000001010010100011001101
0010100011100011110100010000011110011101111010110010001111111100
1111001011011010011011000011100100011000011101110011110101000000
0010110011000100101011010000110111010001010111101001100000101100
0100000100011010010101001110101111000111001101000001001000110010
0011000011101001000111011000001001101011011000100110100101010000
1010011101110001100010001101001100000001000101000010101010110111
0111000101010111111010101000001110101100001010101000010100101110
0010000011000000011010001111001110101001110100000111101011111100
0011011001011111000111100111100011100000011110101000111100101101
0100010111000101010000001110110100111101000101111010000000111001
0111010110000001100101100000011100110011110110010010010110110111
0100101111111011111001101000010001010001010100000101011111010010
1011110000011000100111101010000100111010011111011001011100000101
1111000111100110110111111010100101000110110101011101110110101111
