1011110110001011100111110010011011101111000000111010110000011100
1010100011001011011001011000101001110010100111011100010001000110
1111100001010011001001110100101011101101011010100000000011000111
0101011010011100111110011011110100101010110101011101011110000000
0000011101000110011101000000100110110100100000100100011101111001
0100010011101110011101010001101111010101010000100011111000111110
0111101111011110010010100110111110010011100001000001011111101010
1111111011011111000101111001100000101000101100101000100100000110
0101100111001001101001010100111000111110001010111110101001000011
1101111110100111110011001110110000101011011000101110001111000000
1110101010000011010011011011011000111100101000110000010110110001
0101110001011100100000100110111101001011011010000010011010110110
1111100000010010110110110100110111111100010100001111011011001100
1110110010001010110101001110110100010001000011110001100110010110
0100010111111111010100100111110110010111010100111010101000011001
1111011100100110001011101000101100111111001000110101000011101010
1111111010111000111101011000111000010111010101010111010000001101
0011101001010011101001011010011000011000110000100010101001100010
0001011110110110100110000101010100111101111100011111100100100011
1100101101001010111100101110100100100111000001100001111101010011
1111100111100101001000011000011000111101000000011000110101101000
1010111111011010000111011110111100010011001110001001101110000101
0001100101010001100101110111111000001001111001100011011000000001
0010000101000011011100000001111100110001110011110000100000101101
0011100111110011101010110001101000110100110010110110000101111001
0100101000001100010111110111001111000011000111001101011011000001
1010010110110001100011011101100111010101001101111001110111010010
1110010011111101010111110011010111000001110110010000111100011010
1000100111101101111011000000111000001011101110110000110001110001
1111000010100011010111001100110010110000110110010110111101100010
0110110100000001000010011010110111111111010110110001111100111011
1010101001100110010001000100011111101111000010111101110001010010
1000001101100111010000011111100010010001101101111110111110000111
1011111101111111010101111111001000111011011001011101110000101111
0100001101110111101110000100011001111111011011001000010011101010
0001001001101100100100011100110000110000110010010010110101010001
1100110010110001010110001010101100001101010111010110011101010101
1100011000001111011010001110011011100001111000101100001010010111
1000001111001001101010011101110001001000101111110111000001000001
0111101111111001101111000010101000111101010010011001011000111001
0001101111100100100100111000110010011110001000100010100010001101
0011101000110010100111101100011001110101101011011010000000001100
0011101101101111110001001010001011000011101101100000000000011100
1111111100110001001110110001010101011100000001011001110001011010
1000000000101010010010110101011000011011111111110101110001001000
0101110000000101001111000011110100101110001001010101000111011101
0101011000000111110000010010101100001111011000011110010110110111
0101011001001101101001001101110111011100110111101111110000011110
1000000001010100111001110110110011010110110111111001010111110110
0011011010111000111010110010000100100100011010100010101111000100
0011001000101010101100001111101100111100000111101101010010101000
1110100000011100010011000101101110100110111001001111011010000001
1000000001100101101010100110111110000111010100001011101110001010
1110010011000111101001110000111001011110001100001111101101101000
1011000010111011111111000111111111011000110010111111110101011000
1110110110011111001101111111001110010001101110011110001001101111
1111000000001101110110101110011011001011100001111010110010101000
1010110001001110001001001101010110100101001101101100010111111111
0111101100010011011110100011111110011100101010110101111101000010
0111111001100110011100010001100011000100101110011000000000010000
0001101101001100011100011100001101001011101001100110111110010100
1101101001001101100010011000101111011011110110011111101011111011
1011010000010110000001011011101111110100001100000001100001100101
1101111101110011100011101100001001110100111001110101111010000010
0010000011101101001110110100001101011101101110010010000001101010
0011011110011101010111001010011001111011010000101100100101101100
0010010000110001001111010110001101110110111000011011101100001100
1110010110000011111101100110000001001011001001000100011000101110
1011101001010100101000001011111010010111010001000010101010010011
0101010111000010000001111100111001100000101011110101101111011001
0100101001111000000010000100000110010110100111110111011000001100
0101111010110110000111010001000101001011000000011010011001111010
0001000110000000010011110010110100001000110100100010101000101001
0000111111101100101100010101001010101010011011001011101000100110
1011110101001100100001101001011111100110111001111011011100110111
0000111110000110111000000100100000001011001011001110001000011010
1100110101100100000010111010101000111011111011000101100101100001
1101010010001011111100100111000001011000110111101110011001111000
1101010100111100010011001000011010100101010101001101010111011001
1011111111101110010110101010110001110101101011100111000000101110
1000101001010101101110000000101001111010010001010110001110010001
0111010100111100001101001101000100001010101001110100000010011001
0011110111000011111100111100100101010101011101101000111011111101
1101101000111100101111010110110100101000101100000101000001010011
1100110101111000011011010011001110001111011110000100100101011000
1011000001111110010100100101000010101001101100000001101111111111
1111010111001111101010011001001011101110110000001011111000001011
0000000000010111100001100010010101000001011010101100010100111010
0010100000111011001011101111000010111010100010011011010100110100
0001101111111100001011110100011100001011100011111110111011010101
1000011111010001001000110110101101000010011110101101100011110100
0110011001000111100010001010101101001110101001100110011001101111
0100111011101011101110100110001010100011011101001111110000100111
0010001001001100100011110111110010110100101100111110101000100101
0101100111000001011011000010100000010111000010010101001010101011
0000010011001100110111000101010111101101001111101011000001000110
0111001000010101011000110011011100010101000001111101000000011101
1010001110111011011001010111010100000010001101110010010001101011
0100100001101011100100110001110100101111110010000110001110110101
0001000001111111110101011100010001111111010011100101111000101001
1100001111001111000110100110010001000001001001001010101000101010
0011001011111011011101000110100110011000100000001011111001110011
1111011101111001100011000100010101100100010010001100001111000000
1110000100111100101101001110001110111010111101110100101011011111
0011000100011111110000000001011001100000111100110111100100101001
1001101011001011000100011101111010110101011011001001001100100011
