0011010000101010101111011001000111110101110101011111111011111001
0011011110010110001110011111011000001111011110111010001000100010
1100101110001010101000011000001010001000010110000010011011101001
0110001110100101011011111001010101011010001110010100111011011000
0101111111010000011100010110000000110110110001111110010101000110
1010001101100100000001001101011001110100100001011100110110000111
1110100101011000110010111111010111010001101001011101111101111111
0011010110000100110101111111001011010000001001001101001111001100
1101111101110010011001100000111000100010101010001100010000110000
1110101110000101110101010000111001011000011100001000101110001011
0101110000010100100111100000111000001011011100010001001001100100
1100111011010111010000100001101111000010010111110100111110001011
1010011011101000001010000010011010101010100010011010001110010011
0111011001101100101101000100001111001011000110001110100000110111
0010111010001000101010010110101001101100010111100110100110010010
0111111101011111010101101000010000111100100111101010101010001001
1100000100001000011100111011000011101010001101011101011111011000
0011100110001000111111101000000001011000111010000011011000101010
0110010010100000001001100011011101011000101011101011011000101100
1100010001000010111101010111011011000011110101101011101100011111
1001101110110110010000110101011101001100101111111111101101011100
1011011101111011011101101001110111011011011100111100001110000001
1010110000011100101110110001111100101000100000011000001110110110
0001000111111010110011011110011111111101010001100001010101010000
0000111000101101010110000101100111011101100001111011110100111010
0000110000001000001001111101010110000101100110011011110101101100
1110111111111101111100001111110101110001001110110101100101000000
0100101001101110111101110110011000110110001011101111111101000111
0001001010110100100110011001011100110000001111011001011101001000
0011101000100110100001010101101100010101011000111011000110101001
1111000011100011000010100111000111100101100001101111011101111011
0100010001110100111101101011101000111001110000000111001001001111
0110000100000100101011001101110110101110011010011011100111100010
1000101000011011001000111011000011101001110000000101001100100111
1001101101011011011001000101101100011101111011000101101010011011
0010101001110101111111011111111001100010011111010011111010010100
1110101101001000110001011100100100011111110011000110000010101010
1011100001000101110100010001100011100111000110100101110011100000
1110101100000110010100001010011101000010110101111001111001111010
1111011101000000011000010110001101010001000101101000101010010010
1101000010111100001001111110000000000000011100101010011011001001
1010010101111000010000010000101101000100100110010110100111010010
1001001111110111101101111011011100101000000100101001010100101101
1100010100010011001001101011101101001111101010000111000101001101
0001100100101111100101001010100110010101111100001100010010110000
0101101000100001100000110001000110000010000001100111010110110100
1110100111010000110101011111000110100100001101111001100101010010
1011101101011001010101110001011111001011000011110001110111010011
0010101011010000100101101101100110101111010111001110100001111001
0111010110011001010101000010110010110011001111001100111110011101
0101010100101111110100101000010110000111011010100010000010111101
0111000011110100011011100000000000111101011111001111110010000001
0111011011011101010110111010110110000101011101001001000100110111
0000000110111111000010111101101111000011010001111101001010000010
0100001110010010100010001100100000011110100110111010000101111101
0000010101111110000011001101001001000011000110001100101110101111
1000111010110100110010000101001000000101110010111001001100111110
0110011010001011110111010001101000011111100010010110110000011101
1100101011110000011001111101000110110101101010100011011000000111
1000101110001111100101010101010101011001010111000101110000100010
0101101100001011011001101000001100110101111010011001110110001000
1001011101011000111001001111001001110001001001100010110111010000
0110001111110010000011111001111100001011100000111010001001111011
0101111010100100000101101010010110010100110010110011000110010111
1111111010110001101111101001110000111100101100100101010110000101
1000000010100101111100000101011011010001001110111110110111100011
1111011001100010110111010011010000110000110101101110111010111000
1000110110100001000011001101100110101000100111011100000111111001
1001001001011111110010001110101001111101000000111011111001100011
1010110100100001001101001101101110000001101011100011101010111010
0111001000101101100011010111100111010111001101001001101101000110
1001101000101110111000010101110101111100010010000000011001100000
1010010000011100001000110011111110001101100000101010011110011001
0001001110001000101001011101100010110001010100000011010101111110
1110000111011111100001011000110010011010101100000100010000111001
0110010010100110110010011110100111101101001101110010010101000011
1111110010001000000001001111101101010011101100000100110011111000
0100111110010111001100111110111110101110111001101110110101111101
0000111110011001100110010010111110001001001101011111010101001001
1011011101101111110000001000000001111111010101000001010010111101
0100000100011110001100111001101100101001100000011011111101100110
0100101011101100111011100100001101110001010001010100011111001100
1010101101100101011001110010000000100011110110001011101101010001
0011101000111000100111000111011010000101001111000100011101000111
0001001011011011010110001110100010011101101010110100101000001110
0000110110101111001101010101101111100010010110011110011000101011
1010111001011100000011100011101110011111110001101000011000010001
