1111011110101100001101011100100100001010011001000001110101100100
0111111110001110011001111101010100010011111000111010111111101110
1011101010001111000010011010010001000000000110101010110110110100
0011110101101000001110100000010100000011100000000110100011000100
0001011100110011111111110010000010100000110000100001110111000011
1111101110001100100001111110110110111000001001001100111100001101
1001101100111010100101001111011100101010010011001101111110101101
1101100100010011100111100110011001010001100010000011111101100010
0110111001000001010011011101100001110100010001001011101001101011
1101110011010100100000010011101100100101101011010000011100011101
1000000011100010010001010010100000010110111100110000011010011101
0100001111101101100001010010111001100001110110100101111111101111
0101110010000110110000011001000111010111001111001011101111100011
0100100111101111001101101011001101100101000110100110001101000100
0111011001000010000011111001001000010000101110010001110011101011
0101100110100010011111101110010000110001000100010010000101010111
0111000101100010000001000000001111101001001100111111001111111010
1001100111011001110111100011101001101101101111010101001000111010
0111111101010010010101101011000111100111101110111010011000111001
0011101101110111011011011101101011010110000100101101111101110110
1010011111011101011111001110101000000110101011001001001100100111
0110011001000000000100110110110110110001110110100010001100001100
0100101101010000101010111011010001011011010101001101110100110000
1111001011000111010000100100111011000110001011011100000001011010
0101100111011100100011101101111100100001100110001101100101100100
0000011001100100111001101111111011110100010000111011110011011111
1000010111011010101011010111111101100001001000010001101110000000
0000101010111010100000111010010010110111111111011011011010010010
0001101110011000011000100111001000111011111001111110000101001110
1110010000001001011100111101010001110010000100110111001010110010
1101000001110111010101110000001011010100110110001100100111101100
1011101100111000000111010000010110110101110000110011100101100001
1111011001000110000001100101011101000000001011011011101100000100
0100110111111011101110111110100000001100101111010101010101111010
1110000101111011100001101010100000011110000000000110010110000001
1001010011101111110001101100010110110100100111111001111101101111
0101010100100011100111011000011000101111101110101001100001100101
0010000010000011110111010110111111011111010100000010001000000111
1001001010001101010011011001010010000010100000101100000101111111
1001011010111011110010000001100010011011100100101011110100101111
1110010000110000111011001100101010001001111101111000001000110110
0001110100100111110110110100110001100000100101000110010000011101
0100000110011010010000101010110000000101011100010011110101000101
0011111011001111100001100000001001110010101111110011000111010101
0000011010111010001101000001001010101010011110101110110100110011
1011011100110111011001000010110101010001100000101101011100110010
1011011011111111001101010110110001110111101001101000101000110011
0111000100111001110001100100111111001001111101001100111011111000
0100101101010010000111001111011101101111010001010000101110011100
1111001110101101101000010001010010101001000110010011110000111010
0101000111100011000010001110110000001000101110010000110000111101
1110100011000011100100111011100111000001101001111011010100010011
1110111100101000011000010000011110111011101010100010110000010110
1110011010110001110111111011001010100110000100101010011011010000
0111101011011110101011111110001000010111001001011010101000011111
1111000000000110001100000010101101011110010111100001000100101101
0000111111000010000000110100100111111100111000111100101100111011
0011011111001010011111010011111101001100000100101001101101011111
1001100010100011101101001010000010000010111011100100010101101001
1010110110111001101011001001100010111110000010110010110010111111
0110001100111100101111011110111011010000101111110000101111110100
0001011110001110011001100001010100000100011010101000101100010111
0111101001001111001001110010110111110100111111101000100111011001
0110011000000100110111011111011011000010111111110010101011101011
0110110001010001000111001001100100010010101110000000010010011010
0100000000101001011111100110101000011011110101001010000010110000
1111001010000100101011111000010101001011100000010010101001110101
0111100010111110011110001001111001111001010100000001110110001000
1110011010100010000011110011110010101011000001001011000111111111
0110001000111100010011100110001100010011111101000010101010010000
0010000001010001101111101000110000101110101101010011101110101010
1010110100001101101000110101110010001100111010100111010101010110
1100001001000101010011101110110010101000101100111100110001110011
1100000101001000000010001000111010001110111001010010000110001011
1100010001110111100100100001001000011001101011000110010111001110
1010111000010110001001011011110010100010110101110011101000010111
1100111011101111100010110001111101000111010001011010010010010000
1110000101011011000100000010100011100010101100001101111110000000
1011101011100000101011101010011000100111001111000010010001001001
0011001011010101111100100100011100101000001000000111101011011010
1000010001111100010001111011010110000110001110110011100111011001
0100000101000011000011001000000010000001111101100000010101001101
0010111110010001010001010001100101000100100011011000100011010001
0111011100001101111011100000101001010111001011101100000011110110
1101001110101010101000100000110000110110101100010100101001111101
1100001110001100000001110111100101101110000111001010101001011100
0010010110111111111010010000001111111011011001011001110001011001
1001111101001111111001011010101001001110000110100001100100011101
1000110010111110111000011001001011011111000111100111011011101101
0011001010100100010101110011010000011001011011100100101100110010
0101111110010001000111011111100010110011001001101000111000000011
0010111101010100010001011011000011101101011110011001011111111000
0010100101101111001000101001010000001111111111101011010111100101
1000101110100110001001111100011010000100000011000110100110011011
1110101101101101000101111011010010110101011111111110100000111010
0100101100101001111111010011001010011000000100001001110011100100
0111010111110001101010101100100001001101000111110010110010100000
1001101001001100000010010010010100111010010001100001101110110110
1001100111000000100011100110001111011100101100101111110001100001
1010100001001000000000010110000100011001111111110010000111111010
0001011000010001101110011101000000001011010010000011011110101000
0011110011001100010010101111001110101010101010100010001000100000
1011000110101101110001001110100001010001011100011101011011000011
0000111011101110011101011101110111011000110001101011110011100010
1011100011001010111001011010001011011010011100000101001000101010
0101101001011100101010101011111010100001100001100110110001101010
