1111111010011101010111001111101000101101011010111111010001001010
1101010011110000111000001000100001000100010011010100111011010010
1111101010011010100110000010111101100011000001101011010111100000
1101010111001000011011010100001111000010101010010010011011010010
1000010110010110010111111000010010001010011110110011101011100010
0111000111100011010111001010000111011001011000001011100001011010
0101100100100000110011100010111111010111111010010100000011000010
0100001101100010110011010110001010111000011101011101100001100101
0000111111101100010000000000011111000100110101001010011001111111
0000010010110110111101101101011101011011100011101101101111010111
1001001100110001110111101000011001001100111001111010110111100110
1111101101111011000111000110001010001110011110111111110101110100
0000101000100000001110111011100010010101000100110101100100100011
1111000111001100110110011011011011001001011001001111001010110101
0000000111000101110000011100101110111101100000001110110100011001
0010000101101111100101111001011001001001100000110010000110101111
0000001001000011110100010011000010010111101001100101101100111111
1001001011101110001010111100110010011010111010010000101000011111
0000001111011100000010000010100111010111100101011110101010100010
0101111010110011111000110100011001011101001110100000100011000000
0011101011110011110111001101100001100111110000000000100111001011
1001011000110010000001010111011010000101000101101110011101000101
0101101000101111011110011000000101000100011101100111010100010011
1010100000000010000010011010100110111111100111001011101110110010
0111011011001100010001110111111001100111101011111000101010011011
0110110011010011001101010110001111101000110001110010001101111111
1111110010011100011100111011111000011000101000100111100011101010
0111001000011010111101110000001000010000101001011001011010001010
1110110101010011001101000101010111001111101000100101011101001111
0100010000101001000101111101001111011100001101010010010011110110
0110001011001101000101000110101010001001001010011000010011000001
0100110101010001101111011101000000000111111000110111011100011000
1100111000111000011100000110111110010000010110110110101010110110
0010100110101101110000001101001111101001000100010010101010101110
0111111011011100100101010101010111010010111110111101001100111111
0101101001001010010010110110001100011011111110110110011110110010
1100100111000011001110110110101001100011100101001101011001011101
0111111011101001111100010000011000001000111110001000101001010100
1010001001101111000101101110000111111100111100111010010010010001
1101010001001001101011010110110110101000101110101101101110011111
0111101000011110110100000110000100110001110010110110001110110000
0011100110000100101000101111001100100000001010010000011000011000
1101001010110000101000111111010001101011110100110010100011101101
0110110011100000011111001011101101011111101110110110111011001001
1111111110001000010110110000100000001110101111111001110011110010
1011011010101111010001111001001101110011111010001000101101010000
1001100001001000101101110100110111010100111111001001101111000111
1111010110010001000101011101000001110101111000011011000101111100
1011110001111000010100110001011000111011110001100111101000000001
1101101010001111111110101000000111110111100110100000001000101000
0010000001010101101100001110100010000001100010110011001010101100
1001010000010101100001010110000110001100101011110101000100110010
0000010100100011010001011101101110001001111010111011010011011010
0101111011000011110110010000011111010001111000101001010010001101
0011011100111011110110001110111000111110010111010000010101001001
0110001111111100011000011001000001010101100110000110100100100010
0000011010010001111000111000010010111011000101011010111111000000
1101010010000000000111101111110110101001110110000110100101101110
1001101000001100111010011111011101101110111111110011000000001000
0000011001100011010101010000011001100010111100100011011011011110
0001111101010010101010000100111100111100100110110110111000110011
1010100111000110110010010101110000010101011000010100011111000001
0111100011011011001000101001010001101100101100001111101110000100
0100110001000001100101000001000101011011110000011010011010010111
1111110011000101000100111100110100010000101000110001100001001100
1100111010000011010101110101010010111101000011100100111111001101
0010110100001100011111001111100000010011011100001110011011101100
1010001001101011001111110010101100101111011100101010001000111101
1111111101011010000110010101111011001110111100111001101100010001
0100100101010101000001001101010111111100001000000000101001001010
0000000011010000111000010000011011010101100101010000010111010011
0101000111010001111111000010100001110101100101010010100001100011
0010011000010111100110001011011100100101011101100010010110110001
1110000010110001011110111011010011001101100000011101011101110011
0101111010100011110001010110001110111111010100010100100100101000
1100000110100011100000110011101001101110100010101001010010011011
1010010110010001010101010110000011000100011011110101101100111110
1010101001101011111001001011101000011100011010100011111110111011
1010100001100110111000110011110010000000010011001000111101001000
0010100110100010000111011110001110110001100001100011010001001001
0100001001110110000111111001100010110000000010110110100101111001
0110111111100000001110010111001001010101110110001011011001011101
0000010110011011001011110010011000110100101001000111110100100001
