0000000101001001111001111000011101000010110000011001001110001101
1100011101011111001101110101101001101000100101110101011000001011
0101100010101100000000101011000101000101100001001101011010010111
1110000010100101111110000010001011001111110001110010110010101100
0101111001101011010011111100001001100010110000011101100111100100
1100111110010000000011011000101101011001110011011100011101010010
0100011110110010100100001100100100000010000000000000110000101101
1011111010001000011111111100111000101000001011110011100111010011
0111000011010000100100011111100111110110001000001100001101001111
0111100001110101111100100110001000010111101011000000110101101001
1010100011000100011011111101000001111101101101001100110000011101
1000010001101011011100111010111011111110001011111100011001110011
0010011100110000111101101001100100110111011101011110011000001001
0110010110010000010001001001100100111011100001111101110010111000
1110011011100100011011010001011010111100101010100010011000010100
1011001111111111001101010101011101001000011100100011010000101100
1001011111000011110001000000001111111011110111001010100110100101
0011110001100010111011100101111010000011000011101001000100110010
1100000111100111000001001001010111010001000101100111011100110100
1100010010110001100101100011100000010101100101101111010011011001
1101110110110001111101100110001001100110111000110010110100010000
1111110111010000000010110011010000011110111110100001011101111010
1110011111110110110110101000011100000111110000100100111101000001
0001111011100010000110010010101001000010100111111011111010000111
0001110011111000001101010010100100100011111110010011010101100010
1101101101101001011100110010001110000011110111011000110101010111
0111100000000000001000110010101110000111001010110110000000111011
1110101101000110110001011000111111001101100100111001111100111111
1101101101001101001010101000000001000101100110001111000001000110
0010010100011111011101010100001000001000100101100100110010100010
1010011011011100011001111111001110100000010100000111001110101100
0011000110111000010001110101110001101011010101111000101110111111
1010000001011111110101010111110011100100110100001000111001001010
1001101000010011100001110100000000000001011111101011111100101101
0100111110101111111001100101001010100000011000111010110001101101
1000000101101100000111010100001011010001011111001010111000001000
0011001101110101010010100101010000111011111110110010000011110000
1110111110101011011011110010110110011100000011011000001100100010
1110010000101000101001111100111110100011001000010011110001100100
1011011110100111101110001100111000000111010101010111101010010110
1100110000010101011101111100001111100011001010100001001000110100
1000110000011001101010100001001010101011000011011000010011000111
0010111010111100010000100000101111000100011110010001101011111011
1001100011001110101010111111111110001010000101010101010111011100
0101101010001110001100001100101101000001011001011001100111101011
0101001000101010101101111111101011100000011101110100011001100101
1101001100011001100110101010001011110111001111001011010010101000
0100010010001011110010010011101011110100010011011101100011000100
1101000110110110110011100010111000011001110110001000111111100010
0011110001011110010001010011111101111111111100111110110101111100
0000000001001011110011101100111110010011111010111111111011000111
0100101100100110111010101101100110010010001000011100100000010100
1010001100100101100001000001111011010101101100111110100001001011
0001110111111111011111111011001000111000011101100011010100101000
1011101111000011010001110110001001111110101111000010001100110110
0011011010010010110111100111010100000111000101011111101011110111
1011111111111100111001100000010000001101000100011110010110011011
