1010101010000111011101100101111110101010000110101010101111111010
1010110111110010101011101010011010111111100000110111110000111010
0100110110010101001000000000010011101111101111110010111110100000
1110010011000000010101110101100010100011111010001011110111011100
0110011101010101011010000000011000000101110011001010111010110001
0101010000100101100110001111001110000011001101010111001110100011
1011111101000111000101011010001000110110111110111100001000011101
0000110110101110001000011001001110000110011010000101110111101011
0101101000000101010010110101111011011010101001110000111000000111
1000001111000100110101011001111101011001011111000000011110011010
0011010000101011101111110000111001011101011010101001111000010100
1011100010000101111000010111110010011010010001110100101101011010
1100111110101000111011101001101010000011110110010011111010010110
1111000101100111110100111100110101001101011100010101010001100101
1010101110001011010000100011100110000001011111110010010100010000
0010111110011000111010010000101101001010111111001100101101001110
0101111011111110100000001011101101000001011110100000110111100010
0010011111000101011110011011110101000000101110011110000110111100
1111101111101001010001101110110000111000110100101110010110000011
0010011110111001110101101010011011110001011010101110111001111100
1010010010100111110011110101011110100001000001011011100011000000
1111101111100000011111001111010011001111011010110111100110111001
1011100001100001010111111011111011100000110011010101011010100001
0100010110111011001101001001101001100010010111011001100000010100
1110101101100101101001000011101100001101001111011010011111110010
1101100100101000010111100110110000001110111101111100111101001111
1100010010010110110010000110011010110111110000101100111011001001
1100100000000000001011100100100001000111000110111000111010010100
0010000100111111110111001101011000100011100010111111110111110000
1000001100101111010101001101000111111100000000110111011010000000
1010101011110100001110010110101010110000010100001111111000001011
1000001010101010111011010010011010110011010000000111111111110000
0001010011011100011011011110001010101101011101010011010101011101
0100110110011111001000000110000001111110000100101001110101101011
0111111001001111011010101000011101000100111101111110111010010110
1101101101001101001000100000000001010001001100010111010010111010
0000010001110110001111110101101010111101010000110010110110001100
1001000010010010100011001100101011100100010001110100111111000000
0111010100111111100010100110110000000010001110101110100011010000
1011001110101100101100100000101000010000001010010111101001010011
1000001100011011100010111011001010101000110010100010011100000010
1111101011110100100010111000111000011001000011100010011000101011
1100010000100100110100111000111101000100001010111000010111111010
0000010111111101101110111011111000100001001011101111010111000011
1011100000100100100101011000100011001111110111001111000111000100
0100111110101100000010011110000101110011101110100110001100100001
0011100011100100011100111001001001111000001110000110100011100101
0111000110000001110011000100110110001000100010010010100000001001
0110110000110000111010001111000011000010110010111010101011010000
1110001111110100000000101100010011000001011111000001001001110100
0000011100111011101110011110101111001011000011010000110010100111
1110110000110011011111001111110100111011001101011100010001001111
0001111001011001111010110001001010000000111011000000000101101111
1100000010000101001101011000101100011111110100100010011000011100
0000001001110110011110001000010101100011110111111100000111010110
0010111001110100011111010110011001100011110010101010101001000100
0000000101010011000100111001101110000001000110001100100000100011
1110101001010001000011001011011101011101011000011010111101001000
0111100000100011110110111101100010011111111000001011001001011101
1101000010101110110010000110101000100110001000000000111101000101
0010111111001011010100000000011001101101111110011001000001001111
0111011011110101010111001011100001000011000010111010110111001001
1100111001111101101101111010011100100000001010010110110001110001
1001001010100010101100111000000001111001111111010110010101100110
1000011011001001011010010111111111011010010001000010100010000101
1000000110101101110101110001000001001000101011001100101000000000
1100000101011001010100100001101011111001000100110000000111110010
1011111101010000011110101110001110101001100110100000100001101000
1011110100000101101011010110001011111100000110110000001111100011
1110010111001011011101000010101100100011000011000111101000001010
0110000001111110101001101001111010001010110011111101001011101010
1010101011101001100001000000010100100000000111111101011101001010
0111010010000100010101010000001001000000101111100001110110010111
0000011100001100100000000001111001100010000011010101100001101111
1101101110000000100000101011101011110101011111110100001010111000
1110100110010100011110011101110111010000001101001110101001111100
0100010011011110011110110001010100000001101110011110111100111001
0011011000100101000111010010110000000110110000010100101000001101
0001011100000101011110011101010101101011111100110000100001010110
1100011011100001010011010010001110000011011111111001001110011101
1111101000001101000100100111101111010110100100000011101100110101
1011010011011101010110000100010100100101101010111110111000100011
