1011101111001001101010001110010100101001111000010001101001000010
0000000110101110100100111111111101101011111001010001111011011001
0000111111010001100110000011001111111111000111101101011011000101
1011000110100111011010101000111001010000111111000100111100101011
0001110001111101100100011010001100001010100011001001101001100011
1101000100101010011000000101110101101001011110111110011110110010
0111000011011011001111100001001000011111000101100001100111101010
1101010010101101011111110111110010011000100001111100110110111100
0111100100010100000001001111000010010010000001000101110101010111
0000101100011101011001100110110010110011001100110010111110110110
1100001110110111000010110001001010001010011100010010011010110100
0101100110111000011101110000011100111010101100110101101010000011
1000101010000000001011111111011010001101110111010100000010000001
0100101000111011000111010110110001011001011110111001000111001000
0110001010110111001100100101100110111100000111000101110001000100
0100011001000101111011011010101011011101110000101110111011111000
0100100010000011101100111111111000011000001010000010001100011101
0010001000000001001001111101111111100101111000011101100110110100
0000110101010101001011111010011010001011110111110111101111101001
0001100100000100010111100101010101000100010001100000011010001000
0000100010101111010110011000111101101101010110010100000100001000
1001001010111110110000110011101000111001010110100110011110010110
1000111110111000101011000100001110010111110100010000001110000100
1011011110111101110100100101111100100110001101001000010101011111
0111110110110000010111110100010111011001011000000000010000111011
1111110100011001000001010100111011100000101010110101100000101010
0001011001110101010011001111101100001000100011111000000001011001
0000111100110010100101000100111001000010001000010101111100000000
1011001001001001111100101111101011101100000011111100000011111110
0111110010100010110111001000110001101010001111001110111101100011
0001101011010100010110010101011101110100100010101110001101111100
1101010010110101111100111011010110001110101111111001001111101100
0000001001101100111000011001011000101011001101000011011100111001
1011011010111111110010011111000010000111110010010011000000001100
1111110000111010011011010111110100110100100011001100010101110110
0111000110010000000011111110010100101001000001110101001101111111
1100110010011111011101110001011011000010000101111000001010010111
0000111001110001101010001010110011000111011001010001100110010101
0100011001111011111110010011111011101100101101100001011011110011
0000011000110101000000000101010001100010001011010111110000000001
0000111000000101010001010111111110011110111000011101001001010110
0010100000010101101001110001010100010110000011001110101111001101
0001001010011100100000001001110110101101110101010100111110111111
0101000001010101001010111000101111000010110011001001000011000111
1011000001001011001011101101110100111010010011010011100011111011
0010000000010000100111000001000101111011011011101011110010011011
1110001001101001001101111111001010101001000011110111001101011100
0110111011101001001001110100100100010101001110000111000111101101
0111111110010011110111000010100111010100011111110111001101011000
1001111010001100000101100101001011010101000000100100110111011011
1101011101010001111100101100000110011000111000010000111001100101
1000001101011110010101000110000011100000101011111001111010110101
0101111110010011110010100111010010011000111000111110100000110010
0111000101000111011101111101010110100111010001000000110110100010
0101110010101001100001111000100010010100101010100101100010000011
1111010010100100010111011001011001111101111001011100010100011101
1100000110111111001011011011001010101110101000011100101011010010
0110010101001101001001111100111010110001000110000011111110011100
0100100011011000011100111101111001001110110100111000011000100011
1100000101111001000110110010111000100101001000111100011010010000
0011001011110100110100010011001001110100101100100000010011100111
1010110000100110001000001111011101010100100000101100100101110001
0101101100011101101110011000101101110111111111101011110100001011
0001111101100111010001100110111110111101100101011111000010100100
1111111101010011111100110011110101110000110000110000000011100001
1101101001111101001101001101000100110011101001010010101101110000
0001000111000111110100011010011101011000100100011010001101111111
1111000100010011010100110001001001000110011110101101001011101001
1011011100101011000111011100100011001110000010111000000100010100
0001001110100010110010000011010010010110110011011110100101001110
0001110010101010100010111001101010110011100000111110100011111110
0110001000011110111001100011001101110111101111101011111110000110
0010100100010001011000110100010000110100110111011101111101010010
0111010001110011110100010010101000100001000011110010010011001110
0110100101010011011010111000001111001100011111011111000111100011
1010110100100001001010000101011100111101010101001101001111111010
0110011011110010110000111110000001100100001000010110100100010101
0010010111100100011011111001011010010100011000010011010110111111
1000100010011110111101001010111010101011010000000110111001101110
1000100100010111000001000001011010100010011001100011011101011101
1001110100101111111100000101100101110011101100101110101110000110
0010010111111010000001100111111000011001110000011110101111101110
1100100110111100101000111001000101001111011001111101100100101001
0111101101100000000000000101010011100101100110000100001000001001
0110001000011111001100110001001101101001100000111000100101010110
0100111101000101100101000100110001000101010000100111100100100100
0101011001001110101101111001010011111010011000111010011000111101
1000001001001100010010110001000101110000101001000100010011101101
0101110011111001000111101011001110111011001100110001101110111001
0000011000001111000001010000100111011100000100001010101100101011
1000100111010111111010111010000000010100100001011110101001000111
0100111001001100001011100110000110011101001000110010101010100101
1100001010110100010011010100010010110101101100010000010110110101
1111001000100101000111100011011110110110100010010001010100111000
0011000111000110001001101110101000110100111101110100100010110111
1010010101001111110010101011000010100110101101100000000101110111
