0110101011101101011111100010011000100101101011000110000010111110
1001011001111011111100011110101100001000001100010101000101110001
1110101110011001100111110000011110111111111001010111011110001010
1111100111111010101000110100010100100111010001001101011110101110
1110111010101111001110101011010110000001110011111111011101000110
0100011110010010011011001100001010001100110001100100110111001010
0111111000101101011110110100101101001110011000010001010001110110
1000110101001011000111101011101111111000000100100101111100101110
1100100010011100010010001000101011001100100101111100111111000100
1011000111101001111101001001110011011101111010111110111001101110
1001110100110100010110010101100110111000001100000100011110011110
0100111100100110110010010011010010000101111100110111111000011101
0010101110101100010011000110010111100100010000010001111000100110
0011100000011100101101110101000111010011000011111110010110000000
0011011000001101000001010100100111110111010110000101100101111000
1010001010001011001001101010000001100110100110100110110111111101
0010010101101110111111100011000101101110000110011110100100111100
1100010001111001101100110110111101100010001011110110111111000110
1100111000001011110110010011100100001111110011010010101001101000
0110111110110000101001100011001011000110101001111010000110001111
0111011000101101101011111000001110110111001001100111101101100101
1001011101000100000101011110011100111110101011001111011100100011
1111101100110010110101000110101010000000001101000001010001010001
0000111001110111010001100111110110000010011111011000101000011011
1011111110010111001010000000110100101100110011011001111011101101
0001011110100001111010111000010100101100101100111101111011010000
0101010011000000010011111010100000010010111001100110111110110010
1010111100111100111010101101111001001101000000010110111011011000
1010110001000011010100100001001010100101111010000011110010011010
0110101111110101001100001001111001001001100010000110100111101100
0101111000101010001100101001001111110010011011000110000010110110
1110010011111000000111011111010100100100000111111101111101000100
1011000010011001000010001100000100000101111011111101010101010110
1100101010001011111011011111010011010010101001001111010111000111
0101101111110111110001001100100111010101110110011100000011111111
0101111011100000011011001000110110010100100011101101000001000011
1110011100000111110011000111110110011101111011111001110100011000
0001111011110001011011000111111011110000100100001100011100010100
1111110001000010110011110011101001011011000110111111010111001101
0100010010010001001101001101000100110111100000001111101100001101
0000001010011001101011110111101110101010111010111101011001111101
0000111101100010111000000001111111011010111100100001110101100101
0101011100101110001101000110000000110001010010011101000110101000
0100000010001011011000110011110010100010001000000111111101000101
0110111100010001001101001100100110100101010001011110100011011000
1001110011011100111111101110010100010010010111000110100111010110
0110011000011111110110000000111100101100011100100001101101011110
1110000110011111100001101110011100100010010010000111001101100000
0100011010000011000111100110001001011000010111001011101101101101
1111000100100000011011101011101101010100100101001010110011000010
1101110100111011100100110100100000010111111111011111000111010011
1001111111011010100101011000000110000001010001100011100111010001
1101111110000101000000101000111111110101011000110111010100100000
0001000100101111110011000110010110011011110001110101101101111001
0010100111000001100001110011110000111101100110100111001110101001
1110111101110011100001010110011100010011011111100111010010000001
1101001111000000000001101111110011101111101110101111011101100101
0000011010101010010111011010010111101001011011111110110100011100
1001001011110101001010001100110100101101110101111010110000110110
1100100110110101001010100100011110010001100100100100000100001110
1101100010101000100010011101101100110111000010001010111110011101
1100000010000010110011100111101111111110000000111110100111110010
0001001011011101100000011110001001011100010001010100100010010001
0000000011001011110010000011011111010010001001101001101000110001
0101010001111111111101011011100100001001001100001111111000010111
0010000101111100010010100101000110111000101101101001000110110101
0100010011101000000010010011100100111000001001101011101110011110
1100010101000100001111100001110101100011001110011011000110011011
1111000111110000111011010101010000100100100000011001110011000010
0001111000110101111000011010011011000001110100111001000001101110
0011100111101101100001110011010011110010000011010011001100010010
1000010100000101010011011101100110110000100000110000011110110000
0100001111101010010001001001011000000101011100000011111110100011
1111100011111110100100001000100001001110000101011100111100100010
0110001100111000100000010001111110000001110011000001001111000000
0110010001011011010011000100111011111100100110110100110011001111
1011000110010000000000111100100101110000001100101000111110010101
1100011000111110001100011110010100000010000111110111111001111000
1000110011000110010011111010111100010110010011001000011010010011
0001010100100011101110111111100111001010111111101111110010011001
1100011000000101010101111101101100010010000101100000101000100111
1111100111010111010101110000111110100001001111001111110001111001
1001001101000111001101010011010101011011100010000111010011000110
0000011100011110010001001100001001011101000101101111000111000001
0111110111010001000111110111100100100001110010001000111101011011
1010001010000101010110100010100110100000000100110010100101000010
1000111111111010111110110010001100001000011001111110000111101010
1110110101110011001110001101110011010001100001001111110011101001
1111111100111000100110111011100111100010101101101100110010101111
0010100110001101111000001000101011100100110001101110110101111010
1110100111101000111001111011101001001001011010011011111101011100
1011101010011011010010110100001011110001000010111011101110011010
0111001100111110010110101000011001111011010010001100110011011101
1011101001101010110010101000100011000110101010000011001001001100
0010100011000010111011101001101000010010010101101110011111101111
0111100110110110011101001110101011111101001011110000001101100001
0010101010010100100111001100001010011010001001110111001111100111
0000101100110011101011001001010010111010000010010111001101001101
1101010100010100000100111110101100011110011111001000010111111010
1010001010111111101011011000000000011001001000010011100010110100
0100011010001000110010111001001101100001101100010110010001010010
1101011110110101001010011010000000000110000101100100011000100111
1010001110000011010111010110101100111101010100000110011011010001
1111100001111110001010100000110110100001110011110101110110011101
0000000111010000011011100110010111011101101011010111010100111011
0101011111100001100000101011101001010001011101110010100000100110
1010000101111110010110101110111001110110111001110010111001011111
0010010010101010100010111111000001000101010011110001101100111110
0001010110001011110001011100111000101001111110101010011111111110
1110010101010110011010010100111000111110001101101010000101110101
1111011110001100001100011010100001101010011001110001111010101111
0001100110110111110011001101100011010101010110100000000011001100
0111010000011110001011001010100001001101010000100100100100100110
1110011110111100001011111101101011001000000101111001110001010100
1100001011111100010111001011010111011101000000111010010111000101
1001000100011100111100011000111010110110010010001101111111000110
1111100011000110001100100011001001000000110101011110011100010101
1011011000110111001100011100001001111000110010011111001000010001
1110111111000000010001100111110110001101011010111101111001011001
1100011001100010001010110111000101101010000111000010000100001110
1111111001100010010000111100011110001010100011111111101110101010
0110010010010111010100000011010000101111000101001111000110111010
0111010010111000101011011000100000110111010100000100110000000010
1001010110100101011001110011100011000100001111011100011011100111
1101100000110000001011101100100111011001111011000111100100011110
0010011000111001100000100101001011101101101000011011101111111010
1001101100010001000101100101000100111100100010111000111100001100
0011101101001100110000000101110101001101111001010001001000011011
0101110110010000011110010100000100101111101011011000110111001110
1010101000101010011000001111111000101011101111001100001010001101
1110111100101101000010000101111011000100101011010010100001010011
0011010010110111111000111100111111000010100101110101001010110111
1110111100100110000001001110001110110011011000000011011101010000
1011001111011010011010100110011001100010000111000000010011101100
