1110001101011110100010000100110111110100001000111010001111011001
1101111101010000111000000101101100111100011100011100000110000110
1001011010011100111000000000101100111101111010100110011010101110
1110111000110011010100001000110101101100111011000001011110001011
1101010110111000000001101010000010011111110000101010111011001011
1111110010101100001111010101101001101101111001100101010010111101
1010011110010110000010001011010111101101010011001011101011101111
0000011100100100010011011011101111100111011000111111101001110000
1111010000010101100011011001010010010000110110101111100011000101
0011000000011100001110011011100101110111010001000010100001111100
1100111011010110011011000000110100011000100011000110011100110001
1001100000110011011000011000011000101010111101110101011000011101
1100011100010110010001001001110011000001011000000101001011100100
0001000101110111100000001101111001000011000110110101101000010110
0001101111101010011011000010110100001010000011110100101000000001
0111000001111011100011000100101111011111010110001010101101100010
0001010011011011101000110001110101000111011111110110100001101001
1101111000000111110110000110111100111010100110111110000100001111
1110001110100000100010101110111010001100010100010101101111111000
1000111001000110111011111001100100011110011001000110011011110100
0110110110001111111010110101111010100100110111100001001011001010
0111101000010100001001000111010100111100100001011101010010100100
1001101111101000010111100110111011001111111101111101001100010011
1100101101100001101011001111110010111001011011010010111000101011
0111011111100000111000100110010110011010110011110011110100101100
1011010001101001101011110110110001101000011110100001100100000010
1100100001000111100011101011001100100010110001101110101001100001
1001101001101100111000010101001001000100101001101101001000011010
1001011001010000100111101010101101111110110111100010100000111101
0000100010111001101000110110010001010101111010011111110111010110
0110011011100001001111000101011110011110111111101110101011000000
1110110100101001110000101000100001101111111010101011010101111011
1111001000110011101000110001101000011001111100010100101110011100
0100111001011100000101110100110101100011010011011010110101000111
0111101001110001001001110011011011011101110101101001111111111011
0010100000010010110010110101001100111101100111100101010111010010
0101110100110110000001001100111001110011110011111010111001110010
0011111100000001011010010011100111101001111000011010000111001101
1110000011101010000010111111111101010111110111001010001101110000
0011011101010101011010000101011110110000011101010100111110101010
0110100100010001000000011101000011100001100000010110011101001001
0001011000000001101100000010111001100011100111110100110101101000
1100011010001110000010100100000010000100000010110010000111000111
0110011010001111101100101110110001101100100101011000001101001011
0100000011001110001100011001001111101000001000111010111111110011
0010001110100001110000000011011011011101001001000010000010011110
1000011011001101100101001001000110010010110001001001101011111011
1101101010000000000001101010101001111000001001010000101011011011
0010000010001101000111100001111101001000101111011101000001011010
1100111111001101110011001010111101010100100100001001111111100011
1100011111111101100000100100101100000111011000101000100100111110
1100100011001101001100101000100101111111100100101010011011000001
1111000100101011001111001011100000011001001001001010111010101000
1111001111000010100101110001101110100000100001100111011011010111
1110010110110100011111000111001100000000110000100011000000111110
0000100000001100000010101010101000010000111111101110110011010001
0011010000111010010110100111000100000010111110100111111100101011
1110110001001100001001011101111000110011010101100110001100100100
0011110101111100010011110001111100001110011100111111010101101111
0010101110100111001110111100110000000100111100011001110011111010
1101000110100000001001011011000100010001100000011111100010101101
1110110001111011001010001111011011100111010110111011011000101111
0000010101010011011001010100100101110000111010000100101111010111
1010010111111000101000000110111001000011110101011011100001101011
0100111110011011100101111000001000000011110001101011000100111001
1011111010011101101111110111101000001101000101011100001010110000
0000010001011100100010101000100111111110101101011100001010111100
1011100101010000011110101111110001101101100100010010100000010010
0010111110001001011100111101111010011101001010000110110000001110
1111011100111001101011011111001111101011000101100000001011001011
0101101111100101011100110110010110100000110100111000001111011001
1010111110101100000010110110100011010000001100000111110010001001
0100010011101101100111010101100100011011011001101100000110011111
1000101001100101111011001011110010101101100000001101000111111010
0000011001011101011111100000100000001101100000100101111000011001
0001100110110100011010011101000101100011001100100001111010110011
1010100111111111110000111011111100101110011001111001000101011010
0010101000011110101000100111001000110110110101001001100101001111
1100101101101101111010101011101110010100001100010110000001110011
0110001010110000010111000111110111110110111110110011000000110101
1101011111001110001101000010000100110001111010011111010001000001
1000100110111000010011010100011000011010111001011101101010101010
1110010010010011101101100110011000101011100111110100010110010111
1000001000011110011000100100011011011110100101010010110111010000
0111010110111100110000100001010001000110101010010000011111001101
0010011111001111111111101000000011010101001001100111010011011000
0011111001101001110101100010110101010011110100000110000011100010
0010001110100100111011111011011100000100000111101100010010011100
1011101001010000100101001110011011100010010111101110110011010101
0100001111111111101100101100101110111110111110111100100100101110
1111111001101111111000101000011110001011000100011000011010100001
1010010111001001100101100011101011010010010110001100010101001000
0111001010111100001111010001111010110111010011111110010000011110
0100101101011001001010011010001111001011111100111001001000010111
0110100001011111001011101110011000100100001001011011001100001001
0101100101011000110111100101100001101101001100010101110011011110
0000101001010011101001111000111000111111010011001100101001101011
1010101000010100110011001110001001101010010010111101111011010100
0000010001100100101001000000101001010111011001100101001111010001
1000111001000110001000000001111111101010110110010101100100110011
1000001011110001001011100000100101101110001110101100100110101010
0100000010011000011010101001010010011101101100110101101101001101
1111101110001011001111000101101101001100110111101101111110110111
1110101100010100001011000011000000110111010100001011101110010110
1100000101001101011101111011001110000010110110100111001111000100
0101111001011110010010000111111010000101101011111000100110100011
0101000010111000010101001010101111010110001100011001111100111111
0000001011111110100010000000101110110101101011100000111101010001
0010110101100010001000101000010001010100001010011010011000000010
1101001110011101111101110001001010101000111110101010010000100001
0100011000111011100000111001101111101101001000101000011100010001
0101101001100100000011110111100011010010110010101000110101110010
1101100000001100110010101100111110010011011011010000011001010010
0111010010000011011100001000010010001000101011011010101000111000
1101101011110001101000000110100000111100010101010010111110111001
0111110110010011101111010110101000001011111110011001101110111111
0001001000010100010000001010101010010010011111101100100101101010
1000001110100100000111110110010011111000011101000111110001010000
0001001110001011000001010110101110011100011111000101111010011100
1100010100111011001001111100110000001011111100101010011111010000
1110100111101011001000001001111011100010111100110110111100001100
1000110001001000100110000000100111110100111011101100111011101010
1110110110110011000101010101001001011001010100100010010111011110
0001011100010111000001100100111110111010110010110100010101011010
0011101111011011001101110001101100100100000101001101110100001010
1110100001000010001001101100110000000000000110000011001110000011
0011001111101011011011001011001111100001101001011111110101010110
0010010000000001111001110000111010001001100100011001101011101110
0111000100100011111101101100100111111100010001011110010100010001
1111110000011010011111111010010110110011111001011110110001011101
0000111111101001001001001000011000001100110100111001100110110110
0001010100001010110010110010101000100100111111011010100100010011
0010110110010100001010010000000111001101011011100110101100011101
0100011110000101001010010011000111000101110100001100110001011110
1100111001011000001000000101010010001011010111001000001010101001
0100110110001001000111011001110001010010000101000000000101101000
0111001110011101000101011110010100100110010001001100001110010110
0011100100111111000000001111100100000001011001110000100011111011
0100110010111100111010110010001010111111011001111100000001100100
0110100001010010100010010011011100010000010110000010101100101101
0010000110100001000100101111101000101100000000011001100101001110
0000011110001010010101000001100001000010100011100110100100001110
0110101010010100000010001010010111111100111100101011111111000010
