0101111101110110101000010111111011000001110100101111010000110110
0010000100110011110111100011010100001010011110110011000010111101
1110111001100100010100110000111000100010011000101101001000100111
0101000100010110000010100011101100111001001011111100100101100011
0000001100001000111000110000011110010100010110101101001000100010
1100110010000000100001001000110010110001101000010100000011010111
1101010101000010011000011000011101011110100111010111111001010111
1011011111110010100110010101101001011100110100111001011110100010
1001001011101110011110101100100110010101001110000000000010011010
1010110011100110011101000101001101010100011110101010111010011110
1010001001101111111000101000110010000111100110001100101111110110
1000110110011001011111010110111010111110010111111111001010110000
1101110110000100001001111001010011001001110100110010110011101000
1110111111011111100110100000110110001010110011100000000101011101
1000010011100100110000010110001011000011001101000101011100011001
0111110011011010001111110100011110000101110001111100101011001000
1111000111111001001111011001101110111110011010010110110011101101
1101000100111101011010011001000110010100001110101111010101110010
1110010111001011101101100011110010001111010101110101110000110110
1101101111000111010001011000011101010111000011100110111010010111
0111101001011110100001000001000000011111110100110101011101111101
0101001101110110110101001100111010101111100110110001110100111101
1011100010111100001100001101111101110111110000110100010110111110
0011101101000111101001100000001011000111100111101111100000011111
1100101001011010110100011011110000001110010011011010010010111011
1001111000011010110101100111001001110101001100101000101000110001
0001000111100101111011101000100100000011110100101010001001000110
1001110000111100000110011110100001000000011110111001100111100101
0000110000010011110001000100111000110010101011001101110111101111
0110100111000001010111001100001010010100100001100000101011000100
0100101100000101000011101100001111101101000101010110110010000001
1011101110001101101000111110100000011001110010110100001100101011
0110110000010000111110111100101011001001010101010000110010111110
1100100011001111011101010110100000011010001011010111110010000000
1010101111010010110010001001110110000001101110111101001000011010
0100011010101000100001100100010111111100011001010010011101111111
0001101100111001001100011100110000111110100011001110101010110011
1010110000000000000000000100101001100100111110010100101000100111
0001111001100110000001001100111100101010101100100010110110000001
1110110001011001100101011111000010011000011001111101011111000001
0110010000110010011101001101101100110101111100000100000101001100
1010010111100100001110010001101011010000010101110001101000000010
0100001010001000100111101110101110011011110001100011101000001000
1100110010100110001001001101001000101011111110110100011011101110
0001011101101101010100010000010010101111111100001101001001011111
0111000110101011100101001010110010000110101000111100011010100010
0101011101011101101111111000001001001011111000010101011010111001
1001011111101001110111100100001010010010110111001010111010011011
1001111001011110100011001001011111000110110010011011011011100011
0011101011111111010011101110001101010001110101001000111000101111
0110100100011101110001101110011011010011100101000100111010111110
1101111111110000110011010110110111101010111110001001101111010110
1110001110011100100011110101000010110101110100011000111000101001
1010111111011100100001000010111010001111111110100001111100100100
0110110010101011000111000000000011011111110000010010001101001111
1001110110101000001101100100010011101001011000100010100100100011
1100100001101110010111011000101011000011000001101001000100011100
0000101011000000011101111011001001010000100011110101110111010010
1100001110100001110001011110100110111100110110111101011010111000
0110101001000100010010101001101011010111111010110000111010111000
1000001100011100111100000000000000101000001001101010000101111001
0100101000010011000011010010111001110000010001000011111011011000
0001101101100001101000100011111010010111011011010101101001011001
0010010100000111101100110111010001111000101001011100101101000111
0111010101100110100011111101001101101010011010000101110101011111
0001110101000111010100110000101100001010010000110001010100101100
1111011000110000100110110100010010101011011101010011010010001100
0101010101110101000100000110010101111101111001011001110000010000
0010011001001110001011001000101011101010101011111101101001010101
0010100011011111010010010010110100101111000110011011001010000011
1010100101001111011100001111101010100101010010001011110001100000
0001000000111110110000010010001101111110101111100101000110100000
0000100111111011001010101011110000100111000010000111101110101101
1100001110100000110000110000011000110011000010110101110100011011
1010101000111001010000010110000100100000000111011010100011101001
0001110100110000111100111100101100100111011000001000010100100011
1101011110001010111010100001000100101000011100011100110110110000
0000010100110100010111001000001111011011001000101001101111010101
1000110100111111100001011001011011001010100100100100000100001110
0001100101000010101000110010011111100000100000111000111101010100
0011011011101001001010010100001111000001011110101001110001000011
1001010011100001001101011111100101110100111101000001101011110010
1010101101010110100001100111000100101101010000010110101111101001
1010100111010010101001110111101101110100011110001001000101010101
0010000001000001010011101100101101101011101011000111100001011010
0101111010111100011101010100101011011010000101000111111011011100
0011000111111000100110000000011101010101010010000111011001100000
1000101111000000110100101000101010001010000010101011110101100011
1001111100000111100001000110011010010110111111000000101010011110
1111100011111111000100100010000011010000011101011111010011110110
0010101100011110010000110111100010000001100011000101001111010000
0111111101110001000011011111101111101001110000000100011011111001
1111101100001001111101010011001101011001010000110011101101010010
1111100100000010010000010100000110011011010000110111001111100111
1001111000010011001111011110110000111001001000010110101110010010
0100111001111000010010000000110100101011101111100011101100010010
0011110100000011100010010101010010110010111111110101000101110111
0011000110000110000111000100110010100110110010101110001111110110
1111010100010000100101110100100101010010111111001001001111001010
0000100111001010001011000100011011111011111000101111110110101110
1010111010101011100111110001000110100001100000101101000000111001
1001000000011001011101110101101110101000101101111010001110100010
1101010000100111101100110010011110000101011101001000100101010101
0111101100111101011011010010000101001010010110111100101101110100
1000110101011001101111100101111101001001010111111110010111100010
0110001100101001010101010110110101000101110011011111001000111100
0000001001100111000000010110001101010001101000000100000111000111
0111000110010101101100010000010100011010001010000100010101011000
1111011000011110010011011100011111111110101000100100001010110111
1100110100111000000010011110000011110101110000101001100000110010
0000011101110001101110001101100011000110100010011100100110011110
1011100011001010001101101000111011110001010011111110010110010101
0111100101000010001010101111101010111100011110011010111110111110
1011000001110101100110110101001110100000010010010001000101101101
1000000001001101011100010011000000101110100111000110100110101111
1110010111010110010100101110011011110111101000101011110001010100
1010100100110110000101101100010100101101111000100110001001000100
0000111100011110001100111111101110011010100110011010011100011010
1101111000111110001000111011001010111101010100100111000001100111
1011101000011001110000110001000111001010001111001100010010101101
1001001110101111011100000011111011100000011010101111010000111100
0101110010010100111011010000010110100000111010011100000110011011
1101001010101111000000100111010111110011011101001000111101001010
1110111101100110111010011110101110000100101000011011010001110001
1000100001110100001100101111010111111110011011100111111011100111
0001100001000000001010010110011110011001111001111110101111101110
1010010000110001100100110111001111100001111101001001100000010010
1000110101001111101000001100100011001100011001010010011000000000
1101100000101001100000100010011100100000100111100001100110011011
1010001100110101001110101101010111001111110101111011110111100010
0000111010100000110100010001000101010100000111110001101110110101
0001110001101100100111110000100010110110011100001001001001011010
1000111101010000110010100111001111110110101101000100100000001011
0010110011011101110010010100001111100011110100001101111001111011
1100110001101010110100110010010000001111001100000010100110010101
0001110111110110010011110110101111100100111100110101111011110001
1010001100000000001100101101110011111110111100101111101101011110
0101100100010100010101100100100100111111011000101100011111110111
0101101110101100000011111000001000100101101100001101100101111111
1110010110010110000101111000111100010101101000100001001101111111
1011100011010100010010100001000001000001011101001111010011000110
0011011000101101000001010111011010100110100111110000100100110101
0001000001000101010100000100111100010010010100000101100011011101
0010000010101000101111111111001011010110111001110110111101000101
0000011000111011111111000001011100110000011001101111100010100010
1101101000110001100011101001101010110100001010110001101111111010
0100100011101001110001001010011001011010010110000010001001000110
1000101100000011101101100101110011101101010100011101110100011010
0111000101000101101011100000100000111011010111011001011110010101
0101001010001001001000001000110010101101001110011101011100100110
