0111000001110110101010100100111101010101010001101000110001010111
1010111101100011110101000000101101011101001101110010111001000011
1100111100011000100111010101101010101011100101101010001110010001
0011110011111101010100000000101001110011010001111111101001010110
0010101011100001110111111111100000100000010000010010111100000100
1000111011110101001011100010011001111110101111001000111101010111
1010001110010110110000100001000111110110001111100001100011010010
0000000110001011100100001110100101011110100100010110111111111110
1101010100101100110011100100110010010011111010111010000100111011
1000011011100110001100101001000100100110110101000101101001011000
0011111100110100010111101011010111110000101100001110111110101000
0001101000000100101110001001101101011001100111110010001111000111
1101010001100011011100000010010000101100110100110000000000000111
0010010100111011011001100111110110110010101010110011100010010100
1011000110011010110100000001100101000011111111110000010111010011
0011101100010010110100000011001001001011010000111010011101101000
1110010010111100111111101001100110101101001111100011100011010101
1000001100101011100110111101110100010001011010001100110000011111
0111001100101111110101010101001110011000000111110110010000111111
1110011100101111000100010011000000101010010111001001110110110111
1110011000011101100111101110001000111001110100000111001001001111
1110010101100011110010111101100101000001111111000001111101100111
1101111111101010000000111101111100010000010111000111100000000001
1010001110100000010000011000101011011001010110010001110101110101
1001100101111110000100100110010110010001111000001010111000001000
1111100010010001101011000010101010011101010010000111000110111110
1011100110001110110111101100101000011011110100011000101001000010
0001011010000101010010000101001100011000111001100110110101111000
1111000110101011100101000101000100000111001011011110011111110110
1011001110010111110111000001100010010000101011010110100101000001
1010001000001001000010100000011001011110110101000011101000110011
0011001110100101000111010100110010110010110001111100001100000100
1001111100001101000111010100011101000011001001111111111000100000
0001001000101111001100111111011000010011001111110011000101010100
0011011010011011001000110100011000001011110001011100111000110000
1011100101111101011101100101011110100011110110000111000100101000
1101011111111110010101011110010101101111101101111101110010101101
1111010111111010011101100011101101111010110011000101011010001001
1100000011010101101011010011110111011001000010100110110100101000
0000111010110100000000000011010001001101101011011100010111110101
1100100001001100100000110101101111010100100100001010100010101000
0110011111010011101000011000111101001101100011111110001011100100
0011000110001101101010001000001100100001001000111000000111010110
1000101011100101011110000111001100111101100001011111001000111011
0000101011000011110111101010101001101111000011101000000010100000
1011000101101111100101101011011101000000000101101100011111101110
1011011100001110010100100101100110100000110101101010011001111111
0101000010101110110000111101111011101111110110111111000110000011
0101100101110110111110011111111100111111010100000101000001011011
1000100101111101100111010011011110011101011000000011110111011101
0101001000100111010110100110101100001011111111101110100111110011
1111001111010001110110011101000100001111111000100101011001001101
1011111111101111101101110000110110010100001011001101110011101101
0001000010101101010011110111100110001110101001111010100011000111
0110101110010010000100001000100000010101100100011101010101001011
1110010111010011010110010100101000000101101101001011100110010110
1101101101100011111000101100010111010101000110101001110110100000
0011000011010000101111111110000011110011111111001110101001111111
0111011110111001110101100101110110110001011001100110100001010011
1110000010100001100110110001001101111010011001100011000100011100
0000011111000011101011001000001010110010011111100101100011111110
0011001011100001101100101000001110100110100111010010110110011000
1000101111001001101110100110001011000100110110110010000101100010
0110100101001000101000000100001110100101001110110001011011011001
0101101110010111101011100100011110110011010010010111101111001010
0101100111100110010100100001011001001010101101001110011000000010
0010000001011111110101100110000000000011010111011001111010111111
1000011011111111011011100100111001011011100110011001111111111100
1000000000111001011010110101100001010000101111110100100011010100
