0110101110010010101000111101110110010111010001010110110011001011
0100100101100000110010011111011111001110110001000100100111100100
1000010001100111101001001001000111001000111011110110011010100111
0100000010010110010101111101011111011001000010011011000010010000
0101000110010110000010110001101011001010111111100011110000001001
1011011101100010111001100011001100000100111111110001100100001100
0111110010101110110011010011110100010001110000101001010000100100
1110011010000110011101001011111011101110001000011110010100010010
0010101000100010010011101001000001110010011110011010110101101100
0110110100010001000001011010011110000111000000001000111001101000
1110100110010110101101001101100110101011100111111010011110100111
0001000000110000101111000111100001101101100001110011001010100000
1001011100011000001001010011110111110110010101001110111001011110
0001110111101110001100000100011001110101111001001011110010100010
0001001100011101001000111010010001001101101000011010110001010001
0011110110111101001101011011001100011001011001001010101011100110
1001010101010000111001010111000110101100111001110010000000100000
1001011010000010110110011010111100100100110101011000000001011111
0111111100000111011101011011111000100100100000000000111110100110
0100010011111000110110001001110110010111010110100101001001011101
1011011001010110111110110011001110100110010100011111110110000000
1001100111101001100111110110000100010000100110000100001111001111
0111100001011111000001011100000101011001101110000110101011110110
0111111011000111011110000010101100100111000001000100111100000011
1111010010111011001011000101101100001101110000000110111010001110
0000100101100000101000011011111110101001011010101011001101100001
0111100111000100100110100101000101001110000000110011011111101001
0100111001111111100101000111001010011111101001011101010111101111
0010000010100101100111100000000100110100010110111000101001000110
0010101100001110111011010110001101101101111101000010110011011010
1110100010110101110011100001011011110110001000011101000001110111
0000010110010100110001001001111111101111001010011011100110011100
0000010100011101110100011100110110000011001001101011010001011000
0011111011110111001010111010100100110110100100011000111010101110
1110101010111010111101001101101001001010011000101010110000000111
1100000111010110011000100100100010011110101100001100011000100011
1110101010001000101000100001101010111111110010011110111001000011
1110010110101000110110101011100110010101000111011001101110001001
0110110100001101101100000000001100100001110001010111011010010111
1100010011100101001101100000011011001011110011000001001001011111
1110110010010010011101011001011011100101001111110011000000001010
0100110010011011100001100000001111001010000111101011011001001010
0010000010101101001110011011001011001000011000000011010111101011
1100011100101010001001110010010110011010000101110000000001000001
1000010010100011010100101100100101101011110110111010010011110101
1000001010000001111000001010100110010101010101011110000000001111
0111001011101110101001011011110100011010100001010011001001100001
0110011001011011111101010110001110111010111100101100010101010000
1011101001000001100000001000110001010001110101111111110111101011
1110001010011000111111011110110111000111111010011100011100110001
0011111011100000011010011011111000101100000101000010101010001110
1011011011111101010100100100000111010011001011110101111110000011
0100111010001100011001101000011010001111101110010111001101111111
1011001011101000111010001100000000100110001010011010110011101000
1010101100111100110100101111101110110111001011000111110010001110
0111111001001111101000100101000010100011010101100111001100110100
1101011100000101011100000001111100011110010111001001110101101100
0101000110111111100011010100011100111110010101000011010111101100
0110000100111011010000000111011011011100001110101011001110011110
