0110001001000010110011001111110100011111001000010011111111011100
1110111000010100010011101001011011001101010111100010100001010110
0101000011011011001110000101011001100000001001000110001100110010
0111101011100110000100010010101001010001100110001100001101011010
0110011111001111100011111101100101011100010011000011111110011101
0101100001001011010100100001001010110100010111011100100001001011
1001010001001011111011111101111011001001010011001010100001111001
0011011111101111110010110000101110000111110001110100110110101110
1100111101011101100101011111001010000100101000100001000010101110
0101011011010101110011110110010001100011001101100110000010111011
0001001111011010001100101111001001111101111100100100111101010011
0101010100001011011110111000111101111011000011100101010011010011
0000101010011111001100011000010001110111000001000001101110111010
1110110011000001101100100010010101010110111011110011101100101111
0011111110010110010011100110100101001111011000011001000100001010
1000110001111011000110011110110110100100110110110010100100010110
1001101110100110111110100110101101011100010100000000101100001111
0101101110000000101011100111010110110010101110110110101001111001
0100100101001011100111000101000001011100001110010110011111111000
0110011110110000001001001000101011011010010100000110101010101101
1101101111101011110000000010110001110010010111101111111111000000
0111010111001110100101011011000001011001101011111101100011100011
0101110011111001001010110100101110110011110001011100101111011111
0110111111110100100010100110000100101000111000000100111000011011
1001110101101001011101110101100100000110011101011011010111111101
1011001011110010011111000010110011010001010000110101010000101111
0110101110110010001000111101110000110100110101100100101011011110
0101110100010000110111010111010111111000101010100111111000001100
1111100000011011000111001101001000101011010101000111101101101110
0101111011010111111101110001011100010001010011111111111010011100
1101111100101011000110110110010000011111110000000011111000011001
0100110111000111100100100001001111110101010000011010100100001110
1110110001000100111001001001111110010010011000000100010000000100
1110000100101100101111100111100111000101110100100000100101111000
0100100000111101011110010010111000011010100000111001100001110111
1010000100101100010110000100011001111001101110001011000011001110
0100001000111010100010100000110011011111110101110100000110101010
1010011110001001111011110111101110000011010000011011110110110110
0110011100101111111010000111000010101010100011010010110000011111
1001011101001111100010000111001101110100100011100100000011111000
0111010000110101011110111000111101111011110110100101010101111000
1000011100010010000000001111110010011011111111111110100110011001
1110010011011010000110001100111100010100001101001010010001110011
0010100110000011000110100011111110010110011001001110000110110100
1110111001000110110000111111101100000011011010000100110100100100
0101101001110010100010010111000110111011010101100101110101110010
1011010011011111011001101001111001101011110011011010011101100001
0100111001011100100110011001000001100110001110011101101011100111
0110110111011101100011100010111110101010110111000001101111010010
1000100101010100101110111111100010001010000011110001000100001011
1001001011111100111000011101100110111110110000100111000011100011
0100101010001100001101100010010000010101000000010000110100011000
0001101010100001011101010001011010011100011001100101000000001010
0110011010001010101101100100110111101101100000101111101010100000
0111101001100100101110010111011100011101100010010101010100101001
0101100000111100011111100011010001101111000001111001111000010011
0111011110101010010000000100111011011110010101101000000110101100
0010100100100011101101000110011101111011100010101000101101111101
1010000010010010010100110101011000110100101011101000011111011010
1010101110101101111100011111000111100111111011101000111111011011
1110111100010010101000101110011101111100110110100111101111110110
1001001111000101011000001011101101111011101001101101010110100010
0111100111101001100101110111111010011000000011110101101100110011
1100010010000010011010011100010011001111111010010011001100110100
1010101011100011100001110100110011011001110110110001001000000001
0011100101000001001010110101111001100100110001001011111111000101
0011001110100111010001110100101110001111001000001110000100001101
0100001010000000011101000010010001100011010100110101100100111011
1000101001001100001101111010001001101101010000001111000001000001
0111110100001111000011001101011110100110010000101101010101110111
1000100000011001010110101001011001111110110110100011011001001101
0000001001010010010100001100101010111100110101101111010110010111
0001110001011100010000111101011001011101100111110011110111111101
0100100111101000111111100000101100100000000110001100011010110000
