1110001101000011011000111100001100111110011111110001111010000000
0110001010010100000010111100000011101010000111001100100101100111
1111101000001010000001001101101110100000111110001001010010110010
0000001010001111110001101001110001001000100110100100110101001110
0001100110010110011000110101001101100101101010001101001100101111
0000110011001010110000000000110000000100111111001111000101101010
1100001010010010000111000101101000010010011001000110010001000110
1000010011100111100111011110101011100011101111001110111001111011
0100110010001111100110001111010111010011101001110101010011000110
0010000001001100000011011110111001010111100110111101111101100010
0100100101110111100110101001011100110011110011010101001011010111
0000101011110111010110010010100011010100100010001110111000100011
1111011100000100100010111011101101110101011010010110110010000110
0100100111111001001010010111011110111001000110110101000100111010
0001001001001100101111111011010011100010000011101100101101000111
1100000011010110101111111010011000000100010100010010101110111110
1001101111100011011001100010100100100101011101000001110111001101
0011101101011010110101011100001011110001010010101010110010101001
1010110011101111010100110100100000100111001110001101101010010001
1110101000100111111000000100100001110110111010100000101010001010
1011101001001000011101111010101110001000010100011000110100101001
1100011100100001111010111111110110001100111000110100010111110100
0101101001011011010110011010000101100000000001100001111011110011
0011100011110101011011111111110000100111001101110011011001110111
0111100010011010100000010001101100100111100110000000010000101100
0001100000110110001110101110100101000101101010001010001101000100
0111001100001011001000101101111011100000000110011100000111100000
1000111001100001011110001101000000000010010010000011111000000011
0111101111111010111100111001010111100101101101100111001111001011
0001111100010010011101010100001010011000111000110011000100001110
0111111010011100101001110001000010000101010101000101101000111010
0001011001010111110100000101001100011100001100110111010101110111
1110000001001111000000010000000101101100011110110100100111100001
0001011100101100111100100010101010100111001111101001100110110101
0000111001001100011111110010101010010110100101000010101001110011
1010101000101101001110000101110010010011001011110001111001101111
0010000010100100101101110000100111000100110011100110101001011010
0101000001011010010110001011000110101100001010001011101101101000
0110000011010011011110011100010101101011100000111001011000110101
1110111110000101011111000001110100101010001111110010101000001101
1011011101000000010111010000000100011101101111001001110010111110
0001100101001011000111101010100011100110001110110110110011110001
0110010001011010101000000000110111011010111001100011110101001110
1011101011110011001100011110110000101110101100000110110000110111
0010011101101111110111101100110101010001011101000011000110110010
0010001111101110111100101011001110111111010101110110011101000111
1001100100110100001111110010011111111110000101001110100010101111
0100011100000100110100101110111111011111011011111111111111010110
1010111011111110011100110100000010010000010100010011000011100101
1110000100111011101101110001100010100111010011101011111100111101
1001001011100111011010001000111110000011011001000110101110001001
0011001111010111100100111101001100101110111000010100101001001010
1000100100110100110100100101111001010010111010101011010111010101
1011110011010110110011001010010001100001100001011010010001001110
0101010101110001111101010100100110010100101101101100000101100100
1001110011001111011110111110001100010010001101011010101010011110
1010110110010011101100010011000101010101110110000001000110110000
0011010111000110011010001100011000010011111001111101001011010001
0110100000011011101100011100110010110110001110100010100110101101
0000100010010001100001111100000111100111110110010000011011010001
1000100111010110101110101000111011011000101001011110010011000101
0111001001101001000001011001010101001010011100101110101001000000
1101010110001110011011100110100010011000010000011000110000000100
1111010000000110100001110110110101000011101101101100101111101000
0001000010000110101111111001001100000010001101011111111010111010
0101100000010110010110001011000011101011010000010010001000111111
0101101111100101000110011001011011100011001101100000110010001100
0111101110110100100111110101100000100011101111011101011000010101
0001000100110001011000100111010000111011101010011000111101110000
0000100100001111010110001100101011100111110000000101001111001100
1111001101100101010110011100101010001000111011010110100101001111
1000001000101010011101000000110010100100011001010110001000010010
1011000111111001111111101101000010000100101011100010110010100001
1101101100110110011110110011001011011011111011110001010111000001
1100011101000111001010100011000010100101011010100110001010101111
0001010111001101101111101110111000001110100101010101011011011101
1111100110001001001010110010000000110110101000111001110101000101
0011001100100000011001001100000011000101111110101010101000110000
1011011100111010111111011100001101010101101101000110111001001010
0101000101010011111101110101100011010010001111000100000101100010
0010010000001000111011001110001110000110111100011111000111101011
1010011000011111011100100001111000001011001110110001111000111110
1100011101010101111110111101101011010001011111000111111010010101
1011100000000001011100101111101111111110100010100101111011001001
1010000101111011000001000011001010000011001010001001001100010000
1111110011000101011101101000100101000100000111100111111011101001
0101011111110110001001101001111000011001000111111110000101111101
1011010101001111110000010100111111111110000011111100110011000101
1010111110110110111111010000110100011001010110001010010100110000
1100010110000101011110010011101000111011011010101100000001011010
0101101101100001010011001110001011001010101110011011010000010010
0101001000110011000110100111001011010110010010101101001000100011
1100100001100100001001001010111000001010101111100010000001110111
0011111101110100111110011001101101100011001010010001111000010111
0001101001111101101100001000001110011001011100000000010011110101
0101101110001000101100111100100100011101110111111010000100011000
1110101011000101101001110111110100110101110000111011100010100101
0011010101010000011000110011111101011001100001000001010001001111
0100000111111010110100101100110001110110111001010000000100100111
1011000011101111110001001110111111000010001110111000100000010101
1101010001011101010011110110010000111110000101111000101111000011
1001111011111110000101100111010011101111011000010101101100101100
0101010111000010010000101001011000111100010001111110101111010010
1011000101000110111110000100110001001001010011000100000010110000
0100001000010001101011011011100110001000010010010101001010001101
1011000111001111110011000110110011111100011101000000111001110010
0101111011101010101101101111000010001010111010011111000111100010
1001000000001111101110111010011010100011100001011100110000100000
0011111101001110011111100110001110010001011100111001010100110000
0001100000110000001000000001001110111010100110011010000100000100
0011101101010000010010101100001010110111001001000110101110010101
1110011000000100010111011010011001001101111111001010100111011101
0110010000100100000110111100111011100100011110001111111110000011
1001110110001000011110010001010100001100110000011010000100001110
0001010111010001101110010101010011011110001001010101011001110010
1011110001011011001000100110010110011100000111110011010100001010
0100110101011110001100000100001001111000101101101110001001010100
0111110101111010100110011011011010001000111000111011000011101110
0010110111101110110001010010001100111100111101101101001011110011
1011111101011001011101110101001100101100001110110101010010110001
0100011110101000111101000111000111111101111100010001010100011011
1100100010100100010101110100010001100010001100111111100111000100
1000110001111111001111010010000100010111010110110000111001000010
