1101101010110011111101011100101001000000111111000111101101010100
0111001011001101001111111110011010010011011111001100100001100100
1000100000000101110001100101100110000001010001101010111011000100
0001000100101100101100011111110101111000001011001011010100000110
0101100001000110001010001101100001110011101101011111011001101101
1101111110000001100000001001010001101010100001011001000100110101
0010011101110001010111110001110010011100110111001000010101110111
0110110001101011101000011100101100111111101010110111000000000111
0111110110010000101000010100001111110010001100000000010001101010
1011011010110010000100010010111000001001100011000010011100011111
1110011111010010001101110110111110000000111110111100110100000110
1101011011100100100011100000101110101010111001100001100000100101
1010111101000100001101111100001111110001100100111001001011010110
0101110011010011000111100101110111100110000001100110111010111011
0000110010000111101111010000010101000011111100110110100000010010
1010111000010010000011001110010100111011011011101000100011110111
0111110100100010000001111000001001110111110100011111000101100110
1110000011110101000101010010110000011011010000011001111110110010
0110101111110101110110010101010100011010011110011100010011001110
0010010011001111100001011011111110011010010101011101111111101011
1011010111010101110100101000101111111111101100110010011000111111
1011001011101100011110100010100111100111010011110100111000000001
0101111110101100011001111111101111010101101110100110111011110010
0100111110000110110000111000110101011101110111110011011100001010
1110111100000101110011111110010011000110101010100101100101101010
0111110011101111101111000101110111101001011011111001000111010001
0100100110101101000000011100001001101101011001011011001100101101
1011001100010101110010110101101000110101111110000010011001000000
1010101101000000010011111111101001000111111011011100011111101010
0101111010001001110011001000110010000110001111110101100000110000
1110101000101111011010110100010110100100010001110000011011010110
1101011110010110010110110110000110110110010100101110010000110110
0010111011000010101101110001001110111110101010110000101110111100
0111000110010010111010110000110010010010100010001101110110110101
0110101010011101001011100010110011000110011110101010100111000001
1001011010111011101001101001001010101001011100001110010111101001
0101010011110111000110101001011010001000110011001101000011011111
1111001110101011000000111100010100000011100100101110100100010001
0110010100011111111000010101011110010000110010010000000000010111
0100000101001001010100110101001011001000010010011100010001100111
1000101011001000001110001001001010110101100100111101011110110110
1101010111110010100011111010110011000101100111010011010101010101
0000101010111101110110001111100001110100001010010110000100001010
1111101111001001000101101001110010110000101010100000110011110001
0010001010101011001010100010100011000010101011101011110000110111
1010100000010001001100010000000111100100000111011010001000111000
0110111100110000010101101000001110000001100100110011010111011001
1100101000000101010111001010100011000100010001100100010111001011
0000010110000000000100001101001000000101001101111100010001101001
1100111100100010000101111011100011101111101010011000100100000111
1011110010110111011001110111101000000010110001110001011011011001
1101011000101111001101010010001100100111000000111110001001010100
0010110100110001001110010001111010000000110111101001101101010100
0110010011110110110011001100000100010110001101110110110000001111
1101111011101010010111010101100111111010011011001011110001110111
0011100001110111101111111111001000000100110100111010111010100101
1111001110010110001001011011000110011001001001111011001011011000
0010100000100011011000010110001101100011110001111111000110101010
0100000000100000111101111100011011011010011011000001100100110110
0010110010011000100000011101001011100110111100000100101110001011
1000110111101000110001111011001110010000011111101100101101000111
0001111111000000101011111101000011111001011011101110001011100000
