0000100011100000011011000000100110110011000010011100011100011011
1001101101011000101111110011111111000101000011000000011011000100
1010111001100101000010110001001001100100001101100011110101110111
1000111111101110010010001011100101100100110010101110110000010000
1001000100001100100011010000011100010101110001110111010110010111
0001100110011011011110010111100011101000100001001010011010101100
1011000101011100100100111010111001100110111100001010000011110010
0001101011011010111000101001111101100101011100100011001100010001
0011100101101101011000000101011010111110010011001000010101001110
0010011111110110101010000010001100101000101010010001011001110100
0010111111011000100001011111011010000011001110001101110001000001
1101100101111100010110101001010101111011001100010110110010110101
0100111110000100001001010001100001110100111000101101000111011111
0110010101011010000110101001000101101010101010101110100010001011
0101011011100110110111010000010111011100111100110101011001111101
1000100110011000101010000000001001111110011010001011001100010111
1110100110101101110011111111100110110011001101001111111001010111
0101111110101011001100100000110000011101110100010100011001110001
1101111111000101100100101110011100011111010111001111111011000111
1001100101111010110001000101010110111111001100101000101110010011
1010111100101010000101011111010110011101001000010011001011010111
1001110011110110111101001001111101101101001101100110101001011011
0001100000000100101110001111010011000110101110011011011010100110
0110111110111011100101100001100111011010111001010100010111111111
1110100011000011101110011101100011010110110000000010110010001000
1011000011100110011011101111010011110010010000000111110101100101
0110011011010101101110001101100100011110100010110000010100011101
1100101111010100011100010101100000011101111110101010001001101001
1010110111011011001100001110000010010010001101110100001000110111
1000000000110010110110000101011000011000001010101100111100100001
0111001001110010101111011110000111110010111001001011111011010101
0100101010011010101111101100110100010100101100101111101011101110
0111111111100011000100000010001100100110010011000010001010110111
1100001101100111101000110011010011000111110011011001100011101011
0001011110111010000101110110110101001010101000000010011011000100
1001111111010100001110001010000111000000101011010111000011000100
0100001000010000101101110101100100111010111011110011011011111101
1110110101101011001011111110110000110010100111100111111000000001
0100110101101001010000110010111000001110101000001011011101110001
1001010001001100101011110111000101101111010000000011111011100111
0000011100010010110101011101100101110011100100101001001100000000
0110010110010010111111010001001001110011100011100001111111110001
0111001010100011000100001111000111000011011101010011100001000011
1010101011111011111110010100010000111110110111100111111101101101
1000001101100111111110111111100000001111011111000111010111001000
1101011011000111010010111011000110110111101011011011000101001111
0000101011100010101110101000010001000110011010010110010011001011
1110010000110000011110100010101001110101000000110111101010110001
1100000111101010000001011111111011100101101001111001100110101010
0101011001111000101101111101100001000010000011101010100101011011
1010111001101000010110011010101100010010010100110110110101011101
1010011010010000010111010000011111110101111000101111110011011100
0111111101100001010000100100010000000010011010110011110000100100
0011010010010101110000001111100000101111000100011110110101101111
1010010110011101101100011001101000000110101001100010111111101000
0010110001010101001000110101001111010001011000111000010100000001
1111111110101000001011011000101101001110010000110000010011000000
1111100011100100111111100000011011110001111011001101001101100011
0011101011001100110000010100110000111001001000100011010011101111
1011100010000011100010110000111101001100000010101000101001001000
0111100100101100100110010101011101001000111100010111111111111011
1001001000011111110010110000011010101000101011011011101000001011
1110010101101000010100111100100001000111110010001110010101111111
1100011100001000100111110010000100111010010111000010010100000111
