0010101101111101100111000001000010001101101111001010100110001111
0110111100011101110010011110101000000101111111110000110001111100
1000000000000110011000110001000101011101111100111111110010110110
1011100100110100001101101110011011000111001000001001010000100001
1111000001000010000010100110011111001011011101011111000101001100
0111011000011100100001000110001010010100110000101110110111001110
0111010000111000000011111101001111101110111111010111011000011000
1011000111111001100001101100010010110001101011100001010111101001
0001001000100111010010001000010011011001001011100101011101010000
1010111110111100011000101110100000000101011100000100101000001110
1110110100101110000100111110010001000110000010101010100101011011
1001110100101000001101010110000110101101010101110010000110000100
0111101110010010101011000011110011010011100011100001001100100100
0011001110010110011011001011111000100000111011000100000111000011
1001101100000000110000000011111000101110011110000111100010110110
1111101101101101110100010100111100101110101111001100001111100010
1111100111100000000101001010011100000001111001011101111110100111
0011110111101011010000100000011101001011111011001100000011111101
0010011111110001000101111111010110101100100010000100111010011110
1011000000000011010101001001101010000111010110101011110101001110
0111001101011110001101110001111101011111101101110101100101000001
1001111000011000110111101100000011100100011011010111000101000101
1111100001101010101110111000111001101100001001011001101001111001
0101001110010101101011111111011111101011010101011110111111110110
1010101110010011001001001110100001110101100111101100000000010100
1000111100100101101010010000001111110101101100110100111110110100
1100101110101110101101101110001010101000011010111010110001111110
1111011011111001101001100111101010001010111100011000111011001100
0010001111101011111111100100101100100110110111111101001011110000
1100111010010101110101111001011100011000110110001100001011101000
0110100110111101001100100001101110101001000110010110000111100111
1000011010110101110110111100110110000000100010101101110111100101
1111011101100001000011001001001011000111101101001100010000010100
0101010100101001100111101000011100111111101011111001010011110111
0111100000110101011101111001110010101110001011111011010011011011
0011101001001111101110001111000010100001000011110101110011110001
0101110100100001011101011011100110010111011100100101110010110110
1010001101100010100100000111101101101000011001001110100101110001
1111010010111101011100000000011010010000100101001000110100011101
0110010100011001110110100111000101111110110101110110101110011110
0010010010010100010101111100010100110110101100101000111001110110
0110010001000111000001110100000101001010001110101100011001100100
0101000111000010111010100010000110111001110101000101100101100101
1110001111010001010110110000000011111011111101010111110011101001
0010000100010001100100011100011010011000011011000001100001100110
1101100110000111100010001111010000111010101100100110001011011101
1111111000101100000010010010011100001001000111111101001100101001
1001111000001110100101110101001011000010100001101000110101101111
1111110110010101100011101101101111101101001011010010101110010011
0001100100011001100011000011000011100111001001001001001101000100
0110100100001000101000001010100111011001110010100101111101110110
1100000100010001001101111111100101010100011111110100101100111011
0000001001100101101010000011011100111010010111100011100010000010
0001111010010110111100000100000101001001111010010000100100101101
0010110001100011111001110011110100011010011000111111011010011110
0101010001000101111100010001000101001111111101100100001001010111
0000100000011101110111011001101111111001011111100101000100101011
1101010100110000100000000000110001100000100101000101011101001110
0001010110111000001100111101010011101100101000000101101011111011
0011010111110100101111001011110100001101110110011100111110100111
0110001100111010110010110010011100111000010110101010001000000000
0111110110000010010000111111001000011101100111111011110000111110
1000101110101000000100000010110101011111110100111101001110010110
1000001001000011011101001010111011000011101010001101000110110010
0110000011110010111001010010001011010111110010101011110110010000
1001111000011100110011000111010011100000110000010000000100100101
0111001001000111111110011100011110111001100110101100011100101001
1101100100011001110100100110001000101110001001001011101001000010
0100001101110000000011001111010100011011000100001011100000111000
0101010010110010000100011111110110010111011010011111101101011011
1011010010110010001001110110011101111011111001101000100111100010
1111001010110110010000010110100011010111101001010111100101000010
0100011001110111011010010000010111011101011100111111110110101100
1111100101100001101111010010100010011110011101001010010111100000
1101010000111001111111110001010011111101001110010010001111011101
1010101110011111010010001000000101001001111111101000111110101001
0101111100001100010010110111111011010111100101010110101111111001
0011000001001101010011010001011111010000000111000111001001110111
1111100110000100100110001011011010110010000111010010110000010011
1111110101111000001010000100010011000011101110000111100001001111
0010000010001100000000011111101001101100101010001010100100110011
0100110101100100111000100010011100001001010011001010111110100001
1100110001010111001101001100010000100001011011010001001110100101
1010111010001000110111101101101100010011000001111011001000101001
1110000000101001101110111001010100110001110010000011100001001111
0100000110010100100111111100001000000111110110001001100110100101
0110101000000101001110110101111001110111100111111001010011000111
0000110001101000111011110001001000111001010111011110010010110110
1110110010000100010011001010101111100110111010100000100101101110
0101111100000001000110001010111010110010100111001001010000111001
1001011110101101110011001001010011110111110110011001011110100001
0111111100100011111101011100011100010111100001111000111110010001
1011000110101001001011101111110100111111010110111000010101001011
0100110111011000111000101010001001011100100010100111100110011100
1100100100100101101011001011101001011011011011111011111110011110
1010110100010100101111011001011111110101101001101100011011000010
0110110111001100001000101000101010000110100010010100011001000110
0100100101010111100010010110110100000101010001101000111001010100
1011100000110011011001011111101011110000001110001001111101111010
0101100000011010010111101001011101011100101111100011111101011100
0111111010011011010101100010101000100110111001111010000101100111
1000100101011000010111000111110111100000001001100101010110111111
1100000101111100101001101001100011100010010110011111001101100001
0100111110110110110000011111011111101111101110011101101001010001
1001000110110100101100101000000100010111001010010010011010100001
0100001101001011001110000011001110111001111000000000101100110110
0001101011010010010011011101011111000001010100110010000111101111
