1101011001110011000000110001111001100010101010110100011100110110
1011010011011010001101011011000000100111000011101001011000101111
1101100001011110000010101111001111011000101111100001011001111101
1010110000011101000001000010100001110000110101111000101010111111
0111000110110001100101001101100001110101101100110100110111011100
1000001000010100111010100111000000100000110110011011100110101001
1101000010010011001011000010100111001111001001111110101110011001
1110010011011111111100110110101011010010010110011011110010110010
0001101011010011110011100010101111110000001001111010100000100000
0110101000101101100101001011110010100111100001000010000111010001
0110101101000001010000011100001001011000101101011011111011110011
1011001111010000100100000001111101010000001110011100110001010000
0011101110100010001010010000011101100010010000010100110111111001
1110010101100001001010000010010100111011101110100100100000111111
0000100111100100100101111110111011101011000010111111110001100100
1111011011001101110001101100011001101100001010000010100110010011
0010100101010101101101111100101000111100110110001101110110111111
1010000111110010010110011111100110110110011000010010100101101110
0110011011111110011000010001010100100111100101000101001100010001
0011010111111000011100000001000111010011001001000011101101100110
0000000110011100000000110100000100100110110100000101000010011001
0010011111000110001001111100111110000011101111001100000101010000
1110001110101001101111010110010100000101011110110110010011011000
0011100000110000101001100010000001000111111001110000101110110101
1100101111011111000101110001101000100111010011100010110011111010
0010001100000011000101011011111100011011000001110100111011001010
0111010001100001111011000101111011011000110000011011001101101001
0010000100000001110111110000110101100000001000101010000101111001
1010101111000011101001101101010011001110111001000011010011001111
1101101110111100000110010010110101001000011001000010001001110101
1000111100010100001110001100110001111011000010101001000110010001
0100011101011000000100101100110011111000011100001011010001111110
1110101111010000101111001001000100011100001000010011100011110001
0110000001110010101101011000010011001001001001010011100101011010
0111010110111000001110110111101010100111111111001010001011111110
0111111110011111010111101110100011000011001011000011010101001010
0101111010001000011100001100100001010011100011001110101100010100
0100110000001100111011100010010010011011010011100001011010010010
0101110100001110100000010101000110100011100111000010100001011010
0110011101001101110100110001100010010001111111001001010111111111
1111101000001001000010001010101100110001000110001010101001111001
1011011011000011000110000101111000101100000110001001100000001111
0010111100000010000111010000001010010011111110010000000111101110
0110010000000111111010001110011110111011100110111110011110010111
1011010111010111101111101110110010101100100000001011011111101110
1111000010100000100111100101111001001110110011111011011011100011
1101001101111000011010010101100100111111000000101010100100000000
1111010001100001111011101110110101111110101101001100101000100011
1000110000100100001101101101000000111110001011100011010000010011
0000000110001110011011010111011011011010110111000101110001000001
0000011110000000101101111111100100100011001111001100111010011011
1101100101100011100101111000000110001001100010011000000010011100
1110000110010111100000111000111000101100111111011100010010101001
0111101110000001000010011100011010111111101001010000101011011000
0111110000001100100110001011111111110101101011011101011011110101
0111101000101000100101001111001100011010100010110101100110001110
1000100100100101101001110011011101100100000000001011011100100100
1110011001011110010000101101100010100110001111111001101111111100
0100010100011010100101111010000101010000010100110000111100100010
1111000000000111100000110011010011010011110111010010100111100101
1000011010010111101111010110010100011010001111011010100101000110
0100000000110000000101001101010110100010001110100000011100101001
0100111010000010001010000100000100001101100011100111010000111110
0010011111100101110001111010101111011001001001101010010101110000
1100011000010110010100110010111111110001101100001110010101101111
0101001010011010111010100101000011001010100010000010011000101001
1110000101100100101111100101101010000111000011101011011100011010
1010010000111000100010110010011100001111111110000100100100100110
0010110100010110111000011110111010011010100011010111100000101010
1010000111001010011101100000101101010010011110010111001011000001
0111000100001011111101010001001101001010010010110001010000100111
0011001110011111100110100100100100111010111010110100111110010110
0000001111011010010101100111100000011001011011110000100001000111
0010111010000010000110010010000000101110111100010010110011101011
0111110001001010011100000101011010111010011001010101101111110000
0010010101111011010100000001100000000111111000011110100111101101
0000111101001100011011001011111001010010101101101011110010101110
1110100100010111100111011011001111111011010111010001111000001010
0010111101111001110000011111101111111100001101000101100000110100
1010001101010100010101001110111110010001011011000010101000001010
0001000010101110000010001100111001110000010110101010100111001111
1000111001011000001011110000011111100101100111010111010111011001
1010110100111110110011000110000111110000111011010011100010110010
0011010000111001101100001111000000000000111010110101111101010010
1001010001011011100110000101000100111001010110010110000100111001
1011100110010011010011001010001000010010110110101110010110110010
1011010100100111101111110000110001101100010010101111111000111101
1001011110100100111001101101111000010001110001001110001000001101
1001100110010110011000110011010111000100011100011000001001110100
0011111110011011111110101000011001000001101010011000100000000101
1110101101000000010000111000000000110111001000111101000110011110
1111010100011010101000000001100101010110000001100100101001101001
0001011101010111011010110101100101010011110110001111010100000000
0111101010101111011101101100110011100110111010110010000001101111
0000111011011100110010000011011010100011111101011110101101110001
0110011011111101011111101100011010101010001100110010001011110101
1011101010011010101011010110110000101001000101101001000000100101
1001100101110010011101101111111001001111010110101101001001011001
0001001010100101011010011110001000101111111000100101100111110011
0100010101000000000111000001000101000000111001101011000011001101
1100110101110110001100001101001101010100001001011000101010000100
1011100100110100001111000010001101001011010100100110010111110011
1111000100110011110100101110111111110011111100100111111110011000
1001111011110001100111010111000001001001010000101110011100011010
1100111100100110000111100100101010010111011111001011101010110111
1110100001001001101110111101011110011101101010111110001100111110
1101100100000110011110100011011001001111000001000100001101000010
1101110110000001101011000011011010001000111011110001111001111011
1101000110000001100010010011110110101101101100010110111111000100
1101110010000100111011010000101010010001001100010011000010010111
1101001010101100111111101000000110001100011001111000101101010000
0011101001111000100111000001001011101101000100011010010010100010
1001011100101001111011101101000100110001001101101000101111000110
0010110001101000111011000000011101000011010010101100101011101101
0001001010100010010001111011011101101000000000100010001001101010
1010000100011100001100010011010100000010010110011111110110010000
1101110010100010111001111101011111001010111111010001111000001001
0000000101000011010111011111110101010010010110100111100000110010
0101111101110110100001000101110011011110110010101010100010000101
0010110001010000110110011110000010111000011011011010001100001111
1101111110000000101101000110011111010110101110100100000001101000
1000001101110011110111101110011100110001111100101011111110000011
0000101101010100101110001110101111110011100100111110101111010111
0001011010100000101100011010111100001001111000101101010110011111
0000010010011110010011101110000110111101100011101101100100111111
0000000111100100001110100100101110110111101110001010100000100010
0001010110111111100001110111001010111010100000101000101111100000
1100101001101101110101101100010001011110110110101101100000110010
1000010110111000101011011010100000111001110010001111010010111100
0010100010011010100001011011101010110100110100101001110010001111
0100000110110101011011111110010010011000001101000111111001010100
0010111111110011011100011000100101100111111001010011000000110011
0001011000000011110001101010101001001101110000100000101010100101
0101101000001010110000100000101011110001001011011101001000000111
