0000011111111111110110111101011000000000100111110110001001011001
1100111001011001100000110111111000111110101101100010100110111010
1110011101100001111100000111100011101010101011111101101001100011
0010111001000001010100001011110010111111100011100010110100010110
1010110001011011110100100010001000101100110100000110011110110101
0011111001111111000100101000101101001011111100001011101110110101
1000010110010000011101111100110011101010011000110001111010101010
0100111101111110000001110101000101111101110101110010011110101111
1010001001010111010000000001001000111010101111001111000010001010
0101100100001001000100101111001100111001101110001100101101011110
1000011000111100101110101011001001110101110000000111110111000010
1101011110011110010000111010111111111111000011111101010111101101
1000011111101001101111110010101101111110110010110000101101001000
0010101101111001111001101111101100100101010001111010000101110111
1011001001011111111101110010011000100111111010010011000100101110
0011100111000001100010100000010011001111011000101110100010110000
1011110000011111011011010010001011000110000011100000010101101110
1101111010111110001110011100000100111000010110011010000100101011
0001001001010100001111101000010011001010100100010101101001100001
0010010111010011001101010101000101100111100101110110010101111100
1000111010110111010111011010010100010011101100000000001100010110
1001110001000001110010011010111000111010110110010001110010100010
1001101010101100111101010011111111010000000011000101001000000110
1001111010011100001000010001101101010111111011011110111111111100
0000101000001101111100000011000011110100011000010000111001100000
0000010110100000000011101111010010110100100110111110001000110101
0011000011111010000110111011011000110101000100011010001110011001
1011000111111110111101010001010001001111000001000001101111011101
0100000001011000100011011111000100110101010110000011011010010011
1001000000001001100101000111011000110001000110101011110101111110
1110010011011000001011011011010101010001110010000000001010000111
0001100000111000101110111110110101110101110101110000110001001001
0001000010011101000001000110101110010010001001110011001111111010
1011100000111000100110111010011000110010000010110101000100101100
0100101100001000001101011100111011101001110011101000011001101001
1000110011110010011000001001111001110101110100011010000001001101
0010010000001110110100111000011111010111011010100101110010100100
0101100110100101011011001010001011100111101001101100100010010001
1110110100010110000010101000110111001010001110001100111101000011
1101111010011100011110010000111111101001000001001101010000100111
1111011011110000100011101000100110111111010100110100111010100100
0110101011000000011100100010000111000010011111110000110100001101
1010101001111011111010111010101000111000000101111001011000110110
1010000101100100011000101001000001001011001101101101101101100111
0001100101110101100101101011111011001110011111011011001010110010
1000111010001011110100000101100110101010110011011011110100001010
1101000110011100100011001001001010111011101000110110000110001000
0010111011100001100111111111011110101101111000010011100111101101
1011110000000111111011110110001101001111100111010110001101001111
1010100010001011101001000111001101110110111100111101110001011001
0000111110010110100110001011101101001010100011010010011100101001
0101000101011001000101011011010001010011111110010110010111110000
1001000110010001110001110001101111111011111100010100110011001100
0001010111110101111100011000110001010001110111001001010000111010
0001011011110000011111010010100110111101011000011000000111101101
1100011110001011000001000001111011010101110100100010101110100011
0011101001110101100110000011100000010111110101000001101010011110
1001110000101101100010011101100100011000011000101010001110110101
1011110111000101010011101100000010001101111001100101110100011011
0100100101001001000101011110101001000101100010001011100011110001
1010010011011011010010001110100110111101010000000000111000111000
1111101101110000101110100011011000110110110111001010010110010000
0110011101010100011001101000011101001100101000001000010011101111
0001010000000000100010011000101100001010110111011000110000100000
0101111101011100000110110010000101100110000011011001100010011101
0111000000100010010100100101010100110111011010001010111101110110
1010011010111101000101001010101000000011101110100001110000100110
1111000011100101011110010100011111001111010010110111101100011010
1001011010100101011101111000111111011011010101101000010100100000
0110101010011110110011100110111000011111001111111011001010010010
0010000100011100001000000100000110001111100010010101001100101001
1010101110100011010110100111010001010010111001100111001111010101
1101101100011011000101110111100010000111010111111010111010001111
1110011100110011011101001000110011001000011111110011011111101110
0110100001111100101000100010010110101000001110101000111100000101
1110000001111000100100001101101010111101011100010011000000111001
1001000000100100110011101110111100111010101100000000001111100111
0010001110100001000001110111011001100000011010000100111101010001
1010010010110110110001100010011001100111001111011000000110111100
0011010001011010100011111011001000001111000000011000010000101010
1001110011010110101100101110101001110110100000101111110111101001
1101111111010011111000011000111001010011000010101000100000111010
0011111111011101101111010111000000111110001010110100011111011000
0001001110111101000111111101111001110001001110011111001110011100
0101011110001001010110101001010000111101111001100111001000001100
1010101100011011100110010101111011110111101001110110001010101111
0011010011100001011001010110001001110111010110000000010100110000
0110001101011111001101100111011111110000001000010110000101000111
1100001001110010000001101000100011101011001110100101000001001011
1101001001000110111011011011010110110110100101100110000001100011
1110110000001100111101011110010001101001111110101100110000101000
1011110110001101111011001010111011100100001011101010011011000000
0100010111110110001011101001011011011011000101101001111101101001
1101000100111111010001111001000010100110101110011101100100001000
0000010000111101101110101010100001111101101010000010001111011100
1010110000001110111100110100101100101000011100000001111100110000
0111001011111000011010110100011000001101000011001101101010000000
1110101001110001010000011001110110111001111101101111001010001000
0110111110000000000011001101100100001100011110110100001010110000
0001010001100000101101110100110100010001110010000100101100111100
1010000110001011000101101011110001001011010011100100100001001101
1111010100101101010010011100111000111010011010011000100000101111
1001110000011110111110111100000011101110101101001110001111110111
1110100101101111100110101110011101100110110000111100100101110011
1011000100100010110000101011001111011000110001101001101000001111
1100110011011111110011110110010110111110100000111100010011000010
0110101101100001011101001010000010110001001100011010000011011111
1011111111100111100001000101111110100001110011111000100010111111
0111110010100110001001010111011010011100010111111011111110111101
1010110100111011111101110111000100010110011111011010111111110011
0011111001001101111001010001011101110000101000000101010111110001
1101110101110001110100100001111010001000100011011010100001100001
0000011000101011111111101010111100000010011001111001001100010101
1100010111011101011010011100001111010010001011111010100100000111
1000111010010110111110100100111110011111001001101001011001011111
1000011111010101110111101010001011000110000011101111010000000110
0101001011101001111111000110110001101101000101010100001001000111
1100101000101111100100001001111010010001001110111000011011000100
