1011011011101010101111110001001010000011011111100010010011010000
0010010010101010011010110010101001010010111001100010101110000110
1110110000010101100101010111000110011010110001001000111101010100
0011111110001001001100001011000110000111011111110010001111011010
0110000011001111000100111111010010110010110111100011110110001010
1000011000011000011100000100111110101001110000110010000100111100
1011101000011001010100000001011111111011010000011010110001000010
1000110010100001000111011000000100111110001110001000100110001101
1101110000000111000011011011111110000000011011100001010001011000
1001011000010011001011011110011101111011010000010100100000001010
1011110110101010110110111100110011101110100110010011011000101101
0100000111111101110100011011001111110101001000011000001001000011
0001101000000100110000011100000101101001011010101011100101101111
0110110111001010011110100100010100111110111111001110000100001100
1010110100000110000111001001111100011000000111101101110100100001
1111111100101011111100011111110010110111010110100000111111101100
1010101010010000101111101110000011011001111000101100001011111001
0000110010010100010100110111100001100010010000011100011110000001
1110000001100111011011110110010100101101000111100101101101010001
0011001110111010111111010101000010011011011000001011000011100111
0111111110011011010110100000110110000100010110010101101010110100
1011000100000100100011111000101010001010111010110001110100101111
1111011111100101100101001101101100011011000100001100010010100101
0010010111001001110111100111001001100100100101010010001010110000
1111111011001100010100001011001011000111001100110010010000101101
1010010111111011001100111111011000011000111010111000101001110101
0000011010011111100001100001111000110111010101101110001011001000
0111111110111100001111111001010000001000111001011010001000011100
0110110101001110111001100100101100011001011101000111001101000100
1111001011001001101001011011011001000001101001110101111110100010
1001100100101000101101011111101001000100101000010011001000100111
0011011001110010010101111101011010100001111101101011111010100001
0011001011110010101111001111100110111001110001000010001101110100
1000000011111000010000000111001010001111101101010110111101010011
1100010010011000001100000010100110000001001101011011111001010100
1010000101011101101000010010010001011111100010011010000001010101
1101001111110000000011010101110111100110011111011000100010101111
0111011010000110101110001000110110110001011001011110000001000100
0010110010100111111010000010011000010010010101100111011111000011
1001001100011100100100000101110011110001100000110101001100001001
1101010001011001100100110101111110100111001101001111001110010010
0110100100110110001010111111011011000011011011111101000001100110
1111011001001110110110011110100011001110110111100001101110011101
1000101110110000001100110100110001000001111011001101111000110101
