1000111110101000111010110010001001111100101110000011000011011001
0110100111000101100111001000001111110110000101001000100100101111
0010000101010111000001100011001010111110111001101010111110010101
1001010000010001011011011111001000111101111111101110111110111011
0010100111000100000110111111011100111100101001010000010111001001
1000110110010001001111110000101001011111101101100100110000111001
1011000100101111101010100001010110100111001101100010110101100100
0010110111000010010000110010011011110001011100100100111010010000
1011101010010010111010001100111110100011110001010010100111001001
0111101010011011110110111100110101011101100100111000110000101001
0010000111110011010101101000010001100101010010010101110000111110
1001000011101011111111011011101000010000101111101111110110110000
1100011101111100110111011010111101100101111101010100011010010001
1000100100100101101110110101001001111101111100101001011011110101
1110101101000110000110100100111101000111110100100010101111000010
0000001101010111000010010000010010010011011101001111100110010111
1011101011000110011110110101110001011101010010101101011010110101
0001001100110000100001000110001010111011111010111000000101000011
1010001000001011110100010100101001011010010000000101110000000111
0101111011010010010010010101010101101011000110110110100110111110
1011100000011011011101011001110110100001010101001000110101100000
0101100101010001010111011100111101100001111010110101010111110001
0010110010111110100110000000111000110000111110101011010010000100
1010000110101001100000011100111011111010010111110110100110000010
1111101100001000011011110100101010110000010010010000011000111101
0000100000100100011011111000011011110001111110001110001111001100
1000010011001100100000000010111010110000110101110011001010000011
0110111001110101010000001110111111111111100001001010100011000100
0011101000001001110100001110110010000110111011101110011111100000
1101100111101111000010011000010001011011110101111010101111100100
1101100001111101001111011010011100110010010100000001111011101110
1101010100101000100001100000010001111010001110000101111010110001
0101000001100110101001101011011110000111011011100000000100000110
1101110110111010001110111110100110111011110110000110011100110110
1100001111111110110111000110000100111010010001011001110000101101
0100111100010001101011001010111111010101011011001101101101001010
0111000111111001100010110100000010111110011111111011011110001011
0011100010010010010001111000100101000000010101000100000100000000
0010110111011000000100100111101001001011110101010110011011011110
0111010101110011111101101001111111010010110101010101010001000011
0011011110001000001100010110101000001100000000000000001110100010
1110010110101101101001110101111000000111101011101100000110100111
0111010001010000110111110001101111110101111010001111100000000010
0001100011000000010001011001101010010011011110000011000100001111
1000100000010111111110010100100010001111001011110110010011111000
1010000000010011110010000100010001010101001000000110100111111010
1101010001010001000110101101110101101011001100101001011000111000
0101000011011100000110111010110101101111100000100011110101000110
1101111010011111011100011001101111001110111101111100000001101110
0111011001001001101100110110100101111000010100100100111011111000
0001111100011111000111110011111011001100111110111001001001110010
0011001010010010111100110110010000100100110111110000000000011000
1011111010010001000000001001000110000101001011010001001011101001
0100001111010101011010001010000100001011101010101110111110110101
0001100000101101110111110111101111111001111010011011111110011011
0101100000101111011001111001111001001000001101101101101000001010
1100001110111101111111010010111101000011001101101010100000011000
1110110000110001101101001010101010100010001010101111000010110100
0101011101011001100100101111011110011100001010001010010010101100
0010010000000010000100101000101111101011000111010000101101000100
0010110111101110110000001001111010001000011011001010110011110001
0100000010001010000110001111001100101011111100101101110101001101
0010110110100011111010011010110000100000100100110010000101100110
0100000010001010100111010111100101000100110110001010101000011011
1001100010101000110011001110000001100000000000100000000010111111
1101111101011101011000001111101101011110011001011001110000111100
0110110111101110111101111010110111010110000110001101101001000110
0010001011011100001011000100010111011100011110110011111110000111
1101110110001111101010111101100011000110011101001000110110001110
1001001111011100111001111000000000111011011011111001101010010001
0111110100011110011010110011111110111000011000111011111011101111
1001000110100111100111001011000011111100011010110001010010111010
0111111000000010100101111111001100111100100110101110010111110000
1111101101111110001011100101111010100001110000011110000001000011
1111111100100111101101110101011101111110011000001011010100011111
1001011111010010000010010011011001110111010010001001101000110000
1011110010111110010010000010000110110110110101101010000001000010
1111011001011100001101001010011000010100000111111110111000110100
1011001010000001010010010101100100111000010100111101100011001000
0101111010110001011010011000110101011100110110000001111011000111
0100100101110101110101000010010100101101000000010101110101110001
0100101101100110110001000011110011100010100101111100011010110110
0110011111100011010101110011001000010111011001100011010011010101
1110101001101011011101011100010110101100101001011111011010110010
0001000110011101001110000100101011010011100111001101011010110011
0001100101101110010101111101111011100001110100010010011001010111
1011011011100101000111011101111101110111010001001111011001101111
1111001010001010111100001001000111101110111110010100101011101110
0000000011100001111101110010000011100100000110010100011001001000
1110000011110101100000100100010000110001110100001001100110000000
0111101110010111011101111010001000100000101001010101010001100010
1110011010010001011101011111100011010111100010000011110000001000
1000110000101110011110101110111100110111111001000000110111111011
1001101010100010001011100100000100100011011011011100101000000110
1010000100100110101111110101111010000101011000101010000001000010
0000110000111110111111111001110101011011100100100001101010100100
0111101111100000101001001010000100001111010111010011011001001100
0110010100001110111001010011001001111001100011111111001001000101
1110010110101010000001110001111000011101100101000111110100110010
1111110111000100011000011100010111011001011100010100000001101110
0111111001000101110011010110100000110110001100010010110110101011
0101001011110001110111100100110010011100110100001001110011111110
0000110011110011101101010010100110011010011111000100010100011110
0101110011000010100100111001010011001010010111010101011101111100
