0110100110100111001100001010000110010001110010011111010101100011
0101110001000011111110000010110110110001010001000010100111010110
1000110100011101001110101100100100011001010010011100010100000111
0001100010101101011011110101100110010010000010101000001100010111
1001010011100000000111001000101100000010010111001101110111001001
0101011010100010111010100110100001100011000000001111010111010000
0110110111101011011110001001010011110111001111000111111001111110
1101001000100010111010100010101101101000111100010001000011001101
0010000010000000111100101111111010001101110001111001111000010110
1100111111111101101010011111101011000001011001001110100110100011
0011111011010111000111100101010010000111011111111101100111000111
0010101111100100000110011011000010111011101011110001000110011110
0011110110000100000001110011111110010100101000001010001101100101
1010001100011011000101101011011101111101111010100010000010101001
0011001000111101011111010100011101001111000010100001011110000001
1001010010011001101010011011010001101000101010001100111001011001
1111111100110011010110111000000000111100011110101101100110110011
1100001010110001100101010000001111100110011010101100110011111011
1000100101000011001001110011100101011110011000111110101010000110
0010100001010100111001111110100011100111011100111110111000001100
0001010110110100101011100111100110000110000100000110111010010110
1100100001010000110011101011111100011110001011101001011001111011
0011000111101111101111100110111100101000101010100011111110010001
0110011000011111001000010011010101111110010101100000111000111110
0100101101110010101010110011000010100000010011100011000101010110
0000101100111011110000001110011100111111100010110001100101010100
1111011011010100101100100110111101100001010010111110011011010110
1111010001001011001010100110000111100011001110001010011110000111
0101111010101011110001111011010000110110010001010111011000000010
0111011011110001100010011100000011111010001101110010101000011101
0010111000111010101011000101111101011000111111010011010001100011
1010101001001000111011100110110001111001110101011000000101000110
0010100010111110100100101011111010100011001001101100001101010100
0000011001001011010111100111011010011011000011000011100011111101
0110000000100100001001001011000101110100010101110011010110111000
0111101101011001110111001000010111110110001000101111001011000111
0111111000111111010110001010011011101001110100101010010011111111
0110100001011100011011000011101001011001111100011111110101111001
1000000100000100001111100111111001100000000111010000101011111001
1110001000011100110011110001110110100111111010110010111010111101
0001011101110101100000100000010001001001110001011000100101000110
0100011000101011101000001011110111101010000000111000010010110111
1101111011100110001110011101011110011110000110001100100110101100
0000100011111010001010100110010101011001110011101110101101110000
0111100100001010011101001000111010100000110100101110001000001000
0110000101001100100111111010011000111010010001001110110001001110
0101001000010101010010001001111011011110111101001111000110001011
0111111001111101011110101010101001100110101001011011110100000000
0101110101100101000111110011011110011101000001001001001111111001
0110100001010101100010010100001011010111001001010010110000100011
1000000000100100111111111111100110010010110001110001010111011110
0010111110000011101111110001111100100100100010011011100100110111
1000100000110000011001100101100111011001011010000111110100101100
1000111110001111101101100101011100100001000001000111000111010011
1110000110000000111111010101101000110001011100011011001101111111
0001111000100001111001010010111010000110001100100101011110100010
1100011011111000011100111001000010000100100001001100101111111110
0001001100001001111111000100010001000111000110000110100010110000
1000010001101111111110110001011101000010010110000000111100011100
0100100111101000110010000101111000100101101101011010000111011110
0001000111010111001101101110001001111000111111010010001001000101
1011001011000001010010010010011100010111011011001011011011001110
0001001001100111101000111000000000101010110111110110000101101111
1010111110100011011100001100010010100011111001010101001110110111
1001110001000001110000011001111100010101011001110100110010100010
1011100110101111001111000100101011011010011110000000101111000100
0000011010110000011010100001000010101011101011101000001011001111
1101110001000100001000011000010111010001100101101000101111110110
0111100111001001010110101111100011011010111011011001111100110011
1011100011111110101001110100010000111111100011100011110001001010
1010011010110000110001011001110100000110001000001000000111110110
1111111111101001000110000000000001111110110011101100010010011110
1011100000110110100001101110011100111101111110000011100001111000
0001100111110001110001011010000011110000000000110100110011011100
1100010101110001010001001001010100010011100111001001010000111110
0100001111010110110001101101010110000101011001100100011111110011
0001101010101111100101110001000011101100100011000010111011111011
0110111010001111110101011100010001101000011000101111011101101101
0110011000000100101110111000111100010000011010000101001110101010
0101001001011101001001010010100111010110101000010100011101101110
1110110010110000010100000010001111011001011011010011000101111111
0001101010001101011001000110001110001110011100110010011110110010
0000000011110110001100111111001101100101110110110010000111100001
1100100001100100011101000011000011101111101111111111100101101010
1000000001011101000011001100000110101010101001101010111011001011
1101001010001001001011010111001001110011000011010011001111010100
1010001011110000010100111101100100011011001111001000100111001110
1101101101111000110101100001110000011110101001011111000001011000
1010101010010001101000110110011011000011001001001100011010111101
1000000101100110110100101010011011110001011110111100000111011110
1111111011111001001000001010011000100100110100011111100111110011
0010111011010111010001110001101101001010010111100000010010001100
0000001100101001111101101111000110011101000001111000010110000110
1110011100101111010010110000111001010100000000100110101010111110
0000011100100000101111110010111010100110110011110111000100110001
1111000110111010110100100010101000011111100111111000010001000100
1101010011101100001111011101101010000111001110110111101000101100
0000111111101010110011010100110110000111010010000100010110011000
1110100100110010000011100101001101100101100001000000000000111100
0111000000110000100111100110010101001100110111111101101010101101
0011000101000001101000001110110010111010000101011001001001101000
0101001111011110110010110011100000010101101000110101001111111101
1101000011010010010000000111000011010010111000011010011011001101
