1001110000011000001100011111100001000011011000000001000010001101
1100110010001111010010001111101000110010001110011000101011101001
1100010101001001110111000110010010100001000101011101000011110111
0001110001000000011000010100110101001010101000111111000100100001
1011000000000000001111000111000011010100101101100110010011011001
0001110000010010110110010011000110110110111100011000111100011111
0111111011011000101011010001011111010100101110000000100001000010
1000000011101111001010100111111000100001111110111011010001111011
0001110010010100000011011011011100101100010101001001110011011110
0010011010100100011000100010100010011110110101000111110110001011
1100110110000001111001001011101100110011000110001000100111011011
1111010011100000010010001011100101101000111011010111001100110001
0110000010101011101101010101001111111011000101000111111101000111
1110110100100110010011100011000011010101110100100000000100000100
1010001010001001011110101111111101110111011001100100110101100100
1011000100100111111001100010011001011100011111001000000001100000
0001000011110100000000011001101100110101011110010001000001000101
1100110101110100110101000101111000101110011010110110011000110110
0100010001110110110011011001101100111010101001110110000100100111
1110010110010010110001011000101000001000111111110001000001001010
0010011100000100100100010001001001111000010011010110000110011111
0001111001100100101000110111101100110010101000101101100001011100
1000101011000000111000110110011111000000000000110011001101100001
0101010011010100000010100111001110001100000001111001111010101001
0111101011101010000001011001101000100000110011001111100101001101
1001000000010101101001110001100001000010101111001011110000000011
0100000110011110110110110101011100111011001111111010000100010000
0101011011010000100101000100001111111100001100010000011100101111
1011111100001011001010011001010001110111100000010100100011010101
0011001100000111110010001001010111100010111101110101001111100110
0010011100110101100000011110000011100010001010101111100101011001
1111011100101000100110111011101000110111101000100000010010000101
0111100000001000000101011011110111000010000101000010111010110000
1101111011100010011000110000101101011111101100000100001101000100
1010011111000011001011110011101001101000010001010110101110010000
0110001001000000010100010111011010100011001110111011011111000100
1101111001111001000110101110001101110101010110010110101101010101
1001101111011111011100100111010100000110100100011010101011000111
1111010110110010101110000100010111100001110000001001001101010000
0110010101101000010010010110100010110011111011110101100001010010
1110011111111101010111010001010111001110110000111110100000101000
0101000011001010100110010000100110111010111000001011110101101101
1010100011011101000100110001011111100011000101000101000101011011
0100111000010001100001100011010011111000011001000001101101101101
0010010101000101011111101011101011001110101110011101101001100010
0011001111110100101000110110101101001011110101100011111111100010
0001111101100010010100100000110011101110001011100111100001001000
1011100101010001110000110110001111010110111010110000001010001001
1010101011000110100011101011010010100011000000110110001101100100
0100100100000101010110111010011011010110000001000000100101011100
0100111100101000111101101100000101000110110011101011101100100111
1000110100110011101000000011101010011100001010000101110111010001
1101110111110101110110011110010100100010100000110011001110011010
0111111000000000010011111110100100000000111110000011100001011111
1000101100000110011111110100011100110010100010000110110010110001
1010010110011010100000100100100011000001000100010000110001010100
0111100000001110011100000100000011100110001010000000110010000111
0110100011000101011011111001101101010111111100001001101110101100
0110000101000110011000111101010110110100110100101101001101110111
1110000110100010101011010011100001010100111101000110000111001010
0001100011111011000100110000111010101011100011100100000100011111
1101100100011000101011101010011000101100101000001110110101000110
0100001100100101011100110010100101011101110111000110100011010110
0110100001100001100100110101111011010111101111011011111100001110
1001100010111001010101101000011011100011111111110111101000100010
1100110110101111011010111011000100010101010010010111011011010111
0000010001100010011011101001011101001001100010111101011000110111
1100011011111011101111111101101100001010010011001101001101000101
0100000110001011110010000110001000111110110000001100110011011010
1101001000111011110100001011110011001100101000000000101101001111
0011100000111110100100011111101001111011011010010010100011101001
0100010101001110011100011011100011111100001001100100100100010101
1100100000000111100011000110000111000110110000100101111000100110
0001111001010010100101001000010101100011111011100110010110101111
1111101101001001101110111100011111011100011000000010110010010010
0101111000011011100001100111111001110100101010111111111001101110
1111011001011000000011100101001001000100100000011010000000001110
1100101101110100001101111010110011101011010001100001101111010111
0000011001001011001101011000011001100110111110010100001100010110
0110010000110100101101011110011001101010011010001100110011110110
0101110010011011010011010010010000110111010111000101110110110010
1101001101010000000001000101111010100101011011100110100011011000
1011011000001000100111000001100000011001010011100100010010111011
0110110111110100011000001111101011000001110000110111101010100111
0111011001100000010001100001110001000110100010111000010100011100
1011010110001011001010101011111001100010110001010011110111010100
1001111010001000100000110100011000001101110111110100000100111100
0101110100111110001010100010100100000100010000001011011110000100
1111110110101000010011100000111000100010001101011001000111110110
0110010000001110011110111010110110000110010101000010000010001001
0100010100010110111001011101101111100101100101101001010000110000
1111001001011011110110001000011001011110101001111000110100101100
1010111011010100111011100010011110001001011101010011011000000010
0011010110000110011000001101101111000110010110000011001001110100
0000010001001010111000001001111011110100100010110101101010101110
1000100100100110001111111011010101000001111110100110111000100000
1111010000111001101010110110101001101001010111100101111101010110
1110001011000001010001011011001011001011110110001111111011011101
1000101100100010100011100011010001110011100110101111100110100010
1110111110100101101100111101011110111110110000101000000111100001
1100101010111001010111110101001001101010011101010101011110001101
