1110111110100001011011010000010000110101010011010000100000110100
1001010110011101000001011110011010010000100101001000010111100010
0110111111010111001011111100010011110110001111111000011100100110
1000100011001100100010100111001111000101011100111011110110011000
1100101011011100011101011111100001001111110100110111000001000110
1001100111011010100110000101100011001010010001001001011001001111
1100100001000110011010110000100111011010100001101101111011100010
0101001101110011000111110011100101011111000101101001110101001100
0100101101111111010000000100101011111011101111100101010000100110
0000010000010010010000001110010100111111110100000010001001000100
0100101010111101010000100110010001101001010010100110111010101000
1001111000001110111100010110010000001011101101010000101111100101
1101100011111110011111010011101111001010100100101110111011001010
1001011100010001110100000000101000110001110101110110110110001101
0001111001111000000111011110000111111101000101011000101010011011
1011111110010110101110001101101010111111010101110101000111111010
0001110000000000110110000000001111000011000100101010100110111011
0101011100010000110011010101001110100000111110100100101010101010
1110101111100100011111010000000101111110010111100110101010101101
0111011001101101111000111010101111111010010000001000110011100011
0001110011010011001100010101110010010010110111101110010000010110
1011101111000010100111111011100111011110000110000000010001101101
0011010110010101010011111011111010010000001010001101011111001101
1100101111010000001010000100000100101100111100000110011100010110
0011110010011011111011010011010111110010110010110101101010011111
1010101000011110111010100101111011101011011010000011001100100001
0010011011100001101101110000011101001110011001101000011111010010
1111110000110100100010111101011010010010000111000101110110011010
0100010010001111010100110000011010100011001010000101000101100010
1011110011101000110111110100101110111111100000011011010001111011
1011101111001001001011001100111110101110111111111010001000100100
0000001011111010110101001001101100100011110110011011001010111110
0001111111110100010111011100110001010010110110110010100001100010
0101111111001111111000000101000111110011000100101100100111010100
1000100101010010001110000011111001110100011000010010011101011011
1001100000001101101110011010111011011100100001110100111010011111
1110001110001011100011111111011000100100010100011011111101100011
1101011101101101110110010100111111101001111000110111100010011011
1011110111100100100000101000000101001100011111001110110110111100
1100001011001111100001110011101011110010011001000000101000101100
0000110000001101101000110010101101011010111001000110000000001111
0011011110000000111011011111110101010100000001111011101001000011
1001101010010100011010110000011111110101101111110111100011101101
1001000011001100111100011010010100010110101011110111111101101100
1001110110001000101110010000010100011100111101111111111100000100
1100111001011100111010110001100011011100001001100000101000010010
1010011010001001011000111000010011100101111010110010001110010011
1000100010010111000000110100101111111100000100010010100000001000
0100110000101011100011110011100010110110010111010101101101010001
0001011101111010011011000100001001110010011000100100100110010001
1110000111000111101101000111010000111111010100101000111111000101
0110011001011011000011100011100001011001100110100001111100010110
0110010110100101011100011110101010001011100011110001011100111010
0111000001110100011011110010000001010100001111100000101101010111
1001001110101010000000011000110001010110000011110011000010100111
0011101101001011100001111011111100100111000101101110101010111110
0100001001100101101011111110001000010101101011100101101101101100
1110010000101001110001011001111110001000110110001110001011010010
1000101001000101110000010101111001000001101000111011110111011101
0100010001001001101101011110001100011011110111100010100100000001
0000111000011110001010010101000111110000100111111110110011101111
0011000000111111000000110111001100000011001000111010100011011000
1001011010101001010111000001101100101110101001100011100001110110
0010101110000000010011100000011110111001001010101101010001001011
0101110100100111010110100001100001100100110010011111010001001111
0111111100010101001111000110001010100000000101000000111001001010
1000000111101010111001101110100010111011111111000000010000111100
1001011010000100101010000100010010110010001101000001100101011100
1001111000101100000110010000111000101101110001100100101110011110
0010110010010110111011000000001101000010000110101000111010110101
