0011111011110000011111011000111011101101111111101101101011010111
0110011110011101000000011100101111110000000001101000001111011101
0001011101110001011010110010011000010110110010100101101000011100
0100110100100001011010111100111101000000011110001011110010010111
1011101111101011001000011011101101100000000001010001000101000001
1011100001111010000111110000010011001001101101000000010010100010
1001100110000011110011100000010011101011101011001000101111111011
0001010001110011111010111111111110000100010010010100111000100001
1000110000001111000101000001101000010100111110100111101110011101
0010000100111110000001011110100110011111110000011010101100011000
0110000100011100100110110000010010010100001001111110010100001010
0001010100000011010101110001110010010110001111100010010011000000
1111001111000010100010000011100010010010101000011110101010010111
1011101110011110111101001111111000011101000100101000000100000001
1110101001111100101100111111110010010010101010101110111100001010
0100011001100010110011000011010111011100010000010100011101000011
1110010000010011110111011010010010011011101111001000101101001101
1111101101110010100101110101101000100101100010000011010111110101
0100110100011111000100000111101010100101110001001111000110011011
1100101110010111011011101010110110001110111101111101111100011011
1101011100000011010101010100001110101010101111010100000111011010
1010101111101000010011100001100111000111010110011101100011111011
0101001101011000010100101010110111100011010011111000011101010111
0111110000101001100111000100000101111000010110101111010101010011
1010100111101100101110000100110000101001010100100011101100000110
0111000100101110010100010100000110101111000010001011100000111101
0011101101101110010101100111110111100110110100101011111110110010
0101101110001000100100001000111000010001101101001000000010000110
1110010110011100100110000111000000010111111010110111111111011100
1001010110100001111101101101011101011011010001010111100000001001
0000100000101111100000101001011010101101111000000101010101110001
1000010001111110001111001001101001101101000110111011000000111111
1010001100110101111001101011010001101000101111111110000101111101
1101011111001010111001001011001101000010110000010101011110001001
1001111110101010111011001010001010111000010100011010001001110001
1100000011011101001101111001001111010011010111101001010100100000
1100000110111111110100100011100011100010000100011110101110001000
1101111110011000011010100101000100000011001110101100100101001100
1111000011101101011100000100110111011100001101000100101100100010
1101110101011001001001111010010100011011111100010110000000011011
1000101100010101010101100100110101010100000101111110101101010110
1111001010011110010011111001100011000011010000101010010011010100
0001101100101011110101110011001000110111110100010000010100100100
1100110011110010010001110101011000010001000100010100011100000010
0011001111101111111001100000111010011001010010110101110110111100
1001111100010000000001011111001101010011000111000100101111101111
1111111101100101111110010100100001110000011010111001000100111110
1110101101101110110011000101101000110011110111101101110010111000
0010001000101101111100101101001000000110011101001100110101100010
1000110011111001000100011011100101110100001100110001001101010010
0100000101110001101000011000111000000100100011101001010100110001
1001101101001001001001111011001011000111010101000110101101010100
1111010101010100010010010010001001101111010100000110001110110011
1011000010000110100010010110111010010100100011001111111101101100
0111001011101110100010010001000001000010011001001011111000011001
1110101100000110110100010000001101101011101000101101001010110010
0001011101011011001111100101100110000100000000100101111011001000
1101110100101110100101010001011101000011000100010000011001000101
1000001011010000101100010010111110111101000000110100011100001110
1010001101100001001011011101000000010001110001111001001010010101
1001111100111111110000000101110011000101011101000110010110100011
0101010010010111100111011110010011000101001010111110111100100001
0010000111011101011010010110001001000001110111100111010111011011
1010001010111001011100010000100000111000001110111110111011010101
1100011000100111010111000000101101011011111111001011010100001100
0000001110111100101011010001111010000111110001110100010111000110
1010110010100111100001111001010101111111101001100100001011110101
0001000010101110101110101011011111000100110101011010100011000101
1000001010111010111010010011010110100010100001010101110011010111
0000011101001111011000011011101011111001000001011000000101011100
0001000111000000000010110101111100110000011100101101101110010100
1001110010100010111111001110000010101101001000110010110100111011
1000001000000001011110010101010010011100110000000010101000101111
0110011000010111100011101010111011011100100110110101000000011110
1100100010101001110111010111101101101010010001110001000001010001
0000000100001010010100100000010010111011010001110001011100000111
0000110000010001111010000010000100111100111001011011111010110100
0001101100111000111110001100011011111110111111000001010111111111
0011010001010110100010100110010101011010010011011101101001010010
0011001001100100100100111111000110111000011110010101111011100110
0011001000100111011001001001110100000010110111001100000000100011
0000011110010111101101101111011011100100001000010111001010000100
0000110011001000011110111010111011011111000010101001000010000110
1001010001010001100010010111011010000000001100101111000101010000
1111100101011111100011100010001010011100100000111111101011010001
0100101100001110001011001111110110001101110011100010100001001100
0110100010000011010111111100000010101100001011111111111110010001
1111010100100010100011110100100100101000001011111010100101110010
0110111111011001000111110100001101011001001001010010111001001010
1111010011100101101111101001001011101110011111001110011100000111
0000010010111001010111011100011011100000011111010000100100000010
1010111100100000110000000110101111011010000110100100010000011101
0110101010011100111100001010011101001110100111110101010001001000
1101101100110100010001010100001001101011011111000001011000000001
1101011100111000100011110100011011100000110101011100011110101001
0110101100001011111001111111111111010001101000000011101110001101
1100110111100010000101010100110111011110000001001100000110100110
0010001001110101101010110111100100011011100101101101101101001010
0110100000110111000110111111001010011001101110111001110011111101
0010010100010110111100011011001010110100111011111101010001111111
1110100010010010000100011001011111111010010100000010110111101100
1111011000111100000100001001100111110111101110101010100010100111
1101001111101001101010000100100001011111110001100010000000100001
1100101110101111010100100101001010001011100101011000110101000000
1011000010011001111111011011001010010011000101011101110101100011
0100111001110111111111001111101101000010001001010100000010100111
0001011010010110001011101011100000110110101010011000100100111011
0010111011011110011111010000100011011111011111010010000000011001
1010110010110000011010110000110000110000101000000111011101011111
1110100101001000011100011011111111100110011101101111011000110011
1111011011010000111100101010110111010100011011101001000110110101
0100000001001110000011111001101000101011001101011111011001111111
0110100011011000111011000001000011010010111110001111111011010101
1111110100011001111000100101010110001001111111000000000100110101
1011000010010010010010101101010100011101100011010000100111010001
0110011001100101000001001010001101001111110101101000011010111011
0001001101001011110101100100011101011110001111000110100111110111
0000111100101110001001111000010100010100011100011010100111110100
0001010010110010010001000000010110000101001110100011010010000100
0100101101110010000110000100001111100001110100101010111001110010
1010111011001001110111111110011110001000001100110000000011010010
1000100010100111111001000001110111110000110101011110110111111000
1010011011001111101000011000010011000110111001010011001110101000
0010101011110110101101111011111111101001111110101010001001011001
1100010001000110000011010011001110111011111100111111110101110010
0001010111111001000010100001100010001010111101000111110101011110
0000111110010000100111111011110010100101100000010101100101110101
1001000101001011100010010111110110011000101000100101101100110010
1011010101110101110000010101010101101000111100100101011011000110
1000110100010100001001111111110001101001000101011010010000110000
1011001000011001110000101010100100001010101110101000001010001100
