1010101110110100100111101001100101000100011010100110000100100100
0000111011100001000111100101100100010010100000100011001100101001
0010000010000000100000110010010101100111101001010010100000110111
0011011111101111001011000111111000111011101000010011100010010111
0000110110000000011011010101101100111101101110110010110000010001
1010000111000000000010111000100001011101100100000111101101110100
0011101010111110100010011111010111111110100001010110011010111100
1100001111111110101110001100110001101101011010011000100111111100
1111010010101011101111011010111010000011001011001110100000000001
0011110110111110110011100011010011101111100001010100000010110001
1110111000010000111101100100111010100100100100111101001100100111
1110010000001110000101011110110010010110100111111000110100100010
0001001011111110001010011110100011101101111010110011011011000011
0111011100101100011001010001100010111110111111111101101001001000
1110001011101010100111100100110111010110010101010001101010110001
1101111001010100111001011011001011001111001100100111011000101100
1100001101011111000011101011000100010011101011111110100100100000
1101000100111100110011100011111010111101000011101111101001010110
0001100000101001101001011000111110001111000101110111000000110010
0100110111100000001100100100111101010111111111100010000001111001
0101001111011011110001010111111111000001001100100100101110010110
0100011100000110100011000111111010010001000000111110101111000001
0011101101100011010111000000101111110100110111001000001101011110
1000100111001100101010101000110000011110011011100000010111011100
0111000111100100101000000100111100000001101101011111000110010110
0110101011111000001010111111111000011111111111011001110100011110
1111011010100000111110010011100001011101001101010111011101011110
1100001111010010001100100001110110010001110101100010100101001111
1000001100110110011110100010000111011111101010100100111001001001
0101001001010010010000011001100001100011010000111011001101111011
1010100100110011001101111011001001000010111100101010100000010110
0100111000010101011001011001100000001001000101010001000000000100
0101111111111100010100110000011011110001011000011101111100100011
1011000001000110001111110000011110010100011001001100000010000100
0111101011001101101011111101100111001101000101000110000111011101
0101100011001010100111000001001101101010101011100010101010110110
1001100101001111110011011001011100000101010100111000000111111001
0001100000101000000001010111010001011001000010000100000110100011
0011100011010111110101110110001110011111010101101111011001000111
1110111110000110011011110101011101001010111000101001001011010111
1111100011111110100110110011110111001100000111110000011101001111
0101110111101101101010000100110101110001110110111001010110111000
1010000010011010000010001011001000100001001011001010100011110101
1011010010010110010100011100010001111111111000000111001110110000
1101110000101001110000101011100111000011010110111111101110011000
0100111011101111001010110100111010010100111000000011000011101101
0011111100001010101010001110001000111111001000000100111000111001
0000101100110100111000111000001011000000000010001110000101101111
0011000011111100001101010011001010111011100011111100110101000011
0001110110111100101010001000100001001111011010010011011110001000
0110001110000110001010010011011000001111001001111101111010101101
