1111101111011110011001111100010111010100010010010000010110100101
0010000100111100110100100010100111001100011110111110000011001110
0101010010101111000001001101001001001001110001001000001010111111
1111101010001000111110000101001011110100010001000011010100101010
1101111011111100000011101110011010011011101001111000001000000110
0011000000100111100111101001011001100101010111010000011000001000
0110100010010111101111000111011111110011111011010011001100110010
1011110011111011111000111100110011010101000010100011111101010100
1011100110101010000001001101101010000011100101110011111001100101
0001101000001101110110110110001110011000111011011110111110101001
1011100001011010111111101110010110111101110111001111100000000110
0100010111001000011100101011101010010101010110000111101100000011
0001101010010001101001110010001011101001011011111001010000001010
1011001010100101110111110011011101110111111000110010011000100101
1011110001000001101110110010000111110011100110100110000110010001
1111010011010010101110001111110110110010100010010001111100000100
0011000010010001011100011001010010001011000101110111100001101110
1010010111101101100111111011010100000011110100011010010100100111
0101100111100011100101100110011100111011010001110001001111111010
0101001110110100001110100000000101101100100100011101110000011000
1001100111010010110101011000001000000110111000101011110100111111
0100111101110011001011010001010100011010010001000011110010001011
0011110011001010000010010010010110001000101100010000100111010000
0100011011010111010001111001001111011000101111011100110100000101
0011101100011101100011010000110101011011010000011010000111111001
0111101111011001001011010100001100100001011110111100110110001111
0100000101001100011111001101000011111100001011000000001001000011
0110001011101001110001101100010100101111001100100101100001101110
1010111011110010101111101010010100100100100100110011011111100001
1000101100011100110001011011100011010111001010111000100010010110
1010011011101000010000100010001100111011001011110100101000110100
0110010100100100000000111011100001000000010110010011101111100000
1111000101110000001111110010111001101001001011010010001101000101
1010000010000100000101011000111010101001110110010011110101111010
1010010110110000100000010101001110110110110001100101001110000000
1001010000011111100000110001011101001100000010100110010111111110
1000000000010001111001000010111110111011001011101100000010000010
1111011111100111000111111101000000101001000110101000100100000100
1001001110110100100010011111011101011100011010111000001110010011
1110011110100011000010000001011101100010010111101110110110000011
1110011100010110001101110110010001000001000100001111111101110010
0110110011011100001110011100101010001110110101010000101010011000
0001010110101001100010101001100100000011100000001110011010110000
0011011100001111001010001111000100101110110110101111000011000111
1001111011110001011001011101011011010101111110111001011111010001
0111100110010101111110010011100000011100000001100010001000111011
1111001101100000100110010010100111000001110010001001111010000001
1001101000111000011101000111001000001010101011100010110001010100
0100000010100101111001110111010101110110100110100100011101001110
1110010100110010000111100101110100001000100100011001001100101101
1110100101100011001000101000000101011111000010011000101011110110
1010111101010100000111010111001011011001111100100100010110100110
0100001110010111001011011101010001011111100000001000001101101011
1010000110110100100100111111000110100010010000100111011011110000
0011010001000101111001110000001010011010000010010100011011101111
1010000100110011000100110011010111000010100010101100110000000100
1111111011110011111000101101001011011101001111001011100001000110
1111010001101101110111100101110101101100011100011100101101111100
0111010100001011000110111000011011100100011000001011011110111011
1000010010111001010100011101011001101100001001011110010000010011
1110000001100111101001101100111011010101111001111011101011011110
0101000110000011001000100010001010101111010101010110101010000001
1110001110110110001100111010010001100111001101010011100111011101
1000111000001001000011011011111000100100011010000000111011111111
1110001011001100001101110010101100100101010111101100110111111100
1100010000100000100001100001111111000111100100100110000010100111
1101101010010100100001100011000010100000101010001011010000101100
0010001000110011101101100111001100110010010011011011011001001000
1001101100101011001001100111101000011101010111011110000101001011
0000100001101101010101011111111010100011100111001010111000000010
0000111100000100001000001101011111000001000110100100110000100101
1111110001011101100011110101110101101110010010001100011110100110
1001010001101011000101111010101110010110010000001001000110001001
0100010100011010001111111100100101010010011101110001001010001111
1110111000010011011111000010110011100100010100101110111101011111
0001001001000100100111010101001101111101100100001010111101110111
1110111100001110100011000000110111000110010111010001110110110010
1011111111111100011010001100101111111110001010000001011000011101
1101101011011000100000011001101100001100000010001010101101001001
0010011111111001101111010111110100011101100110010001101111011010
0001101001111110011010100001100000111000000101100000000011001101
1110001001100100000101101000011101011100000100010010010111010110
0001000001101110110010101011011101010000001001111000001111100001
0111010001111100100011000000111011010001000110010000011001001001
1110000110100111000111111101010000001111000111100111101001101010
1110011110100010010000011100011001000100011011011101110001001101
0100100101110011001001101111110101010011111011100111000100111101
1000111111110100011111001000111010101101010101000100111101101011
1111011010101000101101110001111000000111110111011001110000110111
1001110010011110110010100010011100010000011101010110101010101110
1001101101001001101111110111011100110000101011010000010011001101
