0100110010001101100110010000000111111110010100000000101011010101
0000110110110010001011100110110101100110000010001100100100101000
0101001101000001110110000111000100000101101100101101011000110100
0101001101000110111110111000110111010011101001010001011011101001
1101110010000001101000010111100101001100111010001101000101101101
1100010110101100011000001111111100001111011011110110110101010000
1001010111100010001100001111010000101110111010111010000011010001
0010011001001011010101010001101100100110000010110001011000010100
0000010111111011001110100110100001110000111100011010001110101111
0001000001010010010110110011100101001001100010001110011001011010
0010111101011011011000001001111010001111001001011101111111100010
1010110001010011101111111010101110010011000001011011000001001110
0011100100100000000000001100001110000010001011101101111100011001
0010011110101100110111000001101001101000001001100100111100101001
1010000010100101100000010111111001001011101111001000001111101111
1011001010101101111101010000110111101001110110111100011010010101
1101011101111110001010101000001100110000111100101110110011101101
0100010011010001100111100011110011100011111101010010101001010001
1111110011001101111010011100110010010011010100111100101001111001
1001010010011100100000100101001110100111101101111110100010000100
1001011110011000010000101110100011011111000101000111011011001101
1110101010100000100101101100110101110110100000100010111001011111
0100001010111111110101100001100011010100001010111100100011100000
0010110111100101010101111101110000110110000111101100111100110100
1110101101111100100010101100011001111011111000101011011011010010
0010111000010011001111110001001111000011111101101110101110011100
1111101000010101100011011111101101001110001101001010001000010010
1100010100110111110111000011011111000000111011000100100000110010
0011011111110000110111101111101101110010001000110101000000101000
0100010100111000011100011110010010011100110011100111100100011001
1100110000100100000100110111001110001101000010111000010011001101
0100101110010101000000101010010011110011001000110010010111110000
1001000001011000110101111101101001011101101000101100010100010110
0001011100001011001111001000011010101000001111000101110111011100
0100001011001111010010111101100100011100100101010001101011100011
0101100110110001100010001111000110001110011011100001010011001100
1000000000010110101101001001100011100111101010110000100011000001
0010011101110101000100100100110010001110011011011000001000101000
0100110000100110011100101110001000100100101010111111101111101010
1101101111101010010111101101001001001000010000100011110101011000
0111000011110111001000110110000100110110000110111100001111101010
1101101100011111111010111110110000101101000010110100111001110110
0010101101011000101101000010010111110010110011010110000001010010
0100100111011101101001010101111100100111010110001011100011111001
1110111000100100000101000101110010000010111100011000110011110000
1000101001011011011111011011111100001101010110100110111110010101
0000000010101100111110110011011010111100111001110000111011010000
0010100010111001110001100010100010101111001000111000011111010101
1001100101001010011000110110000011001110011100100100110001101011
1100000101011111000111110010001011111101001011101011110011011100
0000101110111101010001111000110000110010001101011000110111100111
0000001011001110011110111100100100101000100001000110010101011111
1011010101000111010111010101001010001101000001011101101001110001
1101111001100000101110111100101111101110010111000100101100110110
0001101001000110110010100101101110110010000100001011011001110001
0111001100110001011100111011000101100110100000110011001011011101
1001001101010001001010101111011100011100000100100001000011100101
0110001100100110101100001010010011010111010001010111000110100000
1101001110010101110111100110011100001000011001110110100100100000
1001100100011101100000111000100101111011000001111101101111011010
1111001110011110001110000001101011111110011110011110001110110011
0101110000110010110111001000000010001010000010110011000001001011
0111000111011101110000110101011001010011010111010011110010010000
1110111110111000111000110010110101010010001011011110010110000110
0001110111011100000000010000011001101011110011100000010110111010
0001111111100010010000100001111001111101100011110110001011110110
1110100000101011110000000100110001111100100001111011101110000110
1101111100000111101001110101001101110101110000110000101100010000
1011101111110011010001101100000100101101000000101111010110001100
1101100011101001101101100001110011010011010000110011101100110110
1101100011101010010001110101110100001010000100000111001110100101
1110010111011010010010010010010001100011111100010011111010011110
1100011110100100100101010010001110001010110010100000011111000101
1111111100000111110010100100101101000011011101111000010110001010
0110111111110101000110111010110100101110001110000000001100001111
0010100000001001000100000001111001101110101001000000111011001011
1101001001010010000011000010101011011001100000101010111110000100
1000011010010110001000111000001010011010011011110001110000100001
0000001010101100000010000001011110001100011111100101110111010011
