0010100101000010000010101010111010100111010111111100110000000110
1000101100100111011001011101011101011100111011111001101000101011
0001101000101100100110110110011011001010100111000000111110101100
1100110110011101011111000001101100111111011010101011000110100100
1011000011011001011101110010010110011111101001000111001000011110
0000101001000100010001011000111110000000110100101010110011011000
0000000100100011110111000000110110100100101010111000010100111001
0011001110110001110010011011010100111010101110100110010101000001
0101100001010101000100111000110101100001101111011101001011011111
0101101001001100110111010000100001011010111001010001001110111110
1010101001010101101010101111010010010010001011111010110001010111
0101100000110111001100010100111101111000010101001001111100110010
1011011101010011101010000110100010011001001011110001101001000100
0100001111000101111111111011011111001101110010001011110010111100
0111111001011110111011001011011010110110111111101101100101100001
1010001010100110010001011000001111000100010010111101010010101011
1101111011101001000110110101101101101010001110111110011101011000
1010000011111111101110100010111001100111111111001111110111101001
1011101110100010001001111110011100010000000111100110111101001100
1100011100110011001111101111100010101000101111010010100110101011
0110110011110000110010111010011011001010111000011000101110010010
1000010000110010101111111110101110000010001000000100100001011001
0100010010000000000001110001100010110100111001100100101000011100
1011100011011010010100110010111000111111011101110110001110000011
0110000010010110101100111010110110111000110111110111111011110001
1101111100011110111110010010011010110100111111011001010011001110
0101011010111111001001111101010111001011110011000101010100111010
1010100001110000100101010011000110100010010000001010111100010011
0111110010000000100101100111011101011011011010001100111010101001
1110001011001110000001111111100111111111111110011111110011100101
0110110100011111100011110011001000111010111110111010111100010000
0101100010011001000101000001111101111011010101000111111100100011
1111001010000101010101110010110011011111110110110001001001110111
1100101000001010011110100011011110110010100001000110011001010100
1110011010100100111000000010010011011111111110100011010011001001
0110010011000000000001011011000101001101000100111011101111100110
0001001000001111011101010110101000000110110000001111111101110100
0100100000101111011100000000111111000011011000101000100011001111
1110001110110110000001010010100001010100101111101011111101000101
0000100011111001111011110101110110110101001100001011110101100110
0001000011101101100111001011100010111111100110110010011011011111
1010110111101111001100110111010001000101011111100000000101101000
0000100101111111000100000000110101110101100111110010011101010101
1010100011111110000110101000100110001001101001011001001101011001
0100111011101011100110001011111110111010101000100000010110111001
1001101110010011010111001111001100011011100101100001001000010111
1101101101010101110000111001101000001101111010111010001000000111
0011100001101001010001101011110000000000011001110000101101000110
0111000101110011001010001100010001111001110110000110000011100000
1011000101110100101000011001100111000101000010111101101000101100
1000001001100100000001011000010001110000000110010000010111000110
0111101000011101011001011000100001000101011010000000111001110011
1011001110011010011011010101011111110010100000111101101111011101
0101000001110010111010011110010111100100010010111010010001101000
1100100001010010110101100011001100101111111000110101010000101001
0101000000001100011010111010111011000100011010110010011101111110
0110010101000000101001101000101100101001101010111101110000010101
1101111111011001010110001010010100010100011011000101000100011101
0010000101100010010000001010111010011110111000000111000011000110
1100101110011100111101111000101001011101011101000001111011000010
0100010001001011001110100001000011110111000111110111110000011111
1111000100111111001001011000011111100001100011011100101011101010
0010011100001110010010000001100000110110000001000100111000001100
1100001000011110011000110101010100100011111001010001100011010100
0000001110001101110010110010110100000100001100000110000100101000
0001000111101001100001111111110101001001001111110010111101001111
1111110011100001100111001110101110111000001110011001001100110011
1011100010011110000010101010011000001011011111111001000011000001
1110111011001011100101111111110110011100000100000001100010011101
1000001010000001100000100110010011111001010100000111100001111100
