0000100001111100001011110100101001011100110111011000010001011111
1001011010011001000111100001110011010101101111010010111100010001
1010010001000111111011001111100100101101110100011001010111011011
0101000011011100101001100000000000101011100011000011000101001101
0101000111001110010010010011001100010101000111111101000010110111
0010100110001111001111001011001010010111011010010010110011111010
0000011011010100001100101110001111001110001101111100111001101010
0010111111010000111100010000000111011111110100100110100111111011
1101111110001111011111000100000010010110101000100011000000111101
1001111101111011011101011000001001110000011000100011010010011111
1011111111011001101001001001111110100111011010110001110101100011
0001111100111000010111010111011010111111010001010000101110001100
1011100011010110101000100101010010100101111101100011001101011011
1110110100010000000100111110111111010000100000001110000010110100
0001000100110100011000001111000101101101110100011010101110011000
1111000001001011111000100110000001001110011111000111011111100110
1110110000010011010011001011101101100100110011101001001000101101
1011111111111100100000010001011000001010111101100101111011010101
1101011111100011010101111101000111101111011100011000111000111100
1010000010100010101101110100111001110100011000101000101000000001
1111001010110010000111011010010100111111110111001000111001110110
1000001001010000000011100100011010110110000101011000010000000111
0001101101111011101100100010011100011001011110000011100001100011
1001101110010010111110000000100000101011101110101111011000111111
1100000010010101110111101111001000011111010010001011011011000010
1000101000001011001100001100110110000001110010000101011000111000
0000101110000100110010001011011110100100100000010010101100110111
0010000111011010000111010010110011111001001100011100101101110001
0111111011010000110100110000010110001001100011010101011010111101
0101101110111010011010111101011011011000110100011101111100000001
0111111000110110001000111110000101011001010001010110000011101111
1000101101110110111111011011000110110011111001101111110110110010
0101101010000100111010000001101011010010001111110100101000110001
1001110000000100100001000000000010100100010000100111110110000011
1011101110000111000011001010110100011110111001011110011110100011
1010110011101010010000110111000010001001001110000011000111011111
0100111100111000001011111000100110000110001100110011101100101111
0001101001011010100100011100011000100111111110011001111011010100
0110111010111101001001100110011111000100110110001011010110010010
0100110100000010011110011111001001001110110101111011111001100000
1000001100011110111111001110101001101011001010101000010010010111
1110110000101000011001000011111011101000001000101010110000110111
1111010111011010101101111110110000100101101111010111010000111100
1000110011110010101101100001011000010000111101111001100110100000
1011110111011010100000000000111101110000111001001101010101111000
1010000010000101111101011110111100000010000000011001111111100010
1101100001110000001010101001010111011101101010100010100001101001
0001000111001100001110101100001110100111011110010011011110000100
0111011011110000011010111000000100001100100000011101101001000111
1001011101010001010100100011000011100000001101111101110000000101
1100011010001000000000101010100100111110001000011011001100100110
1011110001001011101111011101100110100000010001101101000011101110
1000000001000010110001011010001010000100011000000001001000001110
1101111101100110000000011101010111110011010100110000101000101010
0100100110011100010101100111001101111111100111001001010011110011
1010100100111000101000101111110100110011000111101011011101000011
0111000110010100010111101000111011110001110010100011111010110000
1110001110101111110101100111100111101011010111010000000000100111
1100100111101100100010100111110011101011101110011010010011101100
1011111001011001011001000101101010100101110001100001100001101111
