1111000111010011010011110110100110101000100000011111111000000000
1110001110110001101110101110000001000011000000101100010101010111
1100101100000001101010101010011111100010111001110000010110001101
1110010101011000010000001100101100110011110011100000011001000000
0100100000010011001110111100001000010010000010000001111100000100
0001110000011100110011111000011100001010010010001010000010011100
0001110100000101100111111110100100111000000111000001011110000011
1110001101000100011010001001101000011011101000101000101010011000
0010001010100000001101111100011010111110101001001001110010110111
1100100100010111011000111001000001001001110000000101011100000010
1100011111110100100101101001000111010001111011110110011010101100
0010011011010111101101011111011000011111111010000101101111011011
1010011000000101000101000010101101011111010100101101111000110010
0011111110110111101110100101101000110001001000010111100111001110
0110101110111011101101100101111001010101100010011001100010011101
1100000100001000110100101111001100000011000000111100110010111000
0110110000011111001100111100010111110000111001011101110100101010
0010101101100110100101101000000100100000100111010001111011010000
1110100101000111010101110100110001010100001011011010000100111001
1011100010011100100110100000011011010000111111110101001001100100
0111110101000011110110100111110111010101111000101100011011010110
0001111100010010011110111010010001000011010010111110000100000100
0100001100101110001010100111110101000001000000011111000010110111
0010101101010011110010111101111110011001010101001011110110110010
1101110101110101111100100101010110111010110100110101011011101101
1001010101100001000000011111011110101100111011011011100001001101
1110110010100011000100001101111011101110001110100100010101111000
0001011111000101100100000011011100100110101010001011010101110000
1111000100010000100110001000011010001101001111101100011110000000
0010100111110111100011101011010111100110100010100011011111011101
0000111110101110110010101100110000001101011100011011110100001001
0100010010101101101110001110110010110001000101111111110110100111
1010111011101110111000000110101101110110111101110000111010011011
0101101010011000100010101101001001001000010101100011011011110001
1111110001000111101111001110101111101100011011100101010010110111
0100001100011000101101111001001100100110001000101011001001001100
0110111011110011010011101010110111100001000111000000101101111100
0011011100101110110100011000100001110111010000101011101101000010
1001101100100100101011110000110101101000010000000110100111110100
0010010111100010111011100010101010010000100010110011001001010101
0101000001000101001111010100110010101010001100101011111010011101
0111010110011100110110001011010000010011001100000010001100100011
0000111111100010001000011000011011001010011010011001110101100101
0110011011101101111110111001010001010111101100010100101100101010
0100111100101000011111010011101111010001110010100111010010111101
0010111011110010001001011010001011001011000000101010011010010011
0100111010010011110110111101010111100101001111111100111011010111
1101000101010100111010000111110001011111000010111010101110110011
0001001111000000000011001001101001001010100111010000000110101011
1010001001101110000011100110100100110011000101000001101100110001
1111000100100011010001111101000100010110111100001011010110110101
0110000111001010001011111111101101111000001100100110000000011011
1110100000001011000110100000010010110010110101000011011000111110
1001001001011111101110101110011110001110101010100101100011101000
1001001001000001111101000001011000010000100010000010000100011011
1010010010110100110010111101110010101010010000100011001101111111
0110011110011111111011110001100010011100100100011011010010111001
0101111101001010001011101011000110101011010100101100011111001100
0111011010001111010011101110000100100000110011011111110010010001
0011001101000010100100000111110001111101110101110100101101100111
1000001101111111010010000001110110001000101110010111010011100110
1101000100000100001000101000100100010000110010011110111000100101
1101101010110000011001100001010010000110111101101101111001001101
0000110100101010101111001100111110001001000100110101100000000010
0001101010111101011110101000000011000010011001001000010101100100
0100111000100000101000101111001010101000011100101011011000111011
0001100000001010101110101101100110110000010000000111000111010111
0110111100100101101100011111000011111000010010111111010000111100
0010011110101000110101001100000001111010010011101000000101001100
1011001001000110101101000001000111101100110111110001000101111010
1010100000011110111010111011100011110010111001010101010100110101
1001010000110010000001001111111000011110000100101001110111000110
0000011110010110011011101101011011110001001101010110100010000010
0000101111000111001001011000010100011100101110111101101010000100
0100010100101011010111110011100011001110000100100010000010000110
1011110001110011001000110011100011111011000110010001101011001001
0010000101100000000001011011010101011001001000011101110100110010
0111001101010101101101101001110100100001001111110110001111110101
1010110011101101000111100010010100111100101111110111001110110001
0100011101000100010011001011111000101011011101000110111110000011
0100111110010110000000111000101110100011110000110100011011110011
1001011001001000011110000110001110101111011101111000110110010010
1011001011011000001010101101111100110101101110010010000011011001
1111010101001000100010011101011110010010110100011001110111011011
1000011011001100100100111010010011010011011001011110101001010111
0011101001011110000011111010110110100011011111110011000111101110
0011110111010111011010010111110000111000011110100001111100110101
1101101010100110111001110110011101100011111010100100000011110001
1110110111110011110010001000100110100101100100001000011010100011
0001010111011000111010111001011000110001110000001011110000101101
1101101010010011010100000011011110011101101011110000010001011110
0100010001011110110000010100001001111011110110001101011010111101
1100000100100011011010111011000110110110010010110111001011101110
0100101111000011110000001010011001001010110110010001011110011000
1011111111110011010000010001101001101110001010100001111001101111
0000100111000011101000111000111010001010000000010010000010001101
1010011001111100001111111001011101000000101010011010000010001001
1001001001101010110001000010011101101110111011000100000100010001
0111110110100000011110011100000111001111111110001100100101000100
1110011100100110111000111001101010011101110110001110101110111001
1111010110101111101011011111000100010000000111011011100011000101
0110110110000110111110001010101011010011100000111000110001010001
1110011001001011011101110000100101010110001011101100010000100111
