1111100100001100110011110111001001000110010011000100011010110001
0010100100011000110000100101100000110111011101101011000111101000
1000101011111100011001110100101100110101111100110010001100000010
0111011110111010000111101000011011100101101000000100010101010001
0011000010100010001111011000111011101000010100111110001000110010
0001101111010001100111010110010011010000110101011000000011011110
0000001111010100101000100101011111001101111010111010011011001000
0010111001000000101010001100011011010100000010011111110110001110
0000000111101101001011101111011100110010111011100010000001011101
1011001010010110001011010100010001110101101001111110010000110100
1101100100011111100001110101111101000011011001110111111110000100
1011111000010110110001011101100000100111111010101001100001011110
0110000010011111101100000111110011000110110110010111001100111001
0100000111100110011010011111110010100111001110011100101011000101
1110011001111101101110110110101100111100100100110110111000011011
0101010101111000010000000001111001000100101100000000110100111111
0110101000001100010100111010101001101110111111010111111001101101
0110101101100011110001010001010110000111111001010011010100010101
0101110110100111100000100010001000001111001100111111010000000010
1011011100000110001101101001110011110111001100000101011001000001
0111000011110111101111110110010110001011111110011101010000100101
0010101100101111111100100100100010111111001000110000110100001000
0010110110000100101000001010000000101001101101100111001111011001
1011010001000011101111010010010110001100101000010011000011001101
1011001001110001110111110010101010000110110101110011100101100110
1101001101110100000010101100010101101110100000111011100010101000
1111111000101101001100100101100000101110101101011101101010110000
1000000000000001001111010001110111010101010001101001001001011101
0010000001001110000000111101001110011010101011110100010011010100
0100010001110110100100100100110000111111111101010001111101001100
1010111110110101110011010100010010000101100110001000111000001010
1011010011110010010111101000101100000101100111000011000111101001
0011100000111101000000001010011011111111101011001111110001100100
0010001110100101010100001000000011111011001110111010001010111101
0101101011000010000101110110010110111011001100111101101101001001
1011111110111110101001110101001011110000010000010000001100100011
1101110111000100111101011101110110000111110000001010110111011110
0110111100010001110001110111111101101110111011111010100000000011
0001100110000001001000001010110000000110011001001110101101111110
1010010011101111010101100000000100001100011000100001101101111000
1001011110100010000001110001111100010011000110001111010001001010
1011010010001111111000000001101100010010110100110101001000100001
1111011000111001111111110110011100000001001101010110110111001011
1111101110100010100010001010001000110111111110001010000010111000
1001111010110101110011000100010110001110111110100000000111001110
0001111001011010101101100001001110100111001001000101110110110010
1111111011000010110111110110101001100010001010011000000101101001
1101001111100111011000100111101001000001111101100010101000111001
1010011011011111100100011111110111010011110001000000010101110011
1101000100100100111110100011110000001101111000010100011000010111
0000001111101001010111111101000001011100110101011100100111001100
1101110101001010010111010110000001100001110000101010010111001100
0010001101111100100010010100110001001101100010001011010000110110
0001000001001110111110011000001100101001110011010111001101100000
1110010110010101111101001010011101010110010010010010011101010000
