0001101011011110100100010100101001011001011011101011100111110001
1111001001110000000101101111011001000010100101010111000000001011
1101111011111011100111101011110000100011001000110010011001110101
1001111001101011101000001101111100110101100011101001010100111101
0111010100100101101111100001100011001010001101011010100100011011
1010000001000111001011000111000110100000011101011001111110100101
1010111100000001101110001100000101111000010100110001111011100001
0100110110011100001001110011000001101010001001100101110110111011
1100010001010110000010011110000101010111110010111011111011100111
0101111010011101100100100001100111001111110111110111111001001101
1100110000111011110111001111101000111111000100110101000011111011
1001000100110100110001101111001100001111110101011100011011111010
1001010000001010010101111110011010001100110101011010111001001011
0101100111110101100111110000011011100010101010011111101010001101
1111010011011111100100000111101011101010100010011010101010100001
1110110001011101101111000100100010001001000010001101000001101000
0011001011010010111111001111101110001111100001111010101100011111
0010001001011001011000010101000011000110000101110010011111101011
1100100101000110100001110000000011101011000011010000000011111111
1100010001101100001011010100110111111010101100101001001100011000
1011110011011011000111010011100100001111101011011000110110100001
1011111101011101000011110001111010101101011001000010110110100001
0001111000101001011101110100000111011000011110100010101101011100
0011000010010100111100000101000111111100101110010111111000111110
0000000111001110010110000011000101000011111101100001000010001001
1001001111010000101010011011000001111011110010111000111001001100
1100001110010111001110101111101011111100110000111010100111000010
0000001100011110001101011011011001011000100000101011101001011010
0100001100010010110000100011001011001011010001110010110100101111
1011001011111100110101111011101110001001010100001100001001111010
1001010100100100110101010111000000100111101000111101100101010001
0100110101001101111000100011011001110111011001100100110011100001
1110100101101000100111011000010110010111101000101011100000011101
1001101011010110001101110111111001000100000111110100001101010010
1110011100110101011111010100100000011001101010000001011111011010
0011010010101100001110010111111100001001011100110110111001101010
1101100101101110101101010110100010010010111010010011001100010110
0010110000001111100000100000101010111101011111001110000001011100
1100011101000101011011001110110101000011011001001000001100111111
1001011001010110110100110000010000100010101010001010101110001010
1000110011110101000110011101100001101010100110110101101101100100
0001011011100110101010001010011111010101100000010111110101001101
0100111101110001001000110101100110011110101100000010001011001100
1101101011101111000110011011110010101010111010000000110101010001
1000001111001000101010010110011010011011011100001101000101110011
0101000000010100011000001000010011110101010010010001010011000001
0101000010110001101010111010000001111111101000101100010010011000
1110111101101000010110000100100000110101000111111010011000001010
0101101011011110100101010011111010001101110111010010010010101011
0111010100011111100111011111100011001001011010011000010001001101
1111010111100110111001010010010111110000010000110001000100100110
1001100100011111011111000011111100010101101001010110100101100111
1010100001000001101101000001001110110110001001100011000011001000
0101110000000111111110100111100000000100110110101000011110000000
0111111010111110101101010101011101011000011000100010111001000000
0110001111011001111011110101011101001010010001110000111100001101
0110101100001001100100001101111111100011011111101000011111010101
1101110011110010010100111110001101001110110011101100010010000011
0011000101100010111011010011011010000110111101000001010001011000
0001010011000100101101011111100011011001000100100000001010111100
1001000010111000011101110110110111110110001111010000110000011101
0001010001111111010110011000111111001000010011111101000010101100
1101001110100010001000101011110101111011011011100000001110001001
1000110110011010000111001011011001101111011011110001111101100001
1100101100111000010011010011001100100010000011111010101010110000
1110001111010011011000111100111000101110111011111010101111110100
0111101111110110001000111011000011000111000100110001000010010111
0110011111110110110111101100011010101001011011011101011011101010
0010011011110000000011000010011001001010001010111011110111001010
1100111001101101100010010111100001000001101100100000001000111010
1101000000000111100101100011110111101000101001000110101001101100
0111100110010110100100001011110001001100101001010100011101100111
0110110110100111000111101011010011101000001011000010000101111101
0010001001000000011111101101010111001111000100100001111010010101
0000000100111111100010100000011010100001000000000000000011000010
0000001101111100111110111011000100111110111101111011010000000001
1011100100010100011000011111011000111110100001101101011000010010
0100101110011001100000000010100111010010110010011101010000011010
0111100100000011010000010110011011010111001010101001110001011100
0110011111001011000010110100001111000000110111000101111000010111
0111000001000010110110110010110010100011110111000000010101100001
1101101110000101101000110100101110000010111100111001111010111111
1011100111110111111011000100111011000100111100111001100100110111
1100010001011101000101001000100001101111101101110010111010001011
0101000101100010010011111110111101001110010011110000101011011101
1100110011110010101010100001001100001100000000001111100100000000
0000100000001010111101011101111111111111011000110100000010111010
0000111100100011001001010000000100100011011100101010001010100110
1100100100100011100000111010100011011101010011001010101111110000
0001010100110001111111010100110000010000101011110101000110100011
1100101100010111000110100101101011110011001110001000000010011000
1101100111001100111001100101111000000100001011101101110010110111
0011011100001000010111011101011100101001110011011001011110101010
0100010001000000000011110001010100111011110001110010010011110011
1101000011110001100101000100010110000001001110110000011111010110
0110110010001011010001001011000001111010111000010100011001110011
0011010100011011111011000011010101110101011101001110000000000100
1011000100101000010010001011010001110101101011010011101001000001
1100110010011101010101101010110110001110110000100001100100110111
1101100101111110001001100110011110001011111000100010111000001111
1000110001001011100101001001000001100011101011110100111110111111
0101101101101101100001110000001110010111100011001011011011101111
0001010101001011100001001110100011110000101001011101101111101011
1101110000110000011100001010101011011111011000000001111110011100
0110000111010111010110111010011000000100011001100110101010100000
0011010011100010001101010111010001101100011001001111011001111100
1000010111000110100000110011110011000000110111001000011110000110
0011111010110010000010101111100101100111000100110110011001101000
0100011101011101001111000101100111111010001111110000010001100111
1101101001011000110010101111000011101000000011111011101010011001
1101111010111110101010110000110001011001111100000000001011101000
0101101000100000110001001110001101001000111011101000001111001010
1100101100000010011010111011001100011011000000001100010011001101
1000110011001111111010001011000101111111001101001100100001101001
0000000001111011100001110110100011000011001111111000010100111100
0111010101110100010110101000010111100111001101100110110011111010
1100101100010111100111110011100000100010111110011101100100110100
1111011111011111110001100001100100011001011110000100111111101001
1100001010110011110111010001101100000111001110110000000011111011
0110011100100000111111010000111101111111010111011010110001101010
1000110010000000101001001011000011010010110010111001011101100111
0111100011110010001010010001101000011111011011011100010111000001
1111000001011010010000100110010111011101110101100110011111100000
1010011011010011100111110001101100010010110011110101101100101110
0010111110001110001100010100011000010111101110011010101100001000
1100101111111001011111110001010110010000101111111000001101111111
1000100000010100110101101011000101101110101001100010000110011010
0110000111111010110010000010000001111110101011011110110110000010
1011010101001001010100010111001001010001111001001010111001000101
0101110010011110011011110111111111110101100010000100010011100111
1100000000101100000011111001110111100011010001101000111101011001
1101111111110000110001011100100000111001111100000000011100000000
1000111101010010000100001001010011111001011000110010110011010001
1001011101011100110010111110101110100110100000101111001010010100
0110100010101101001101010010001101010100000111111011001100001010
0101001000101000011111010001011000100011100111001100001100101000
1101001001111111111111111110111011110111111010000101111010101010
