1011011101010110101100010010000101101101101101111001001111001001
0111011111001000000010111000101000101101010001100000101001000111
1011110000000001010101101000111101001110000010011000001111111000
0010101110010010000110001110101101111110001010101011100100100111
1001111101110000100010110111011011011000110100011100001010100000
1000011000010111011001010101110110000000011010011010010011111110
1101100001100010010110110101100110101110100011101110111100010010
0101011101000010101011101001101101011111011100010100000101111001
0110010011010101111111100010011011111100111011101111111011111000
1011101000110110010000000001100001111011000111000011111101101000
0110101001001111000101011110100101101100010100011100000101000110
0110111100001110110010110000100011111101011110111111110000010011
0111100100110010011001101011000011001101001011000111111100110000
0011100101000000100001010001001001111110101101101000100111110100
1110001001101101111010111101000101000101101011001010100110100100
0110111111111011010011100000010001001100101111110101110100000101
1010011011100000111011010111001000000100000010101001000010011111
0001111010011001010110011111111111111000000101010010010100111100
0010100110010101000000111101110111100011011001101010100011001101
1101100101110110000010111000110001010001100100011001010011011001
0011011100110110110000111110101011010011101111000100111101010000
1110001001111111001000000100110111100110010000100100110000100000
1001010100101101011100100001000011101111101010101001001100000010
1100111010111010111100000110101011001000111001111111100101110101
0010100010001010000100110001110001101101010111101010111000011001
0010000001000111001100000101000010000100111100011010101101000101
0010010001011011001011011010101100101100010100100011100110001001
1101011100011100000111001100010000111100100100111110100000110101
1011001000010000101011011000111110010001011011011101100110100010
1000100101100111001011100101101110100110010001111100011000110101
0010100101010101001001000111000001100101000100010011111000001110
1010000101001110011101111000111000110101001010101010100111010110
0010000100000000000100000101010001010101010101111000111111011101
1100010000011101011011000100111010011011101101001101110101100100
0110010010101011111000111100101111010100100000000111011100010110
0111100000101111011100010010011100111001111100001101111010001000
0110010110011110000001011100100111011010111010100000100100010010
1000001110000000001001111001100110101100111010011011011011111100
1010001000000111010100111000101101111010100111011101100011000100
0011000110110010100011010101001000100111010101100110111010010101
1001110100110010000000011001100100000101100101010111110111000010
0100010100001111111011110101101111111101111011110011101110111100
0010110101100010001111011101100101001101110001011110100000010000
1110011001000011011100011010101010001100001110110100011101100011
0001001111101100001101000001110011110111111111011010000001100010
0110101011100001010111100111110110010000001001001001010000010000
0100000011100011011001111001111000111001010010101001001100100001
0011100011010001001101111010010001010101000110100001111000000010
1101111101001011111011001101111000011101010101111101111100000000
0011110111110011011010010010110000110111111011001001101101100110
1011001011001010110111011110011101011101111010101010001000000110
1011011100001101100010000011110110010010000111010100010101001100
0011101101011110000111010110111100010100010001101000101011011100
1010001100100101101110101001111011100010010101001001001001010000
0011101101010111100010111101101001100010011000101001000001011011
1100101110000011101110001101101110011100111110000111011111110011
0101011100011001000011110000001100011001100001010011111001000101
0100101110101000111000100111111100110001110011000100000011010000
1010101101000000000101011110101011010110010000110110111011110010
1110111111010011101001110010000110011001000011001110110101101100
1111011010100001101010011010110111100101000101010100001101011110
0111111001000110011110011100110100010010100100001100110101001011
1101000001011101100010010101010111011000111011001001001111111100
1110011100110001100100111100000100000010101111001001100010110111
1001100100001111011010000101111110001110101110011000101111101001
1010111100101001010101111000011000100001100011110110011110001011
1010110011010001011111100111010110110000000100010011000011001110
0111011010001101110000010010001011010001010110001111110011000000
0000000011010100111111100111000000010000001001000010000101111011
1101101000010010000001011101100100000111010000000001100011101111
0110101010100010000101011011101100110011110010000011110001000000
0111101101011100110111101000010010000101100101101110000011010011
1101001110001101011010000100001001110100000011100001110100001001
0000100000101110101110010110010100111000101001111101111010000010
0000100011111110100111010110000101101010011111000000110110001111
1001000000111111111011101101110001010010010001000111110001100111
1000111010011110110001011111111110000111111010111110111000000100
1111110001101011101010011100010001010110001000010000000110101001
1110111101000010011000101001101010010101001110011111000110000101
1110011010011011101100110010001111100101111101110100111111101111
0011011010100010011011001011010011100100111110011000011000001000
0001000110111100110110000100110111000101000011101000110111010000
1000101100011000110000000111110100101110000010101000110000101010
1010110010000111110001010001101110010101111011011000101111000110
0101000001101010111011000000100111100011001110110000100111100110
0010110111100100011001010110110110101011111011000111100100100101
1011111011100010111010111011011100000100010100111100011110111011
0101110000110110101000001110001110000101111111010101000111000111
1011100011110100001010011010011000101110011001111111101110101110
0001000100000011011110110011101011010111000101101101000010110000
1110001100111011110101111110011111010010011100000011001010101000
1000001010000010010010001101000110001110010111011010001001011001
0111101100100111101110101010111100011101111100010110010101101100
1100110011001110010011111110111101001101100111101100111000011110
1011000110010001010001010010110101001100011101010100010100110001
0010111111001111110011000101000100110000100010111111001100000000
0111111111111000100111101101001111001110000011100100010101000101
1011010110010110010000111001010010110000100000011110010110101001
0111100011001100010101100110001101001111100101111000011101011111
1000001001110100111110011000100010010100010111100101001000000111
1011110100110010110101101101001001111100110001100110010000100011
1111100001100100010011101111001010111100100101111000111001111110
0011011101000100011011110111010001010111100001011101010001101101
