0110000001000011011101010110101101110100000011010100100111010010
1111101110111111100110010000100000011100000100100011101010110101
0000000001101100100011000100000011100100010000010100000000100100
0010000001011010000011001100001110001000100110100101110111110001
0011001110011101111111111100101100101110111101000000001001000101
1001001001001100100011101000110111011100010011001001100000011011
0011100111000010000101100101011111011000011101110000010110110100
0010100010001100101111111000011110110101010010011111110000000001
0001110101111101110011010110101000100101001100011001100101001010
1111001001100000110010110110100110100010000000101110110000010101
1010100001100101111111011111110001101001100100110000010011111111
1001010110010011101110110110010010001110111001111101111111110101
0001101101110010011101101010000100110011100000100000111010100000
1000100110101111110001111111111010000111100010110001010111100110
0010001011010100001010010011110000100100011011110111010110101111
0001100000110100001101101111110000101011001001101110111010001000
0100011010101010110000001000110000000101000001011101100100010001
1010101101111110111000110010101101000000101011110110011101100001
1000010100111101100011011000010000000100011001001101000101100100
0010111001010000110101110110100101110110101110001010011111010110
0101010000111101011011000011010011111101010101111101111001111111
1011011000110100110001010111101111110100010101011000101000010110
1101111000001001001010100111100011000010001010111000000110000010
0010010010010110000100111001110111100110011100111111011111110010
1011110010001110010010100111011101000000100101010001101110001011
0001111011000011101110000100011101001011100000101010001011111111
0010011001010110010000111110100000001000011010000001111111101001
0001001011110110101100111100100110110010010110111111101001000011
0011001011011010000000100011001000001010110101111011101001010110
1011101111000000010000101001000110000101000111110111110001010001
1010100111000011100010111110101110010101110100110001011001100101
1101001101001101011000100100011111101110011110000111111011110111
0011100100000101111111101101101000000000010101010011010101111110
1010110000111110101111011101011110110000001000110110110000001101
1001100100000101000100100100010101111011011000110100001101100110
0001100000000111001010001110011100010011001111000011001011001001
1010001000110111101110011110110000001000100000011000101010101100
0010010101001000010110100100111110101011111010111000011110001001
0011000010111011000011001000100010001000000011011010101100011100
0111111011100010001110111101110101011011100100111000011010101111
0100000011111010101010000011111100001001100010111110111111101110
0011001010110011000010101011111110111111100001011101111001101100
0100000011011010001011111110101100111101001100100001110010111001
1010101110010110001110111001101101011011101010000101010101101111
1101011101000100100001001111101010111110011110100101111100011010
1011110101101011000101101101100111001110110101001111110101000110
1110111010110001101100111011001100001100000010001110101011101111
1001001001010101000001110001100100101011000010001001010100001001
0110000110100011101001001000110110000001100001000011110010110111
0101101001111000000101100101010011100100000011100001101101110111
0000010001001110001010110011100010011000000110011000010000100111
0111001100111110001001001011101010001101001101111000101101001001
1110000110101101011011010000011000010101101101011011111011001100
1011101100110110101011111100100011111110000010101101011101000000
1100011010110011111001111001111110110011111011100011101001011001
0011001001101001000000110011001101011011110100101011010011011011
0011111111000110100101000011100100110000010001011011101101110100
1010011000110111001000110111100111110100101000010011110000100100
0010000101011010001001110111101011001110000111010001001000100010
1001011001000100010111100101110011110111111001101011110111001011
0011100101110101011101101000001110100000100010100011001011010000
1011011010110100001011110111100011011110001100110011110000100000
0110011010001010110100011100011110111101000111100101000110011110
1111110000110010011000011100011100101000001111110111110100101010
1110000100010000000101011111001111010110010101111000010100101010
0001001100000101010100000110011101110110111011000111001011100011
0101111010010110000011111011110110100000100010110000100110000110
0101100100011111110011010001110111010101010010110010000000011110
1100110000010111010010010110111111001100100000100011000000000111
0001010111011111000101011001010000100111001000111101101111010100
0001110100010111111011110011100010100001101010101110001000111001
0000100000101010110010110111010100111011111101010010101101101101
1010100010110101000011100111111001001001010101011001110111001011
1011001110100000011000110001100011110110001101001110010100101010
1111100101011011011101111110110001101101111111111111110110000110
0101001011000011010110111011010101011001111101011011010001111110
0110111101001001001111010010011111101110010000110010010011111101
0111101100110110110110110011101001111111000110000110000011011000
1110011000100101101000111010011000100110100110010000001010010111
0110110010011111011000111001000100111011111010010011110111101001
1000101001111110111110001101001111101111000001010100111111110110
1100011011101010011101000100001111110111100111111111111001000110
1011101000111100100001010111111000101110000111001000001010111001
0011101100010000110011011111101111010100000010101110001111100010
1100011110010111100101100011001100110100000101110100011100101111
0111011111000010011111011010101001000100010110000011000100000101
0011111101000001110101010010100001110010110010001000000101000011
1110110011101111111001111100100110100111101011111010011010001001
0000110011101111101110110000110101010000010111011110010000111011
0000010001110110011101101101101101010101011101011111001001111110
1100101001000010001001110100110101101011101001011011001111000100
1010010100110111100001010101100100010010101001110001101001000010
1011110000110000100011001011100101110001111100000011011000010010
1010101101111010001110110101110000111110001110001110111010110101
0111000011001000011011101000000110011101110010100001101011111101
1001010011110001000111100010110100011001000111101110001001000111
0110100010001000011101111000000100101100100110100011000100000001
0011001010001100111001101111101111011011000000011101100100010010
1011011011000111111100001101000010001000000011011010001111000011
1011101001110011110011001111011000110011100011000011011110101110
1011010001100001001111100000101110010001111011101010010011000101
0100100111010110000010001011001001110010101101000001001001001110
0111001000000101000101010100010101100001011010000100111100111111
0101011011110000011000101110101010010101010011101011000010010101
1000010110100000110001100111011001001001000010010011111111011101
1111011010000011000011101101001010111011010010100111000110000101
0111101001000000101111011011010100000011110101101000010111011010
1100100111111100011000101001000101111010011011010101011011011100
1011011001111011101000011010001110101011111111000110111010011000
0000000100100010100110101110001001001011110000001000100111111000
1001001010100100111011111010011010100001110100111010001100000000
0000010001111101110101000011100010010011100111100011010110011111
0101101101101100101011110001100011000101010100100011111110000111
0111001011000000000110100001000110000111111011010110101000001110
0100000100000010110010010000101111111000000100100000011000101001
0000000110110111110110001100110010001110110000010111010010010110
1011011110100111110000001001010100011100011011110011001100100000
0101111001110110011000010111000101100110111001101100000100101010
0110011001111111011010000111100111101001110001000100100100001011
1100000010100101110010011010111010101100110001010111000110110001
1000000110111010100011001011111111100101110110000011011100000011
1000010000011111001011011101111101101000010011110011000010100000
0000101101011101111000110011001100100101010111100100001100010010
0101000111111010101011111011011100100010000101001110110011001111
0011010111000111000110111110000011111011101110100100000111000111
1000001010010111011101110101010110001010100000011011100010011010
1101011110101111110010001100010111101111010000010110110011110111
1001111101111100100010000101111101011011001111110100110111001101
0110000110010011111100000100100111011001110011111011110100110001
1111110010101101001011101110111000011101101111100111110101101000
1000011010011111000010000011100000001001110001111010010111000010
1010000111000110000111010100111010101110110000101000100101000000
0011011000001000100001110110011001101101010011011000010010011110
