0000101000001000111100010100101110001010000100010101100001011010
0111100001100100000001101101111011110011111001110110100110111011
0110111011111011010010000010111000001011111101110001110001101000
1000010100011101101110110000100101111101111111010000011101000010
1000111000100110111000111001011100111110110000111111000010010110
1111011110101110101110111000010010101110111001101001110100110100
0100000011101100100000011110001101000010001000010100100011101000
1011100101111000101010100011100110000110001010110101110111011010
0010111111110111111110010010111110001011101000000110010110000001
1010001111101110110110000001110110100000100100011111000011001011
0110111100010101100101000010010000101110000001000001010010101001
0011011011111010011111101100111111101000011100111100101011111000
1001110001110110100111110101010101100101111100000010011001100101
1000110001011110100000100000101010001100000111100011110001000100
1000110100111010000111100001000000000011100110101101001101001101
0101101110101010100000101011101001110101010000101011111110100000
0100101001111110100101011011000100001000110010101011001001111001
0001011010101010100010000110110011101000111100110010000111100010
1101010100111110001001000101101111010100100000001010111000001011
1000010110001010100100011100011000011011000000011010111010001111
0110010001011010111101100000010001000001000011010000001101011110
1010100111101010010010111101110011001100010111111010110001110111
1101001110101110001110011001110011101110111000011000010110010101
1001100010001101011000101011001111101100000111111001001011010101
1110111001110001111111101111011111010000110111000101010101011101
1100010100000000000001001000111001100101000001110001001111001101
1011010100111100011010100111001110111001101000110010011011100000
1100011000110011110111101100101100000110001011001100010001000110
0010110001010110000011111100110010000010101010110101111001110010
1111001000100011111010010110010001100011110000110101101000100010
0111010100000101110011100011111100100011010011110110101100010100
0110101000000000111110101010110111001101101010000111111010101010
1100111100101001000110101110101010011100101011101000011100011100
0001100111111101001011011000001101100110011000011101001111001111
0010001000100010111100110001011111000101010001110101111011100110
1000110011101110101101001100000001100111001110000011001001000100
0101010101001000110101001100000101111000001001011011110011101110
0011011110011101001011011001100111011110110000100011000010100101
1101001001110000010001011100111111110110010001011101011110011100
1111000110100111011100110010001011001110111010010000010111010011
0100010001001101110111100110101010101010111111011111000011110000
1101000111011111100010101010101101011110110010110111011001000011
0001111010000110100110100101110111111000010000110100111110100100
0110011100101101010110010001001100100011010100011111000111000101
1010001011100001001011011110110000101101101101101001100011101000
1101110011101100011011110110110110111111101010100001010111110100
0011001011100100101001000101001110100010011111001000000111100100
0011111111010110101110011110100101110100101000100000111110111100
0100100001100101001001101100110100000101011010000010101111101000
0100111000101010001001000000000111011001001110001110001011000000
1100011000111100101011011111001000100011110011111111001011011001
0011101001001000010010011111011000001001011000010000000010100010
0100000010001100110000000101100111000100001011000011100010010011
0000011010010001110111101010010011010111011010111100110010110010
0000110111111010111001101001011010110100010001001000110101011110
1001110100110011110100010110011100101010100111111100010000011001
0100010100011011000010100100011100100110000100111001100110101101
1010001011001111101101101010111011010111001100000111100111001001
0101000110001001100011010011110100110001110010110001010111010111
1000010010000011100000010100111010000101110111101110110010101110
1011111110101100001110110010111110111101110011011101100011010111
1101110011111111101101111101101101110101010100001011011101110101
1101010001100000001000001111110110111001100111110110010110011000
0101110010010111001100000000101101101000000111100011101010010111
0110011100101001111100111010011101000101110010100000001111011110
0001111011011111110110101001111101010111001010011110011111111001
1011010110110000101100010011100001011001010011001011100110010011
0011011100011100111001001100000100100001110110100000101001110001
1111010101111100001110111100000011111010000011001000001111101110
0001001011100111010010011101001111010011100010010100100010100001
0010100111101011011101100011110101111010110001100110110111101101
1111100000110010010100101001110001000100100111100001101001110111
1000110100110100011100000101111111101100100001101011100111100010
0101100000100001011011100001100111111001001000100001110110100011
1010101110000011110111000011011101010110101010111111011100011001
0001111111001000000011100000011101100001111001011110110100010100
0010011010100010011101001000101000001100011010101111101011001101
0001101111011101111011001001110001101110011101111111000110011010
1111111001000110101011100001101101110110010110000110110010110110
1000100110101001010010111100011011111100101101111011001101001010
0000000101011010011110111111100001100110101101100010000110001000
1110011011110101011010011011110110100011000001001001001011010000
0111110000101111001010101000000100001010110110001010010001001111
1110100011111011010110101001110001001100100000111110000010111010
1100110101110000010100101000010111110001001101010111101010011001
0001011111101000100101000111110001011001000110011010010101011110
0000100111011100101101000110001010101011010010100000111011111010
0011011111111110011111001111111010100010110001000010111000010111
1010101011100100100011000100111110001101101001111111010101010101
1000101001011110101010011011110101000010011000010001100000110101
0011001101110101111010001011011101000111111100011101110000011111
0100011011100001100010110111011101011111000100111000100010000000
1100000001011111001101100010000111000110110110001101100001101100
1011010011101111010110110000011000010011010011100100101111110010
0111001100110001100011011100111010111001000111100111010101001010
1100000110100110010001100110110100100000100011110000001110100001
1011111000001100110110000111101100010100100000100001111001011010
1011100011000100111010011001111100010111001000010000011010111100
0000110110110000111000100111001100100100010000111100011000001000
0110001101101110100001001101110110010001001100010011001010001001
1010110001110010111110001100001110100110001100001010111100111011
1010111100010001000010101001111111111101010010110011100010110001
0010110101110000000001011000100010110000100001100101001110101001
1000100110000110110101111010101001101011101111110010000011000111
1001011101100000110101001010011011000001001001100101010101101011
0111000001000110001010100001111110110110111101001010010111011100
0101110001111001001011100000010000001010000001111000110101000000
0110000001000101001001011010011011110011011110001100000101010011
1001110110001001011010010110110101111110011100011111111000001000
1001110101000001011111101100100101111001101101011001011001111111
1110001100100111110110111010111010000001001010110001101101000101
1010101111010000101011000010111000011000001110101010010111101101
0100010010000110001100100101000010001110011101001110110010000101
0010111001100101001110000001110100010001010001000110110100001111
1100000001000110100101010100101010000111011110100111110111110011
1011001110101101010000100111010000000001110011100010100011011000
