0111100100101101010001001000011000010011101100000001001000101000
1011011000100010100110100010101010100010101111101011010011111110
0100011101100000011100010011101000100100100100000011100110100101
0101100100011111011001000111011000101011000010101001011011110010
0111100011010010111000100011101111010001100110000010001110000101
0110101110010010011101101101101101000110001100011011110110100101
1100101110011000000111010110101110000111000010111111000111101001
1010000100010001010111000101000101000011001101010011000100001100
1100101111101011001101001001001000000001011001111110110010101010
0110001111110110100010110001010001011110010101100101010010101011
0011011111011111101110010110100000100110101110111011011111100011
1110011110101010110010100000110011001001010111100010011000001010
1010111000011111010111010011001000110001001001111001010101011010
0000011111001110110010100001001001001000111111010100110000010110
1001011011000101001000001100100101001100000010111000010001111000
0010001011010100001010100011111111011011110010110110011011101011
0010000111011000101101010101010111111110100001010100001001101110
0010011101101100001111101000110001011000111101001110111100000101
0010111100001011000011010001000111100101110000111001101011000001
1010011000101100000110010010101000110010000011111010101101100100
1101111101000111001111101011111100000001110011001011001011111011
1110000000010111100000111011110101001011101100000000111101001010
1101010100111101011000101010010100011000111000010101000101010100
0100111001011000101101001100101000010100001101101000100110000101
1101101000111010101111011111101111111011001100011001110001111011
1001000010110001110010010001110001100001001011100010111001010100
0101011010010000111111001001100010101110101110101000000100110000
1001010110010000111010101011010101010011000100011111101100100110
1001000011000000000001110110010100011100011001101010001001000101
0110011111001010010010000011100011001110100011000010011110001110
1001000010101000100010010110111100101111101111001011110110000101
0001111010000111111110100000101110101010100010010110001000111100
1010010100001001100011111010110101101110000110110000110000010110
1011010011011101110001000100110111000111110000000100001111101110
0001111000111101010110111001011110001001100001001101100000101010
0110011000000101001101001101001010110011111011000110101000000110
1100011011100110010111111100100101111111000100111001110110010010
0111111110011100001111000111111101010001010011111111110011101010
0001111111101011100000000100001101100100000100001110111010110110
1100011111111111100010010100001010110000101010110000101100000010
0011110001000010101110000111010110111001111010100111011011011000
1100100001100110001001000000111101101001110100000010101011100011
0011011001110100011000010101000100110010100111011101110000101011
1101001101100010011101110100010001001010111010101010001011000000
1011110001100001111001001010001010100100101000011001001011111000
0001111100100111111111011100010111100111010111111100011110100011
1000010110110111001111010100011011110010010000111010001110000111
0011110101111011001010000111110000111011001000011011110111000101
1001101100000101000001110111001000100000010100100110101001011101
1110111011010000111101110100100000011111001010101110100111101011
1100010101000111110110001101101000111011101101000011010010100000
1100100100110100111000100110010000011000010010000011110101000101
1001000101111000001011011111111001111111001100111100110101110011
1000110101010011001111111010000110010111011011010011010011111001
1111001011011111111110011011101111111100111001100110000111100110
0101101011010011001010110111100100100000101100010000110000000000
1010000110111110000111110101011000111101001011001101110001001001
0000100111000100110101011001100111111001101001111000110100100100
1101111000010101001001100111111101111110111010111110001001100001
1101110110010011110111001101001100110011101100011011101000110010
1010101000000001011010000000001100100010100111010011010111100001
1011010110111110010011010010011001010001010101100010001000000100
0111111100011111011110111001000010111100100100000000111010111100
1100000111000100100010111111101101010110110110010111010101010010
0010100111100110010001011101101001011110010110011001100101100111
0011011000010001010101110101111000110010101111110111000000110101
1000011100110001110001101010110011101001000101111001100011011010
0000100101110101100110100001101010101110111010011111000001010011
0001111101010000000000000111111010001110111100011110101011101111
1010000101100111001011111000110011100011010110100000100110011001
0000100010100010001100110101101011111101111100011100111110000000
1101000000010000001000111011001000101010100101110111010111111001
0010011011100000001100000111110111000101000110011011000101110111
1010111100101011001100110010111000000110111100110110110000011000
1000000011100111000100111100011011111011110001101000010010100110
0010100001011000110101011101110011111111111001011011001100001011
1110100110100001000100001010011000011110001111011100111001110000
0101110110111100101111001000001000110110111010010001100010011011
0100101011100101011010011100110100000111101000110010010001010101
0001001010101001001100001101111101001111100001110000111010100111
1011011011010101111101011110110010101101001110010100010100100011
1111100001110100110001001011110110000100011000000010100111010100
0110101100100110001101110101010110000010110101001100100111010001
1001100010111111010000010100000001111000001111101011110110110000
1110101010001011011000001011010001100100111111111100110110101100
0101101111000000010100111111000101110110101100010000111110100111
0001000110101101010011110111100101101100010001110101101110000110
0001011001011000000001100010111001111100110101000010010010010001
1010001000100100110111001110101110000110111111010000110011110001
0001010111110011011110011000101101011101100011010100101100000100
1110101010100101000011001000111110111010001110110101111110011001
1100010010011101000000110111011100000111111100101110000010000000
1111001000010111111011111110000100011001001000100011011000011110
1011011010111001111001101101011111100010011001100111000101011000
1010101101111001011011011111011110100001001101011111001100000101
