1010100010001011011011100010001100010011110111001101001010011001
1010001100100001010011111111110110110001010100110010100100010100
0000001100000000111011110011000110011101110101000101000000010101
0100101111110110011011010000000011000101111111000011110111110101
0110111000011110100001101011110000110011111100000000000000010101
1011100010111111010011010111100100011110000101000110001010100110
0011000101111100100111001111011111110111100110000011000001010011
1011010110000100011000011100100110011011001011111001101110011001
0111010101111101001000011001000110101100010000010110101100000000
0111001010110101101001001011101110000100000101000100001001110000
0110110001000000110110111101010010001111101110010010110011001011
0111000100111010010000001111000000001000110111011001100000000110
0000100110011100110111101001100010000011010111001100110011001011
1100010011001010101111110110110110110000100011000101101101010100
1110011110001001110011100000001001111110001011011011010111100101
1101011111110110010100111011101010100010111011111000011001111100
0111000010100100011111000000011000110000100010101010110000011010
0100000001010011110011101100101101001110000101111110011101101001
1100111010100100001000000101100111110000001101001010001000000100
0000111110000000111110100000000011100110111101101100001101010001
0110011001100010010001110001010010111001101100111101001000110110
0111100111111111101100101001011011111010111101111001001110011000
0100110100011001110000001101001101100101000111000000101110110111
0010100101100101001000011001111011000110101011101011101000111100
0011000101100111101010101000100100100011000101100001000110010001
0000000001000010111111001001100001101101100101111111010000010010
0000101010110001111011111110111110000010100110010101111010000011
0111000111001100011101001001001101100110010101011101110111111010
0110000111100111001011110000110101100010011001100110000100111111
0101101000000100101101111110111110100011001000100101011011110100
0010010001101100011110100011111101010111100100110010110011100111
0101100010101010111110111100010110101100000000111111100110111101
0011001101100011001001000001100101111110010010000101000100110100
1000101011111110000110000101110100011100011100111110010000011100
0011111100111001110011011001001101110110010000110000101110001100
0010101111101000110010011111110010000110101101100010011111001101
1110110000011001011100010010011101010101010010110101001000101000
0100101000111011110110100101000011111011111000110101111100001010
0001010110000110111000100001010111011111000010001000100110001010
0000001101101100010010010001111111111101001011001101011010110000
1001011000111011100100001100011110100110000110011101010000011111
0000100011011100010111001100001110111010100010110001110000000111
0010100101111011001100110100101111010100101101111010011010011100
0001101001010001110011111100001101111010110001111110100100101000
1100011100000010011000011011011010101101010010001100010100100101
0010010000110011000001101100111001000101001100011010110011100011
1001110100010001001100011100110010110100011011001101100010000100
0010010011010011010101000011101010000100101100010110011000000000
1101101101100000001010010011111000111011010010111000001101010101
0100010011010111010111110001010010001111101100111100100100110001
1000011001111000010110100100101001111100011110001110001100000011
1100111001011001101001000110010001000111000110111100000100010001
0000001111101000000101111001010010111011110111000000001001010000
1110111110011101000110110111001101010000111000101101100110010101
0100000010010100110011110001010000001110010010111101010001000000
1010100000111011001011000010101001000010111001100100001100000101
1101001110001010001000100100111010010011110001001011100010110001
1001000111101110101010110111011000011101001100100011110011111111
0110111000111110101110000000110111000010100001101010011110011110
1000001111001100111000001110000111001110001010110110011001000000
0001110010101001111100101100100000011011001101111000110111001101
0001001011111001110101001001000111010000111100111110001011110101
0000101001111000001000010100101011001100011101011010100001111100
0011111010110101101100110010111101100110010000100010010001100101
1011011010100111001100101110110110011000011010011000100010111000
0110100001010111000111100110100111111111001100011110010110011001
0101110001111010010111101000100100010010100101100011111011101010
0110000011000010100100100000000111111000011101101100010110110110
1000111001110101010000101000010101011101011010110000111011010011
1111100010011001001000001000101111110100010011101100110100110101
1110000110000000010001111011110111011101100101011000010001010001
0110010001100110100111001101111011011111011010101010011111111001
0000000100010000000100100010110011111011111101010101110110001100
0011011010100111101100000011101010011001101010011001101011101000
1100110001011010001001111011101101110101101011010110001011000000
1001010011010010001100011110110101010111000000001010001010001001
1100111010000100001000010111001100000101111001000011011011100000
0110010011010101011011001110110001111111111011010100100110010111
0011101110000000110001110001111001111001010111011110000011011101
1010110000001010110110101110000110000100000100110100011001010111
0100100111001011111001001111011001011000010011000000101001101011
0110000101100000010011010111111110101100000101011110101100010011
1010010101110110011000000110100110101001001101101111000111010111
1000011100000100010001110001110011111110000010110100001000000100
1000001000011010111101001111110100011100101000101110011000101111
1100101000001000101000111011101110100011110010001000101111101000
1101110011100101100000101011111111001011010000110010111000010011
0101010000100111011010001111010010000000000111011101100010111101
1111100100100100010100001111010101001100001011011100010001111111
0101111000000011100001100010111011011000000010101101010100101110
1000010010001011000111000100000011010000001111011101101100101011
1011100110101001010101010100111001110111000010011011101000110000
1000010111101011001101110001000010110111110001101111010110001011
0000011100110000111110001001000111001001111011101001111000111101
0100010111010100001010100011001111101011100101100111000101001010
0001010001001101011001111010001010100100000001110010010100101111
0110000000110100101011010101100001111011100101000111010111010100
0001001110110100101010000000100101000100111101011010000110100110
0100001010011011011101111000101100111100001000001100101101100110
1000111001110110110000000100010100011001001100101001000101110001
0011000000101110001010010000001111001010110100000101000110110111
1110101101111000011011000100110010001101110101101000110000110000
0000100111000100010101010000101010010111000011101100101100011100
1000001000000110000000001110001001110000011101000010100110101010
0110101101111101111010000001010100001101111001100000111111011001
1000001010000000100111001100011110011110000011000010001110001001
1000101010011010001100110011000111101000110101011111100111100101
0000111111001110110011010111011111111010000100010000111101100000
1100010100011010101010100101110010000110010101111111000010001001
0011000110001110110101110011001001010101011111100110000110010001
0111110110101111111100010001100010001011000000101100011110000010
1110111010111110010001001011010001010011001001100110111000001010
1011100011001110010000100001000001111100010001010110100000111111
