1111100111010001011011011111011111011110100000000101001000110000
0000101101110000101001001101010001111001101111000010010110000001
0111101110000100000101011001001110111111000111000101110111110101
0011101100011010010100110100111011110001001101111001011011111101
1111101111111010010110100010000001000010110111110100001111011000
1100110111001011100001111001101010100000000010100011010100001101
0011110100111000011001000010010100101001101011100100110010100100
1110111010101001000010000001111110111001010000110101011111111011
0100111010010000010101011010001001001010001010011101110001101000
1110010010101110010000010011100010000101111010111000001111101111
0110100011011001011001010101110011001101001011100100100010110111
0001001100111101100010000100101110010001010000110100110110001111
1010000100111111001111011000000000100110101000010100010101011001
0110000101100011011010110110100011101000110011001111001001111110
0001001110111000010100001110010111110101000111110111110001000111
0110100111001110011001000110001010001101101110110101000111000101
0101100011111011101011011000111101111100100000001100110000010101
1110010001001101011101111001000010101101010101011000100001010100
0100101111000111001100000110000010100111101100001100100010000100
1000001100100000101001111111011011011001101110001001101110010000
0100111101001011001111000000000100001101111110110010011011000010
1000101000001000110001100101000101101100110001001100101001100001
1101111010000010011111110100001110110000110001001001011010110010
0001010100000001110001011101110000000111011110001011001011011111
1010101110010011110010100010001011111010000000001010100000001001
1101001111011110011011100001000101111001010111011011100010011100
0110101110110110101011100011010111100000110000010001101001001101
0001100101011011111001110000100000011011011100110100010100000110
0000001110100111010100001100011100100111100000011010011001101111
1110010101010011000000001110011111000101100111010101010111111101
0110100101101111001111010011111001101001001001010100001000100111
0010010011110000101100100001100110111101100100001000010101111011
1111000110101111011010000110010111110100011000101010000010000011
0101010010001100111011011111000010101000011010000010001000011011
1111100011101011111001110101100000100010011001001001101101101010
0000010000010010100110100010000001001111101010100000110010010010
1010110110100111101111110001100010110101100100111100101111000000
1110110111100101111011110010011101111101100011100110001011010110
1110000000100011101000110110111011011111001101001110111100111111
0010011000010001100010000101100111110110001110111101011110100010
1001111111111100100001111100010010001000010001000110110111010010
1000111011110010000101001011101000000101011011101010000000010100
0010110100110000100010101011010000011101110011000001010000011000
0011111011101001110100111010001001000000111101000011100010110100
1010011101010110110101101110011011111100101100100001001110011011
1011110111010001001111011111101000110011001000010111101000011100
0011000011001011000001011000011010001100110001110000101010111010
0110110101101001110010011110101011001101110110000000000101000011
0110000111011011011101111000011001000101010111110111100110100010
1010000011000001010111100010011001010010111000100100101110101000
1011010011111000000011001001111010111011111001000010110001000001
0010010111000110010000100101010101011000000010101110001001011001
0011100000000010000010110011011110100010000100100101001010010111
0111100000111000011111011010001001100001000101010110101100000010
0100100001110110011100100010100111000101101110100000001101011100
1110001110011110010000101100110110100010100110011001010001110000
0011000010101001011011110100011111001111100011010100001100001010
1011101000110010111010110000110110111010011110000110000011111100
0010011101010110101011100101101001011011101100010101101110000000
1100100110110110000001111010001100000001001000110001001000101011
1100111011000001100011101111001111101011011111110011100100000011
