0100010010100100010100000011011011000001111001010011111000111100
0010001010110111101011000011000100000101110111011000111110001101
0011110110111000111000000000010100111100010111011000010001110100
0000001100111101001101010011000111110011010000010010110011101101
1001110101010101100000111101110110110101011001111010011100111101
1101100011001010100110011101010011100100111001111000100000000110
1111100100100101100001101110101011110000000011000001111011000111
1110110111011001101111101001100010111111001011100100000111101100
1001011110100110000000010010101101101111101001010010010000101111
1100101000110110000110001111100011000010011110010101111101101100
1111100011001101000111011001110000010100000011100110010010111100
1001000111111110011011101111010011000000111010111010111011001000
1010000011111000100010011010101110010011100000100001001111000010
1101110000100010010100101010101100011001110110111010111110011110
1000010010100111011001111100101001001001010110000000000111110100
1010101111001001100111110101100101100000111111101111011111000110
1001110101001101000111111111101101010001111001100000100101110011
1100110101101001101010011001011111010111001101110011110101111111
1111110100010101001100101001001010010010101110000101101010111010
1101100110001111001000100011011000100111010110111110010010011100
0001110110110010100000100110100100101110101011100101100111110101
1001000111110001000000000111101010101001111101111001101001011011
1101010001000011011000111110001100001000001010000101110111110110
1100010000111111111000111010001010001010111101110000110001000000
0010001010110010110011011111010000010110010111111110101011010111
1011111001000010100111010001110101111100001101001111010001010010
1001101101110001011110110100111110011011000101111100110000011100
0000111110100001111010110010011011010000100111111010001010110000
0001110111111100100101000111011001011011100111100111000101000111
0100001111100011001110111010001001100000111110101101110000110010
0100100001110110100000111011001100011101111111111100110000101110
1100000100010101001111010001000101101100000000001010111010001111
0010000011010011101101100010101100011010100011001001100000110101
0100011111000010111100011000110111000000101111011000001011101111
1111111000010100110001110110001011010100100000000001110101101001
1110010001110000011001111001101101011000010110010000011000001010
1000010011000000110110110101101010011000100110110110000000011001
0101101000000010001110110110100001010111010000000001010111110000
1000101000110100001001010011110110100011110000111000011001000011
0110010111111101110111110110010010000110000000110011001001000010
0110100111110100101110011100010101100110110001011110010100001101
1001011001100000010110001001101001011101010110110101010000101010
1110110100000001001010000010101011101000011101011101010001010011
1011011100101000011100000101110000000111011111011010001110111111
1110100011110000001111010010111001110011001101000011100001010011
0001011000001110111001101101110110100111000101011001011111101101
0001001111000101001011000010110001000010110011101011010110001101
1101010011001000100010110011011000001011001011000011110001010111
0011111111001000010100111101111011011001010011000001101001010110
1001001100110111000010100011001011101001111101100111111100110011
1000001011100100111100101100010110011001111011011010001100011101
1101110110100001111100011110111100110111000011111001111010111010
1111000010100111001011100101010000100001010100101101011000010001
0000100101101111001010001001001011111100010011011111000101000101
1010001100111111101001000101100010001001100010111100001100100100
0101110101100010000001011010001001010110001000110010110010010101
0000100001111111110101001001110000000110110110100110101101011010
1111010100101101100110111110111010010101101011100101000101000100
1100100000111000010101111110010010000011111101011111101001010111
0100000110110100000101000000011100111111100110011110101101011100
1111111001011100000011100111110010010100010101101100001100000011
0010100101011000111111001011001011101100110000010010001001000111
1100000001100011011100111101011011010100011001010000111100011101
1010110101000001100011100010100000100010000001111001000101011001
1110001011011100001001100111101010001111011010101000111000111000
0010111001101000100110100111011101011110100110010110101100100110
1011000101110110101000110010101111000110010001011011111101111000
1011100011011100111011101101110000000010110110001100110011000011
0110101100001000101101101101010001100100111101000100101001001100
1000111111011010001011011001111101010111000001101001101000000101
0010010101010110101100001111011110101010011001001001010101111111
0011101011110100000000001001001011110100010001110111010011010110
0001010101100010001000111100001110100101010101100110011111101001
0000110010110010010110011010111010111101111011011100100111111110
0110100101011110011000100111001111000101110010011000001101000001
0000010110010000110100011101001010111001110011111011111010010110
1011100010000110000000000001011110011110011100010100010001111000
1111100000011000001010010100110010111111000001111101010010100001
1111001100111111101111000101010101110100110011000000100110000100
1101100101000010101010101001000111010011100101001001001101001101
0010101110011100010100100111111000010110100000010110000101110101
1111101101000100010000010100000000001110111001011111111001001110
0011110111000010011110010000001010100000010011000001001100000110
0010110001001010010001001010000010110110000111111110100010110001
0001001010111000011101010101100100101110010010100011000001000010
1100111011110101101000101000100101000010010000100111100111110110
0110100011000100010001010100110111000110000100100011110000111000
1111100110010001011111100011110011011001010010011001100010000111
0110100100010011000001110010010011101000111000111111101111001110
0010010011001011110010011010101011011101101010101010111101001100
1000011000010101101110101101101000010100011000100111111010100101
0110100101110011010001001010110010101010110001001101001001011110
0001110111101001000001000001110010001110001010101011110110011000
1011111111101110111010001001000011111000110011100101110110000000
1010001111100001111010010001000111011000000101111011110111010100
0101110111000101001000110101111101010000011111100010010000001010
1101010010110111001100101111100001100110010100110001111010001010
0010100110000010111010010011001011000000110111111011111010100111
1010101111010010010101001001111100011100010011101110011110001001
0000000001101100011001010111101110111110010101011100110111101111
0000010100111111001110101110011110111110101010101001100001001110
0010011010011111111110100100110101111000011011001011101000001101
0000001011100101011010100101100000011000110111100101010111100010
0111010000010111100110100111111101000001011110101111011001110110
0101001101111011010110000000010001100101010110110111110000100001
