1101011100100110101100111111010111110001110000001100001110001010
0011011001010101011010000000110000101010000000110111111010110111
0100000110000100101110000101000111100110111011100010001000100101
1100000110001000110111011000110110000110010010010101010011100100
0101110111011000100011111100111101000000011100101111100000010001
0011001010010000110110010000010101110111000111100011011010110000
0010100100101101011110101100100011101101100100111100101110011110
1000011110010011001001111000110000000111110001010000101010100000
0100000010100000111110010010101111111011000101000010011110010010
0000011101000110010110010000001000010111011000111110101001010111
0001111100110001001100101011011000001100000101001101000011100101
0110111010010101001000111111001000110001000010100110000111011010
0111111001001011011010101111000101010011000110000000010000001111
1000111110111110110000001011010101110101001011100001100000110100
0001011111101100101000101011101100000001100000110010010010110010
0011001100111101001010110111000011001010100111011000100010101000
1100010100111111100101011011010111111000011110110010100101110011
0000110111101111000101001010100110000110000100000001110000110001
1110010011110010111111111011100110110001010100010110111001010010
0000011110100010111101001101101000011001110001110110000111110010
1101111001101001001100000110000110011100100001111111100111110100
1000110110110011000111111000010000000001101000101000110101000011
0101110010001010010110010010111011011100011110000001100111111010
1011000110011011001101011000111100110011001000011111111111101111
0010111111001111101100101000011011110010100010100111001010111000
0111001110111001110010100010100100010000010111010000110101001000
1110110010010100000100010101110001111101110001100000111110101100
1100100011000101111011001010001111000111101001111101001010011111
0111101011100010101111011011011000101010000111010100000111000011
1010100000110000100000110101010100101111011001111101011001011000
0111010100101100111110110000100111000111101011110101010111111111
0110000111111000111111111100000100000101010010110100110110011000
1001011010010101001000010101011000111101101111111010100111001000
1111101110111000110001111011011100001101100001100100001111010001
0101100110011011111001110111110011011101111100111001000001000001
1001101111100001101010000100111001011010101010011101100001100101
1110111101111110011000000001101111110001011110111011010000010111
0011011010100101001010001101111100110000001010101111000100111110
0010110000001111101010011011001110110111000101011001000100110101
1001100110111000011111001000101001011100110010011010110011010110
1100111111010011100011100001001000100101001000000101100000111011
0101101101110100010111000011001111001001000101010000111011011110
1101111100010001101011111110101110010011110110011000000111010001
0110100010001010100110001010100010100000011011011010110100111100
1111100100000111110110000101111101001111100111101010001100100010
0111110111101010100011110010101011000111010101111000101101100100
1110110010000010111001010001111101011000101111111110111100101110
1111000100101000000001100011011011100001111000111001111001111011
0000110010110010011001000101100101100010000000100111100101111110
0110011011001010011110000001000010111111011101100000011110001011
0101010110011101111101100000000000110110100111011001110000010101
0000100100000001011000010010101111110011001010110011100111010010
1000010001100100001110010110001010110000101100011100001010010011
1010011011110111010000110100011000011110001011100010111100110001
0100100111000100101011100100000000000100110001000110010010101000
1101010001101110011011011111001000100001100100011101010110001001
0010001110110001101000110001001100001111010000111011100111011111
1000110000011010010000011111011011000111010110011100100010111101
1100111010000001100100110001101011101100101001010000111011110111
0001000001010111101110100010001111110110111000110110001001000010
1101011000111101010111110100111110011100111010000010110110100100
1111100001101000111001111010000001100111100010100100000000111001
1111010011101101111000000100001010011111100111001100001110011011
1100010000000001100110010101010101110111011010100100011110010000
