1100011010110011111010100001010011101101100111010110010100110110
0000011111101011100100010001101010010001011000011111100000010000
1101111000010111010011000100110011011110110100011101000101000111
1010011111011100101001000100001010011110101010100110100110111111
0001000011101111011100011011000110000110010100100101001111100010
1000011100001000010111001010110000011011110001101111001100110101
0010011111001010010000010011010100010111110010111110000000001110
0011011101111100011010100100011111001101111000110011101100100010
1010110111100100101001010000101101111110100101110000101011010101
1000111011010111011110000000001010100110111100010101001010110100
0110110111100001000111000100001111011110011111010000110011011001
0100111100000011000110111110011001010100111110000001000111110101
1111101110110101000110110000111010100010000110111011010110011001
1010111000011010011000110110111101111001000001111011100111010010
0100001000100100010100101110000010001100100000001000110111000001
0001011001001111111111111011101101011001100011010010010000001110
1000101010110010111011010000011111100001111011001101000100111011
1000100001111001111011001101101110110000000110111010001101010101
0000010110111001100000101110000000001101100110100111011110111110
0001110010011111110100110001001100011011101100110011101110011011
1001110010011000001000011010101000110001110101011111001111100110
1000101111011011111000000100001100111101101110101011000010100101
0001100100011011000101011010000000100010100000001110011010110100
1100101001011101000011011110000001101000001000011001000010110000
1111000010110100001110111100101100101111011101101000110010100000
1101001001111000001110000010000000110011110111111001001100001110
0010100001000111011101101111011000100111011000000100010010010010
0010100111111011011010011011110010100111111000001000001000100111
1011111101111111100000010011011100010110001001101101111011001001
1011001100011101010110101101110001101011011011011100100011111110
1000000100010100011110110111100111001000111000010101111000110111
0010101010011011010110001000111001000001001111110010000111000011
0111100010010101100110001100010001100110000111101000101010101000
1100100011101001001000110110100000000010101110011001001110001111
0000000010111101111011011000101001011111011101011000110010110111
0010010011011011111010111010010100100011000011000110000110010111
1101001100010010110001011011110110001001010101101001111011110000
0001111101010011001000001010100010010000101111011001010000011000
1001000010001001101001000100101000011000100011001001100101010100
0000111011001000010110111000111001110001110110101010111100100101
0001000010000100111011010101111100101110011010111101100110001011
1101011011001000010111110010001101101001100011001001011110010010
1010100110001100000110111000011110110101110110101101110000110101
0111011100100101001001011001000100010001110011011001101110000000
1010110101001111100011100011011000101010101101101010110011101001
0010010000100100101111110000100100110100101010111001110100111001
1100010111000000000100011000001110100000111000010000010001110001
1100100010101010111011010011101111100001010111010100011011000011
0100101111100011000010001110011000001000100011111000011000000010
0110110110001100010011100000010001100010111100011100111101111111
1101110010010000101110001111111001010011010110001000100110000111
0001100000101111110001011110001101010001001001100110001011000000
0110001110001100011011101011100001000011110001001000011101101011
1001010100100001001010101011110110010100011101110110000010110000
0000110011000011101100000000010100101100101100011010111110001111
0100000101010111111001111000100111001001011011000001100001011000
1110001100010010101000100000000000011110101101010000001001100011
1001001010011010111111111110011111000011100111101100010101001010
1010111011110010110110111010101101011000101010100101110000010011
0101000100111101000110000110001101001101000101000111111101111110
1010010101000010100100001100110001001100100100110111111001110111
1001001100011001011111111011001100110010101101100111010111001111
0111111100000000001100000000001111011000101111101101110001011001
0111001000110001011111111010110100100011001100100010111101110010
0110001101100000100010010000010010001010100010101100111101111000
0100101011011000111001011110010110110010000011001100110010001111
1000111010110010010110001000101000100011111101101100000101001111
1100011100100011011110001100011001110010000011010101010110100111
1110110010111111100100100010101001011000101011101011011011000000
0100110111101100100011001110110010101100101000110001110010101011
0010100111101011111001000010101011001011101101001110010110111010
1110011001111111111100010001010010110011100000111011010110110011
1011010111110011000001001000101110100101011011010101001001111010
0111111101111111010110001000101000110010110111000110101011000000
1010010000100000111011111011111000010100000010101111011101011110
0011101111110101111101100010101111101100011100100011011111000010
1111010000011110000001100101001111100101000111010111011101010111
0110100010101000101001000101001100110111111000110110111010100111
1111110000011111101100111010101110110111111100101011100100101111
1101110010100001100101011010110001000010110111001010011100110101
1011110001000000111001100000110100111010111011111011000101011100
1111100110111111110011010000000101010001101100111010111100001101
1000111001100011001100011011111011100011100011000101111000110001
0011011010001000100000011111000011101000001000001100111101000101
1111010111110111111010110100011001101101111010101010010000011101
1110011100011101100011010010100000000010111011111000000010100111
1100011110100000101111001101100011100101101000100101001101001101
0000001111000100011101111110001111100101010000111100101000011001
0000001001000001100010101101000010000101111101000010000001001110
0101111000111110010100011110101010011101011110000001101000101110
0111110100000001010011001100011011000100010000110001111001010010
1010101110000111111011000010100000001101000001011010000000001111
0011101101100110100001100001010110110001001101011010010001110011
1100010000100001100111111100101101000011110100101111000111011001
0100101100010101111110010101101101011000011001011110010010101101
1111010111101111101111010101000110000001010101011111111110110111
0011110011110011001001110010111000010111000101000110000100101011
1010011101001000010001111110001100100011000111101100010011111000
0000000111110010010000110110001100010001001010110100111011010010
1011010100111001111100101101100110101110011000100001010100100011
1110000110010001001010001000101111011011101110100010011101001000
0100010001101011110101111000110001100001110111010111001100100111
1000111000111110011110101110111010101000101000001110101011111011
0010010000110110101111001111100000100100010100101011110001011011
0011011010000001010011111011001101101011111111111010111001101111
0101110001010001101101110101011111001111011111001010111010010110
1000011000011111000010100111001000000001011110000101001000100101
1100010110110100100100100100011110100001010011110100101111011000
0100001001101011001001011110101101010101010111110100000110011111
1010000111101001011011010101101000100000101110101011001100111000
0011000101110011101011110000000101001111001110011110010100001110
1101000111111110101100101110101110001101101011010001100111011010
0010111100100110101101110100000000010111010100101011101111111111
0000000011011001011011100111000110101100100101010101111110001011
1011111111100100010111011000001111011011101011101101110100010010
1101010111000110011101011011010111110100101001101111011001000100
1010100111101110100110001011010010111010000011011011101011111001
1011110100000001100000110010010011010010111111110111000111110110
1101100011111001000111101100110101101100000011100111101010110011
1101110001011111010111000010100000101110110000000100000110001010
1000100111011000111110111010110010000111100010111010000100001000
0000100110010011110000101100000100101000011101110100100010011000
1011111111101100101110100110101000001111100110011110110010001100
1101010011001001111010001100001001101010100011111011100010001001
0011101000010100111010011010100000110101100111000101011000011000
1001111000110000110001110000000111101011111110010011010001101101
1111111101101000100110111100001100100010011011111000010010001011
0101111001011010101011100100000010110101011010100110001111100100
1011110110000010111110111111001000101000001111011000001000001100
0000111011000000010110100110000010111000000010110001010000111101
0100011010101010100100011100010101000101011100001110001000011101
0110000101011001000100010000110110000100001000111110100000011001
1101110011111101010110101111111001011010000001011000111001011011
1111001111011001110101001010010111111001001010110110100001010100
1111011001001001011010110101101011000100001010001110010010111011
