0101010000011010110101001001101110101100001100111110000001100111
0011100000000111110100110110110100000110010011111011011010100011
1100000101011100001100011101110000001101111111011011001101110010
1100011110011011011011001101000111111111100101101001110001001101
1001001101111000110000000011001111100111110110010101111101100110
0000101111110001000101010010111101110101010101101111011010010111
0111000010100000000001001110011010111110111110010101000101100000
0101110100101110011011100111001001010110100010111101001111101101
1000110110010101110101001010111100001111001011001001100001100111
1001111010001101000101001000010011101001001111110111111001101011
0111011111000011010001000000010011101110101101011110101010000001
0110011001000110001001100110001000000100110010000110010001100011
0011000111001001010001000010000101001001101101100101011001010111
1001000010111110101110000000010011101101001010000010001111001100
0010000010000101111001110010011010011111101000110010101010110100
0010101101100111011100110011111000001010100110011010000111100010
1110110101010101010110110100110101011110101011000100101100111001
0111100110000100010100100010011100000110000111110010001100110011
0111010110100111110010011010010001100111101101010001101001111011
1101101100101010011101101111001100000000001000111100101011110101
0010111111010011100001011011101100100111011010110110101100110011
0000001101000011110010101011111111001001011001000010000100100011
1001001101000101100000100001100011111100110100110000100111101010
0011111101001010110101101100101000011111111000111001101011000100
1011011001001100000010011000011101001101011011100111000111111011
1101000011100111000101010101100101001110010110110111011010101100
0110010011011001111101001111100111000110101100011000010111101011
0101011100100110100010111011011011110111111000110111001111100111
0110001001001100100001001110011100111101100100100100110100100111
1011100000001000011011100110110001011000001010111011101000001001
0001100010011111011011010101110000010100000001101111100110001100
0101000010110101000111000111011001100001001000001001000010001001
0010000101001111110001010101011100010101010000100101110110101011
0010011110011011011010000011010001111100001100001110010011011111
1110011011010101110011111010001101000000001001001000100100101100
0001000110100101110010110000101011100001001111010011111101110111
0010110111011001101001101010100001001010100110111110110101001010
1000001011111111111011011001001110000011001110001001110010101100
1101101011110000101001111011011001011100010110000100000001100101
0001001111010000000001011111100101010110001111010101111111100100
0101101100111010100110111001011010110110000101100010111100001011
1101001110000011001001100000011000010100011000000011001011101110
0010011101111111010010010101000010010111000011000101111111100101
0111000100100000010101011101100001111100010100111111110011110111
0110110110010100110100000110110101101011111101001110011011100001
0100001110101100101111010110010011111011000010111011001010111111
1101100001111010000100000001001001111110111011010100111100100111
1100111010010110100100101001000010011110100011111110111111010010
0010001011010001001110001011011110101100110001000101110010000100
0000011000111010000101001111011011011010101111111100101101110101
