1100101111100110001101000000011100010101000000101000010101011000
0001101011111100110110111000000111001110100010000001011111001100
1101111111111100101110101001000111001000000100101000001000011110
1101101100011000101010010000111001110011110000110000101100010000
0010101100101100100111011011100011101001001001110110001110100110
0011101000101101011001001011001100001111010101111110110001110011
0100011011011010000110010010011100011111000100011011011110100010
0111001111010010110011110001010010101011100110110000011101101111
0101100011111111000001101101100001110110010001111100111110101011
0011000000000101001001110011010111101111110011111000000100111000
0001010110101111101000101111000010010101000110111101111000101011
1011100011100101100111100100100000010111101110111101011111001010
1001010011101001111010100101010000010110110100100101101111010010
1110101110110001010101001110011111011111010001110000100101010110
0000101010101111101010111111001110111101011101001000000010110010
1000100110101100010001111000101011110101101011001011001010001001
1010001101011100000000100000000111110110010010010011001011000001
1110011000110011010101100110011110100101111010110101101010011110
1111111100111001100001101101001101110100011101010001011011000010
0111011000001101101111001110010101110000100000010011111001001101
1111001001001110100001001100101011001100011001010111010110000111
0111101000000011100111110010100100100011110101100111010010010000
1111101011100100100111100111011010010000000001000110111101111000
0100110011011000000000010111101111111010110100101100011110110111
1100111011101111100111101010001011001001110001100111110010011111
0010001011100101101110000111110000101010100111011011101101100011
1100000000000010100100111011000111000001101101111111101010001001
1011110111101110100111100101110100010001000101100101010110001111
1011010000100001110101111011000010001101001010000110110101000101
1001010110011000001110100010101011101110111111100100100001001010
1101011011000101100011011110100010101110101100000101111101001111
0010101011011101001000010110010101110111011101011101100011100000
0101011110010010111101010101101100111100111101111010000001000100
0001110000001000000001000000000100011110110001001111100001110001
1011100100110001110100001111110001110001010111110100000101111000
1011011110000001011010000000000110001000100010011010001100001111
1100101000000000000101111101101011000010010111000101010100101111
1110010011110111111100000100100101111101001010000011101001111011
1000111111000000100000111101011011100100010011000100110000010100
0110110010010011101101000010010000001001011101010111011110011001
0101011000110011111111111111011101101011110011010110111011110010
0010000001010111001111100001111010001010110000000110101011000111
1100000101011001101111101110110000000001010001000011111001011011
1111011110111111110010110001100110111101111000001011111111111001
0010010100110100110010011000111011011000000111111100000011100111
1010100000100101101000100101100110000011111111010100111010111010
1111100101010011001101000010001100111010011111101011100111010100
1100101011101011010011011100001111011001010011110100111111010000
0010010011011101011000011010110000000001000001110111101101011101
1100110010100100000001101110111110100010010100110110011001100100
0111011100000101011000101000110010001101110111100000111101101000
