1100110000000010000001100110100111111101000011011000100110011100
1010100111111000111101111001101001111000110001011111000001111110
0001111001001101111001001010001101000101111101111000001000010011
1111011000100100111110001101100011100011001010001101110001100100
0101100100110100101010000001011010101011110010100001001010111110
0110111011100000111111111111010010101010110011110111110011000111
0111000010101000101100010011100100111001110111010101110110011010
0110111010111100101100101111011001010011101101010101100010110010
1110100001101110001000110011011101001000110111110110000100011100
0101010000110101010100111111010101001111111101100110110111011101
1100001101011110000111001110010101000100100110100100100100101000
1101000110010101111010001011001010100000101110101101000111101101
1111110111111101011011011011110010010010010000010010011111100111
1111010000111110101101100001111011110010000000101101001101010111
1110001111110100111011001001101100000011001101011100010001111100
0101010011011010111011011110010110001110000010010010111001000000
0010110010110000010010111011101011101010011100001100110110010001
0100001110101000000110011101011101100001000010110111011001110001
0110111001000011011110101100001010110001101110111011010100001111
0111011000000101110110010101011100100110101000001110101010001110
0110101101001001100001100100000010000101010001000110000001011110
1000111111110001111110011110010100111010010011000100010010011000
0100111010000111110101111000010010110010111010101000010001010000
1110000100100011101101100011100001101010000000111100110111110111
1010011110111001110010101011001100110001010101110000000011111011
0110111001011110010110011000010111101011001110001010110010010101
1001111100110001100111100001100110010011100110111110000010100111
1000010101101101100001111100101000010010111100000011111010101010
1001000100111011001011110100110100011110000011011100001001010110
1100000010000001001001011111110111000001000001010010000000111001
0000100100110011000110100111110010011101101110000100111101010000
1100000110111000000010010011010101100010101111011011010011010110
0110010001110101011100111101100000110010010011001111010010001001
1010100010100010011010000011111010010101100100001011010010100010
0011011110000101010001100000111001101010111111001101010111010011
1010011001110010001110010110101100001011000001000011100110010100
1110101000000100110000111001110101011001111011111101111001111100
1111110110011101100011111101111010100010101101010111011011010110
0110110101010111010000010100100001011000100100000111010010110111
1101110001101011100110101100100001011011111101111000001110101100
0110000100001111101111110110010000100010101101001011001101111111
1101000010011101111111010100111100111101011011011100001111010000
1101100100110010111101101101100001000000110000011000001011011000
1011001101110101011110111000000100011010011100010001110100111011
0101111010111011110010010000011001011100001110100110011101110101
0000100101011010100101110011101011101011110100101011111001110010
1000110010010011010101001000101101110100010000111111100101101001
0100011101011000101010100011000100110111011111100101000011010011
0000111101101111110011010001101101111010001000010111000001110000
1011011100100101110100011111011000100110010001110100110101011111
0101011001111101101100110111000000111111001010000010110101010001
0100101101101010001011100011101011001000011100001100010110101101
1011110110111110111101001000110011010011100011111110100001110010
0011001001001101001110110100110100101010000000101100101011110111
