0111100101110010100110111110111011110000000110000001000110111101
0011011010101111000100011110111011001100010000011011101010001011
0011011000100000001010001011100110011101110110001010100000111011
1011010001110100011110001001011110011111101001101010101011001010
0011100100100100111010100111011110001101110101100001000101010100
1001100100001011101110100111110100100110111001111000010000110100
1110101010001110011001001011110010111101011011010111010100011010
0100100101000001010111011000101111110100001100010000000011100001
1101000001100110100110001101111011100100100101111010100011010001
0000100100101010101101100100011110100110010110110111010111100011
0011111001000110011100011010100110110100101011001111111001001111
1000000110011010101001101000101000101011100011111010100010001010
0011100111110111101010100000110101101001111000100100010010010010
1000001011001100101000101101011111101011100011011010101101100100
1110111010010011000011000010001110101010110001010010000010101011
0001010101101010010110000111001101001011011100110110100011011000
0001111001001011010001011100010011110100100011111100001110001000
1101000100110101101110011001001101000101001000111111001000101000
1011000000011001010011110110111100011100010111111010110101111000
1001101011111110011100001001110101000000011111001010001011110001
1011100011011011001010101101010011100000111100001111010110011011
0011011001101010100100110100000000000111111111010010010011100111
0000000110111000111000110010100011000100010010101000101100001011
1101111100001100100110111010001100011000110101110000001110011011
0101101100111000100110100000011010110111100111110010001100001100
0111010000100010010110011011010001011011000110001010001101000001
0111001110111101010111010011001111001001100100110010001010111100
1111111010111011111101000101110101000111001100010100100110001011
0111101110000100010011011011100101001110000110010010000111000100
0100000000010001110110011001100010011010101000010011111001111000
1001011011101000000111011111100110010110011100110100000111111100
0000100010110110101010001100101001001010101001000110010110111010
1011011001011100101011010101101110111001000001001011110110010100
0110110011100000110001010010110101111010111010011111101011010101
1110111011001111101100101110110110001100110111110100010101110110
1011011101010001000111110111100111100001010011101100100100000001
1100000100000000100101111110001101111010010001010100111011101110
1100011101111000010011101010101100001100110001100100000100101100
0111000010110001011111110011000001101001010101011010111001011100
0000110010101100101010001100111100001111010100111101001000001111
0111100110010010001100101101100111001000001010000001100011100101
1000011100011001011000101111100101110011000111101011000000100100
1010010011001011000001110010001110111010100101011111010100111100
0010011001011100001000111101001010100011011000111010011010010100
1011100001110011111011010001010110001111111111011001001010011101
0000010101111100110011011101011011001100101001000010011110111111
1010011110010111011000110001000011110110100100001011100111010100
1101111010100100001101110111110000100011111101001101010111101010
0110011010011011110010100100111101111101001100000010010000011100
1100111001010000001010110001010101101101111100010100000000100000
0000011101111111010010100111101010110111111011010100011101100110
1111101000001000100110111101001000100011110010001111010111000111
0000100001110011000100100101100101100111101011000011100010111001
0101010010010011110000000010010111101111000110100011100010001111
1110001000011110001000111101010110100011111101011110010110101110
0010001001110011110101110100110001010000000010001010111101111010
1010001011011110111010110001001110111000011110110111001100101110
1001100100100100101000110001011111011101000111110111100001010101
1011110011010000111101011011010110011110100100100111100000011000
1010111110110001001001100100010111111101111101101111111101010011
1100101110001011110010000111010000110010111011001100110110111000
1111110000100110111001011110110010001000110011011010110111010010
0100001100011011100111000110010000001111100011100011001101010111
0010110010111010011110000001101001000111001000111001000100110101
1101001101010111100001011010010100010011000000010111010011111010
0000001011000001011101101010001100111011001111000000100111100010
1101011010010001101010001100101111001011100010110110100001101010
1110010100100010001101010000011011110000011110001010011010110011
1100011110101101001001000111100010000000011011001111101010000000
0001011011110101000010001010110100101000110000001010101000000110
0101001001010100011000101111010000101100110011101010101110110010
0001011100100110111000000011001001100011110001011100001001001101
1101011100100001110100101111000000101001111010111001000100111011
0110011110100011111100000111000111001101111111010110000010110110
1000101110000100010101100100101000101111000111010000101101101000
0101010100110000110111100111100010100101001000011111111011011010
0110010000111000010100111011101100000011011010001011111010111111
1000011010101111000110010001110000110011001001100011010010000111
0011011001101001000000101100111111001000001101110111010100001000
1101111010100101111110011001011111011110001000010001110100110000
0001011000001100010111000100010011010110111111001011110100101100
0001110100010110100110111010111010101001100011111001010000101010
0111111010100000110001111011101111001101101000011101000110100111
0000011100100011110110010010100100110101010100111011110010011101
0000100001011111110011011011011110000010001110111011001011110000
1000001111001101001101100101101101100111100010010100100110011010
1110111010100101001011010100111010001001010100011111010111111110
0111101000111100000011101111111111100000100011101110101111100011
0101100111110100001111000010011001110101110010011011110000101111
1001100010110000100110001111110010011001100010000110101011010001
0110000011011101000111010000101011010100101011001101010010001011
1001001100000111010111111011011111000001010100011000000110110111
1001100100111010011101100011110001000100111100100010000111100111
1110100100001001011001000110110010010111100011110111110111011101
1010111100110100010110001100101000011110010111011011111001100101
1100001110101111100010001000111010011110101100011010100011010011
1010101111111101011000001101110010101110011011111111101000000111
0101010111110000000000100010100011001100101100011000001100010111
1011000010011010100100001011010001011110000101000010000001110101
0100110101101111101101100000101000100110000011001010111111100000
0001010100010110010100011111001100110100011111000011100100110010
1100101011011000111000001001000110101110100010100000111100001001
1100111111101001101011110000011011111000001100011100111100101110
0101111101011100000000001000111110100100101111101001001111110110
0000101110101001101001011111001101111011110110011111000110000011
1111110011101011100010000110010101100000000101010000111101111111
0101111011000000100001110011111001001011101101100101100110001010
1011101111100011101101110111110111110001100100010110001101101001
0010100110110111101011110011010001011100111000001001010100110000
1010100010000001101110001111101100000011110100011101011010100011
1000000001111011111111011000010001110001011111001010010000000101
1111001011010000111111111111001001101000100010011100101101111000
0010001111011000100001111000001010011010100010101000001011111010
1001101000100000001110010000100010000100010010110001100000011101
0011110000110101100100110110000100010011111000000101110000100100
0010011000010001010000010100001111000110100111001110010010011000
0101011011101100001001010100101110000101011001110100000101011111
0110101101100000111101000100010000010000011101000001000110100010
1101100100101110001110000101111010110110010101111110101101101110
1001100011000001011001111101101011111000100011001001001101001010
0101011110101101111001001100110100110001101110110110110101011001
0100010101101010110001011110100000010111001100100010000000011001
1110110000010110111011100101001000111110111011010000000111001101
0001011000000111010010011011000001000000101010101111011011001101
0111111001111000100110001001000111111000001111111100101100001000
0110111111011100001001101110000111001110000000001001000111101111
0110100101010110000010111101101100010001010001010011100110001111
