0010000000101011100101000100111000110011111011111101010010011100
1111000000111101100000110100000011000111001011101101110011100100
0000111110000110010100100100100010111100001101001101111001100001
0000101111010101100001101100011000000011100101010001001100010001
1010001000001111000001101110000101101100001101110101101111110101
0010110111010111111010010010001101110101001001000111011111111100
0011000110000000100000100001000111111000101011010100000000101111
0111111110000100101100001101101011000110010011010100110010100110
0101000011110010110010001101011001000001111010100101010010010010
1100111101110110111001111110101001001100111001001110110011110001
0010001111010110100110101110000100001111011111101111001010100111
1001101101100010111101011011110000111010111110100001110011001001
0011110100000110100111110000110100011011101100001001110101001101
1110010110011011000000001101100011111000001111111001110000000100
1001010100000010010010001001000001011001010010000010001010110011
1010000111100000000100000100000110010111111010001000100101001001
0101100000010011111111001101111011100011001001110111100000001001
0110100110110011011111101101010111011111110101001000111011100000
0000101101010101000100010001001011010000000110001100001101000100
0101110111100101001010010101001000000010111010110010010011100011
0010010100110001111010011101100100100101110010110001101001000111
0101111000110001110001101100010001101110000100010101110110111111
0110010111111110111110100110111011111101101111001001001101110110
0100001010100111101011000001101010001110000000110010011011111010
0000101111000001100011001111110111001010000111000010001010100100
0101110010101010110100001001010011001100100111011000001011111110
1001000110011011110110100010110001011001010110001001110000011110
1010010111110110000001100110010101010010011001110100011100100111
0110000100011110111100100000000111100000011100000001010100000010
1010000001110110010011000100001111010010110011001001110110000010
1110100100111000000110100000000011011110001011101111011101001010
0100101011000101010000100100100000010000011110100111010110100110
0010111000100011100100011100100001010011011011100100110101100001
1001111001110001101100001001111101101111100110000110001010101100
0001110010010100101110000000010100001100010111011101011010010101
0110000000111011001010010000010010010101110111111111100111010011
1000100100110001110011110011111010101100101001100111000000101011
0011110000110010000111101010011101100101101110000100101111011100
1010111010001100111010110011101100000101110000101110011101011100
1001011000101100110001010001001110001001110111111100010000011000
1100010001001011100001101100011001010100101111111001011111111000
1001001001010100100001101000000000000111011000001001001100011110
1101010000010011110101010001111100010111001110011111110001100100
1011011101010111001000010011000000100110101011000010110011011000
1010100101111101011011011111001110000101001100000110111101010101
0101111001011101001011010000100100000101100010100110010101101001
1101000101111001100011010101000011011001110011110000101000101000
0001101101011110011101011011010011101100011011001110011000100110
1001001101000011011001011111001100101011101101010110000010000110
0100011001110010110000100010111110100000001000011100010100111001
0111110000111011011011100101100101000010001010101010001101101110
1011110010101011100100101000010110001101001000111011010011111011
0100111011100011001000101010100111100101000010101101011010000011
1111110111101001011000000111111011001010110100100101011110011010
1011111010010100010000100100110110110111100000010000111010011110
0101001100100100010010101110101011011100100010000101110111011010
1001110100101100100010110100110110100111000110001101010010000011
0000000000111100000110010011110101001001000100000011110010001111
0001100101000000110000101101101111001000101011000010011111100010
1110000010000111011001001000101110000000110111001010001001011011
0011010110010100000000100001110001100001010101001101100010111100
0010111011111110000100011100011100011110101001111001110011001011
1101010100111011110101100011111110000010011000100101010110111000
0110001001101001001000011100110010111001011001001111010111111100
0000100110010010010100111011101101001111000000010110011010111000
0010010011011100001101011000000011001011111010111001101111001000
0000111010010110101001001010010010110111111000010000000010101110
0000011000001111010010100010111000110010111110111110100110111111
0111001110111111100110000011011101001110110101100111110001010001
1000000101110100110111010010110111101001100001001111110011101001
0011010000111110100100010110101000110111111100101110100011111100
0101100011110001000110111000100000000011111000000110011000111110
1001100001101101100110100110111111101101101010111101011011011100
0011110011101000010111000010000011010000100100001000110111110001
0001010100111111011110101110001010010011111110101001101100110011
1001000001000001011011111001000001110010111100111001000101000000
1001000010001101111001101001010010011111101101000101111010110110
1110101111101100111001001000111111010010111011100011100001010001
1001101011100000010110000111101000110010001000101110111101000111
1010101001010011000111110110001101001010100100111100111110001100
1101101111101110100000001000001100101101111111001000000001110110
1001011010001000011101111110010110111100100110010111101110110111
1000010101110010101100111100101111110011010011000100110000011111
1000010001000110101101111000011110100011011101000001101100110000
0111001011111011010011110110111011100001100101100000010000000101
0101011110011100001100001100100001000011010100110111100001100001
1011100101101100001110111001001011111000111010000011101100000111
1111000000011110011010001111111101100100000100000010000101011110
1110001001010000001101011111100001000011001011111111011010011100
1011010000010100101100101000100010010111000101111001110110111110
1000011001010101000001011000001111110000101010110001100110011001
1000010100010000011100111100111101010001010100100100111111001010
0101101010010110011110100000000101111011111011100000100111000111
1111111110011110110110110010100010000101100011101000001111001010
0110101110011011010001100110000001110011100110110011111101000100
0110000010110000000010111100000110010110111101111111000101001111
0010101011000101000010111101000000010100010011000101101011001100
1001110000001110111111010010010110011101000111010100101101011001
0000010101000111101100110111101111100100000010100110000001110101
