1011101101110001011000011100010101110001101100110110011011101101
1001011000100010011010011001001001110001010010111010111110011101
0111101100111110110101100100100010000110000111110111011001101010
0110101101100000011000011101001101100001011111111111000111011001
0110000101011110000101001001111111100010011100000101011000111101
1000110110000011010110111010110010101101101010111111001001111000
0011110101011010101000001001110111011101000001100011110001000101
1010111101010011100100111011000011110111001100011110010001011100
0000101101111101111011101011101001111101100100000101110011111101
1111000110110001100100000001100101100001100010100100100011100100
1010011000100000001011001000000111001000111100000111001110101000
1100100101111110101000111011100110011010111011011010011010001001
0010111011110100101010100000000000001101111011100101010100100101
0111011100100111000010001000011000011110001101110011111010011000
1001111100111010110111001011111111101000111100110111110001011111
1011110001000000111010010010010000100111100010111001100011010000
0001001010111100001011111100001001110110000010010111101010101110
1100111010010001111110010110110101100000100001110110111011001011
1010010010010101001011111011110011010111100011100100011111000111
1000100100011110010100101010000010010011010000110101101011110110
0011000001000111110101000000000100100111000110011011010100101011
1100010101001001111010100011010101011100111101010101110111010000
0100101111000000110110011100011000000111101100010011001111100100
0000010111010111100011010101110110011000110101001001010111101000
1001110100100010001100001010111000100100000100110011010010000010
0000001011100010010010000011110000110110001101001011011000111001
0111111100000100110010110001110110100111111011110100111011100010
0001101001001101111011010000011010011110110101110110110011110110
1100100100101111010111101110011011000101011011011011111001111111
1010001000100011111110100000100011101000100100010111010110010000
1111111010011011010101101001011000001100001011100101001110100010
1100100010000000000011100100001001110111100000011100001101010111
1000011010000100010110111101111111110101101110011011111011011101
1010000000010111011100001000011000010010000110111001111000010111
1101010011101011111111111101011100000001001000010001011111110101
1011011111000000011110000101001011100001111001010101100011011110
0101001100001100111000010111000011111001111010101000001110100000
0110001000101110001010000110110100111100111110110001110100100010
0101010010100100011000110100011101111101110000101011000000010111
0100010100101001010100111100110100110000000011010001100100111101
1000000000001111110011111000100100011100101100111110111011011000
1011101011101101001110100010110010111000111111110101100111101010
1111011010001011010110011110101000111100101011110000001001101000
0101110100000110001111100001001010111101010100101001111010010111
0010001110100001101011110010100101111001101110111110011111111000
1011101111110111000100001000100000100000011101111111111101000111
0101000010100101000001111100110010000010100011000011101100110111
1000110100010101111110011001111001110000101101100011001101111000
0000101010000010111001100010001111111110101010010101110010110100
1110001011001111110100111001011110010101100100010011100101101110
0101010100101101111110010000110111101000010100110111001000110000
1001100110001010000010000011000110101010000010110110100000111111
0100001110010111101010101100010110111101000101111110011000111100
0100110000101010100000110111100100010100111111010111010010001110
1111001100011000011010111110011011001111101100101001111100010000
0101101110101101010100110100111110001110011001011001100100010100
0000011110001011101100110010010011110111100101000110000101110000
0011110110100000101101011101000001100010011001001000111000010000
1100101010000001010110011011100101011011110000010101101110111011
0010001110000110101100000010011100110010001101011000100100000011
0010100100111010000111001100001000011010011101111100001100001001
1001010010001001101111010010101100011101111001010100011010001000
1010011100110100100100000101100000110001111001011001110000110010
0001110110111100000111111111110100010111100100100101000001011011
0000010001001000110100001100011110001010101010010000011100101101
0110011000100111001001001111000001110100001000011111111011011000
0100101111001111010111000011001110111000001010100000110100101011
0111011000001110011101110111011100010110110101110000101010111100
1101111010101111011001011101110100100100000010111011010000000101
1011100010111110110110100011111101100111011001111011100010001110
1100100011011101001001110000111111000001101100101011011110110111
1001000110011111001101010000110101000100111001011101111010001000
1101000110111001010010011010110000011001010111101111110101011100
