1101001100001101101000011111100110010011100000011100100000110000
0010011111111011000001100111110101101010001100001101010111011001
0000001100011111011110000011000011101001111111100000011101110001
0101010000000000110110100111100101101001111111111111000101001110
1100001100101001100100111110001011110000111010000110110110110100
0001010110111110110000110111010011010001010000001011100101100100
0001100110001000001110000111110101101110111111101111100111110110
0010110000000010011110111111010101110111110101010010111011111110
0011000000111101011110001010010111100111000001111010010011110001
1111010000000001110101010011010110011101100000010001011100000101
0010011011001011011111001011100001001101000010111100010000110000
1110011100110010001101110100001011110010000101111000100010110001
0010111100011100001001011011101110011111000111000101101100010110
0000001010011111100010011000011100100010011100000001111011100110
1010000110000100100000011110100101001100000100010101110010011100
0101000011010000011011001110101010110101100111110000100001100000
1000110001111110000001101101101100111101101110010100110101101111
1110110010011001111001011100100001101101110100101111010010110101
0011100101100100000101100101001110001111111101011110000100001101
1100110100010011101000000001110101001011001101011010111111111101
0001111001010111111011110010111100101000001000100000111011101101
1110101110001010001011010101001001110111011001111011000110111100
1111010001111100001110010111101101011110111000110111001111110000
0011011011010111111111101011111110100011101011000001001000110110
1001001101011111001010100111100100111010110111011100010000010101
1100100000001101011100100101110101001110000110111111010110101011
1010101110011111010010110000000110110010001101010101100000100100
1011110111011000111100101011110101100101011111000101110101110010
1110100101001101011111110011111011001101010100011010010001010000
1100110101001110111010001001011010001110010001000010110101111110
0010100010011010011110011001111101000001111101100100011110011100
0011101001101011101100100111000000110101010001100001101011010111
0001000110011101100001110100010101111100000101000001100101011011
1001011101100001111100001000111011101000001111101000110000001000
1110010111100011000000010001111010000111101001000110011110110101
1110100000000010100110001000111001011101111100111101001010111100
0111100010001010110100110111000101010010111101000001011001111100
0000011110010111010100111011110000110111110100000111010101011100
1011101011100000110110110110001100011100001001101000111011101000
0000010101001000110001110011111101001010111001010111010100100111
0000001011111110111001111100000010110111110111100010010100110100
0101011010001010011001111110111110001000101010111000111101000010
0101101110000110011010101111110011101000111100101001101110010010
0011010010001100000101101111100000011001011111101100110111111101
0010001100000011100100111001010100000101011010101111000010001000
0000100110001101110111100101011011011111100011101100110010110000
0111011110110011010111011101111001111010101101111000010011111000
0111110101100100100110111001101001001100100011010110111001101011
0100000101010111100110111010110001000000011010010110100001001101
0100110000011011100010001101111001000110111010111010011011010100
0111110001010100001101000100111000101010010110001001010100110011
1100001111111100010011110100110101001011001110101101100110111100
0101010001100001011000001101101001101111001100010001101010110001
0101101010000111100011000000001100101110111111110010100101000110
1010101000110110010000010101010011110110110001010001011000001000
0111100110101010110011000001111111111000000000100001000011101111
1101101010010000111111011001001110110101101100010010011101110101
1000000110000100001000101011010001111011010110010000101110011100
0101010111110101001111011011011010111100011010010101000110010010
0110010100101010101110000101110111011001101010000011101011101011
1010011100101111000110101110010101110011110001101110111000001000
1010001010110011000110111100011011001111000000110010001100101110
1011110001100001010010001110001011111110101011101110000100111101
0010011010101011111101000011100110010011010110100011101100100001
1011011100101001100111100011110011001101011001010000010011010101
0110100101101100001101100010011000000110001110110101010000011000
0110011111111011111011001101100100111011001111111010011111000000
0111100111101101011100001011001110010101011100001001100100000001
0110101101001010010110000010110111110100011000001001100011010111
1011000010010110110000011011000110111101101010010110011111101010
0000101100111011011100111110011000111010010110010100011110101101
0110010101111001011001110000010000000100001011011011011111010000
