0010000010100110101000111111000000101111110001100001010110001001
0101010000010100010011011110101110001010011011111011101111010100
0110010000011101101000000101000010111001011110100011000100111100
0101010100000011010111011010101010111001111000111001001011110000
0010001110110001011110100000101010001101101010000011110011101100
1101110010011111000110111110111010000011110010101100001000010100
1001001100101100000000110001111111010010110110100100111010101001
1001111000111110100100110001101111001101111111001001101000011110
1011001000010111000100001010111010101000010110100101101110010001
0101010000010010001111110101101011100001001110000001010101010001
0101110001010110111111000100100100101111011110101110011111111010
1001010111100100110110001111100001100100011000110000101000100010
1111111001010111111001101000010010000101000011110001100101110010
1111111000000011111101001111001101100100010001000110101111101011
0101110101111100001001000000100100001001111111110011110111000001
1111010110101000101100010001001111111111101011000011100110111111
1001101100111111101011110001110111111011101001001111000110111111
1101011000010100100000100011000101111110001111110010100011111011
0100000101011011001110111111010010001110011111011100001100111111
1001011100010110011100111110111010101100000100100101100000001011
0011000010111110011110110000100000100111001001101101010000100011
0000001010100110001001111100011010011101010110010110011011001111
1101010101110010111001101101101101000001110011011011101000111110
0111000100010010001111011101000111110111110101010011101010111110
0001001111011111000000000010101001001000100011000001010111000110
1110101001000110100110001111101000011011001111000101100111110011
1101000001111111001010011000100011101001011100011110010110011000
0011110011100001100000111000011101100011100001100000010110010001
1100101011001111100101101100101001111011110100010100101111001010
0001011110010100001110011101111001100011101111110011101100000100
0001001001000100011101011001000110010010101001111001001011101010
1101011000111111011101101000000100101101101011101000100011011110
1100111100100011010110010111101101111001011000111110101111000001
0000001000001101111110000010111100110101110101011111011100110110
1010111100010011000010010010011111001100001011110001010010101010
1100011010001010010100001010001000001101001001011000101010001001
0000101100001101100011000111100000100011000101110110111110110001
1111100010101010110011110100111001001111000001111111111000001111
1101011011001100010110010101011101000101000001010000111001111111
1001100110011001011001110011101101010110011110101110101001010010
1110000100010010000111001110111101100110110111101100010011110010
0111101000100000101110010011011001001010101001101001001110011110
1110001111000001100110010111011100111010111101100111110101001001
1101000011001011010001001011111110001111010100100101000001100000
0001000000101111011000001000001111110101010001011100111110100001
0100100011111100111101101001101010101111111100100011001110100101
1001110001000000000010101110000000010011111001101101011101100000
0010110011111011000000010010011011110010010000010111101101101010
0001101011111100001001111111110000011000000111001011011110100110
1001110101001000100011000110100001001111110011100010110000000111
0100101110011010110000100000100011000110000110111011001110001111
0111100110111001001100011111000110001110100101010100000110100001
1111110011010010100011100110110111111111001010110001001000111100
0010101100100101000011111011011000001001010110011011101011100111
0110100110111111111101111011100111100001101000111011101010101001
1101100010011011110100000001000100000010110011111001100010000110
0011000001000011010011111011111110001111100111100111011110111000
0100011011011101110111011100001111001100010010011001101010100111
1000110000010101011000101110000100110101101101000010001110010000
0011010001110110100011001110111111101111000010010111100010001000
1110101010010100100011000000100100110011000011000100000110111011
1010011000001111101100100001111110101100011110110010000100111100
0001100100100010100000110011001001010100011010100010111100101111
1011100110010100100001001100010100000100111001011100011001011010
1101110101110101011011001110111010110111101110001001110111001011
0110001000010001010000101111110101111000100011001001110101010100
1000101100000011000011101010100010000011000101110000111011110010
1011100101110100001100011101010010010100101110000111110010110110
0100011011000111100100011100110001110111010110101010100000101111
0101001001011101110111111111110001001110111110000001010000001111
0110000010010100100000000110011110101100111111010000100110100001
0111111101011010001110110111110011111001101000110001110001101011
0010000100110001011100111010100001101001100001110111000101000000
0111100001010001011101111000111100001110110101010110100001100110
0100001100111111100100101011010011100000001010101110111001100100
1100011101101110101101010011000100000101011100001001010100101101
1011101001111111100000010011100011010010100110100110100001000001
1111101010001011101101110001010011110011000101100001011101000110
1111000101010001001001100010001011101110001111011010111100110011
1010000011010101110100110010000100011111101001000100100010100000
1111111010000010110100101011101010010001111001111101110011101101
0010101110111111001010110001001000010110010000111000100100100110
0000100100110110000101010001010011011001101000101111111110001100
1011101110111010001011111110110100001010100110100011111011001111
1101111001111000000001000001000100110010100101000010101100001101
0110001101101000010111011101010010011111010110100000101101111010
1101000111100001010001010101000000000001101110001101110100011101
0110010110110011011101111001111010110011010001110001011111001101
0110111010001001111011101101100010110011000111000000101000101110
1010111101111010101000100101100111011101001000111110000111011001
0101001000101010010001010010011011001110011101111011110100000011
1011111001011001100100001100011100100101111011100000011111000100
0011111001100100010110001000111010011001010100100100101100101010
0101001101001101011111100100011011111100010111111001010001111111
0010001110010100100000011011000011111000011111111111011000010101
1110110000101010011000000100111011011101100010111110110010001010
0101000101100011011100010000100111100001001111001110100100100011
0100001101000111000011101101010000001001111010110001111000110111
0111110100010100110100011010110011001000011000001000001101101110
0011110110110001101011000101111100001001110011100101011001100100
0011000010110010100001101111010101001110011011110001101000001110
1001011110101001111100001110011001010001000111000110111101001001
0111110100000001100001110001111010100101011101011001100011101001
0001111100111110010110111011010101110011101000101110011010111111
0100011010001101010111101001101100101110110101001001001001111100
1100101111010101000101100111001010100111100110001111000010111011
0101000011011101101110110110110011010110100011111101001111110010
1011011101100111111110101000010011110110000100111111001101010000
1011000100001100011111100000100101010101100111011000101111110111
1111110010111111010110000010010010101000101110110011111000101011
1101010111010010110101100001011011101010111010100010010110100001
0010101101010001000011000110111111000011110110110101101010111011
0111100100100111101011011101000010000000001001111101110001000011
1001100000010010101110111111000011000000000101000101000100011101
0000111111111010111000101010110101011010001110101010000110101101
0001000001011011101100000000010000010100010111101001011110010001
1001111110000001111011000111011001000001101011111011000011001110
0101001101111111101010111110000110100001001100110111000000011101
0011010110100110110010000101010100000101000101110010111111011101
0100110110100100010010101001011101011000111011010011111100110000
0100011010011110011111100101101010000110000000011011001100011000
1101110000101101111111100000100111010000111110000010001001011100
1111100010110000101111100110101011000100100001010001101001000101
1100110000011101010111001011010101111111111001010101000101001100
1001100001011010110111000001010001100000110010011110010000110011
0000001001000111001100111101100101111000111101110000001110000110
1011010101000010000001110100000010011000111101000001100101001001
1110111111110010010101110100011111010010010101010101011100100111
1100100010100101101001101001010111111001101000010001110010011000
0110100010010000010110001011101000101010001000010110011110101001
1101010101011001101000101001011001100101110010110101111011010010
0011011101101011001111111001101110111101001110010010011001100100
0001110000101011111110011111000110110001101100011101111100111011
1010111001001000010100000011110000010001010010100110010010010101
0000000100101011010000000011000000101101010000011001111110111110
0010100010011001011000000100001101110000011011111011001100111000
0000101100001011000001101110011111011010011111010001110001101100
0010100010110000111110101000010101100100011111111101101010110001
1101010001110010110010010101110110001001110001000011101100100110
1001011111010101101101110001100010110110001001011111001011001111
0110111010110110000101100110011010011011001011000000000010010111
0000001111001110011100100110000010010110101101000111001101010000
1101100110000111110011001100110110110010111100101111001000011001
