0000110011011000100100110000000110111100100101111000111111111011
0001001011001010011111110101100111111101000011111101010000001011
1110101101010011110110010111000100010001101000110100111111110010
1011001111110100010001100000000010011100100111011010111001101000
1101010011110000001111001001000110011000000010110000111101001111
0100101010001010100001000100100101100000000100111110110111010101
0001011001111010001110110011110100110000110010111101111110100001
0100011111100001001010010101000111011101010001111100000000100111
1110011001111010101000110100111010011110001001111110010110101110
0010001110100101001011000110011101100111101011110101100010100101
0010100110100110110110110001011100001110101101010110110100100110
1110011100001100000001110011011100111001100010000011110101011110
1110110000000101100010111001000011000111000111100000000011001011
0010100011000101011111111110111110110101111010001000111011000100
0100110010001110010100011011001010110101100000110001000001011010
1110000010000111000110000110111000001111000101011001000001001011
0110001100000010000110100001011000110001110000101001001100011011
0011100100011101100100101010110100101011001001011010000110100010
0101010001100011101100101001101100001111110001010011111010011011
1110010000011001101011010000010011000001011010010010110101000110
1001101001100100111110110010011011101010111011100011111010101111
0101000001100110110000100000001111110001101011010000111001011010
0111011111101110011110101101011110101000000100010111010111100110
0100111010000010000101011111100110110011110010010101001111101001
1000101111100011000011011111000110011100001101101010101000101101
0101100111110111000010101001010111111010001101111011000010111111
0100111110011001110101001000101000010010010100001011010111001111
1111010010110010011101001100110100010111000100001011011001101001
1000001111010000110010101111000111010111100101000000101000100111
1110000110101000001000010101001010111110011001100010110111000101
0111100011111011011101100010011100011101110001011110011111011000
1111100000111010010000000100001011011101000001100101100101111111
1101000101111000011101010110101110011101111111111010000100001110
1110110111100111001100010111110100101100010110101011110101100100
0000101011001111101110111001010101110111110100111111100100110001
1011001011110001111011111010101111011000010111111111001111110011
0010111010111011000111111010100100101010101010110010000110010010
0110110110110101011101000111100011110110101001010110110001010000
0101100100101110111110100100000111011001100100001110111101011111
1001001101001001010000101011011011010010111101110011101111011001
1100110111000111001010100110110010000000110111101110010000100111
1110011011101111111011000101011000000000100011100010110011110111
1001111011100011000000000011100000100000001010010000011000110010
1000010100000101101011010011111000101110000100011001001010000000
0000011101000010011100001000100100101111010110001100110100000010
0011100001000000111000010100000100001001101011101100000111111111
0011101100111011001010001001110110101011000010110101110101111110
0101000100011001011110111001110000100010101010001001100111001011
1111011011000000001110101010001110010011110001001011110011011100
1110101101011101010010101010110001100111001011101101011100001001
1110100001100101010110111011011001000000010101101010101111001001
1100010011000100101010101110000110100100001100101101110110101010
0111111110010010111100011110100111110101010100110001000101111000
1011110001001011100100001101110000111110010100001110111100100100
1010110100000111110111111111110100101010110100001010110011100011
1001010110111101101111110111100011100101101011101010010111000010
0110001001011100010100111111011111101101011011011001000110011101
1011001111100010010110100111111010011111001111001000000110001000
0010011110101111111101110100100001011110110011010110100110011101
1000110111010110111111110101011100001110000001010011111100010110
1101110010001001011000101101101100100101111001001110100100011011
1010100000001111011111110010111010101001111110001011101000010000
1110000001111110111000111000111000101110110010000100101101001000
0111111111111001010001011100110101010101100101010010010010110110
0000000010100111001010010101001001001001011001110110010000010111
0110011001001100001101010101000001100000101100100010110110111010
1111010100110101100001101011001101010010000000100011100101100111
1010111000001001001101100111001111101100101100111011001101111010
0100010111011010101111000001011001001011101111001101011100011010
1101011101000000001010001111010010000110000110100110111110001000
0010011000111001000010011011000011100001011100100011101100010111
0010110000010111100100000010101000001101010110011000101011000110
0101100100010100010110101110010000101011100101101100101010010010
1101001100001000101010000100110100000000101100010000101101110011
0111010111100010000111110011000011100011100100001001110011011110
1100011010101110000000011101011100000110101111001100001000101110
1111100101111010111011101011000001000000010011010110010100100101
1010011101001000001001110011110001001100001110100110011110010001
0100001100011100111010111010110110111010001110010001100101110000
1001000111000010110001011101001110111101000010001011010001110100
1010100000001100011100001101010100011110000100111100101001010010
1010000000011110011100000101111111000110111000000110101011011101
1100000001000000001100101110100101110010011011100010001100011000
1101011010011010101101001100110110011100111100010011101001011111
1100001001101111010100111000101111001010011111111011101100110111
0001010010011101110001001001010000110001101101011110101000101100
0111110101000101011001101110001011110101010101000100011000100001
1000100110000000111101101101101001011011011000101111100011111000
0011111000110111001000101011000101001110001011101010101110011111
0011111000110101000111001001011001101000101100001101111111011001
0101001011010101000010110000000011101011001110100001000100100110
0110001000110100100010100101010001110100101011101000101110101110
1110101110000000101010001100001101100110010101000100110101001101
1101010101110010100010100011101100101111001111000101011001011100
1000000110000111010000001101010000000101100001101101000111011000
1111010101111010001000101010110001001111110010000001101100010111
0101010100111011011111100010110100001110000100100101001101110101
0110101110110000110110100110010101000011011110011000011001101001
1010111010101100001001000011100110100111011110011010110111101001
0011100001100110000000000110001101000100000111111001101000110101
0101000101000111101100101100100100010010000101001101110110011010
1010011000000111010101101110100001010111010101001000101110011011
0010010100011010101100111110011100001001100001101100010100101010
0011000101110111011010001001000001111100011101010001100110101101
1000000100101110110110011101000100000101010111010100111001000111
0111111110000001111100011001101011101101001100111001110101000011
1000110110010101010101100001010010001100010011001110001010100001
1001000010100100111110000001101001001100011011011100000111111100
1101011111000011011001100110110100000011111101001101101110101100
0010110001111101111110011111101010011110101001111101101101101101
1011100101110010001001011000000000000010111011100000011000000011
0011100001010011101000111001100010010011110011010001001100000011
0000000110111101010100010111011000001010011101100111000011100101
1110011001110111100010010010011010100001110111001000011110000001
0000010000000110000011000000111111010110001100011001001110101101
0101111000100000010001010011110101110011010000010011011101100101
0111010100111110110100010110011111001111011011000101011001101110
1001001111110011011111111011110000001011000110100010011011101101
1111000111110000011000110011111110010111000000010010000100111100
1000000101010110101011110101111010001110100001100011011110100000
0000010100001000010011010101100001010001101111100000011010010100
0001011111110100011000010100110110111001010110000000110011101101
1011001110111000101000110010110100000010100011001110101010001101
1000011010111010011101001100111111000111010001110010010110010111
1010001111111001001001101001110101011100000101010010101111100110
0010000010000011100010101101101010110101100100011101111111010101
1010110011101011101000010110110000010001111111110110010011010010
1001010011011101011011110011010100111010011101000011011001001001
1000100100011010001001100001011000001010001111011101010100100111
0110101001111010101111001111001100101101110100000010011010010111
1000001101101111010110001000101110011011101110011101000000111001
0100000101100110011000110011101100100111000010110100010101011000
0000011011001000010101110100011101011100001110100111111001011100
1100100111010110110000101100000101111011111010000100010001010111
0001011111110101010010010101011100011001101110010010111101100011
1001001000101111011010011101100101010011111001101011100110011110
