0100010101011111011111110000101100001011000111001000111111011010
1010110100101001101110100001010011001110110001101110110110010000
1100001111010111010000100010010011111000101101100001111001111011
0111101011011000000101000011110010100001010111101001001001111001
1011100011000110000110001010110110010000111010101001101011000111
0111111001101001101010011000111000000100000001101100101001001000
1001110110100010100100011010001111101001111011111000011110111010
0011110101001001100110001111001001011101110110101110001000010101
1010000101111010000101011101100011011011011101001111010010010001
0001101100110101001001000111010110000010011110000100010111111100
1010001011001101011101100110001010000000101001010110000010001111
1110010110000000010110111111000110001011010110101010100100101110
1000101111110000110000101001000111001011100001110011011000001101
0001100101110011110111011000110000001110011110101100100100010110
1110100111001110110001110000110001101100001110101001101110010001
0000010100110010101010101000011101110010001000101110101010100001
1000110100000110101101101010111000111100011011010000110100110000
1011001110110001111101101010101111101110111100110110010110111110
1001110001100111011101011101010110100001011011111111000101111111
0000011111000110001001101101011110010111001000100001011010010001
1101010100111100100101001110111110110000111001111110111110011001
0100000101001000110111010110110100101011011001110100110110000111
0001001000001001011001000101001101001010010001000010110100010001
0110000000011110110111100101000111011110111011000011110111000001
1011110110000110011010010010111111011000111101110100011011101111
0101101101010011001110000111001011011001000110110111101101110111
0011001100000010110110010110110101011011100011100000010111110011
1000111011011101010000011101101111100001011100101001101011000101
1011101111001100000000000101101011001011101000000000011110101111
0010101101101100000110000111010011100000101010001100000011110111
0001111101111001011000110001011110011000001111101000011000000101
0001100001101100100101111110011000001100100110001101001111011100
0110110010011101100111111111001101100000010101111010110011011110
1101100110101011011010101011100101111111110110100010010100000111
0110111000000111100101110100110001110010011000010101110000111100
1011010001110101010110010111001100101011111101001011100010100011
1100111111110011101110011010000010001010100111011111010011110001
0000001010010001010101010101000100111100101110101101101000000000
1000111000100110101000011100011010001001000011110000110111011001
1000010100010100001111111000111101100111011000001101010111011111
1010101010000011001101111001110101111001101110000100011111000000
0000110000111100000001011000010000111011110110100111111010011000
1000000000100010000010011010111111001010001011000110000010011001
1110111111110000011000001001010011001011000000110110111011111110
0100000000100010111001000010111011010111010100000011001000010101
0100110100101011011000011011011110011101000100101001011000110011
1101101110101100011110101100000101100101100100001011101011111011
1000000111000100110100001010101110000101001011001100001100100001
0101111011110101010000100001000000010101011100111110011111010110
1011100010000110100010001110001011001100100101111101001100001101
0011111011011111000101100101110010111101010001011011011010100000
1110010000010111010000000101011000111000010101001001010101001100
1011001000111001110101100011011000000010110101010001101100011001
1100101000001100001000011001110010001110100001100000111000011010
0001011100101011101001011000000000010101010001110111110111101001
0000001010000001101100111010111010100110111011110101101011111101
0001010100011101110100101010000110110001111010101110111100010011
0111000001100101011111111001001101101110001111000100100010010100
0000010110000100010101100000110010001100000111101100000011011010
0110101100011110110110110110000010110011101011011001101000000010
1011001001001100111101101011001001000011001101001001011111011011
1011011101110001100110100011011110111110010100001101101111000001
1000010001111001010110110001011000011110111100111011011011100101
0110100010111100111000000000111001110011001110010110000110001011
1011110111001111010001001111101001010011000101011110000011101101
1001001111000000100111101110100100000010110011100000101111011001
0101101000110111100011000001100011100010001001010001101110101010
1101000101111000100010110010011000110101100011010100001010110100
1111101011100101000001001010011100110011001101000001110111101010
0000010001000000101101110010000110111011101000100100011100110101
0101010101000001111001110000101100111110010100000001111110000001
1101001100110001000111101000000011011101101111011110100110010100
0111010001010100011010000111101110001101101010110000101110110011
1101101010100010110001101110001001110011101010000110101101011101
1111011100111101000000111100000001100100010010011000001110010100
1001110110010010100001100110011001100000000010010111111111100110
1101010110010010111110110001000111111000001011111000011001100110
1101001001110111001001111110011100111101100000111001001100100101
1101110001110010011101110101111010100101111110001110101000101011
1110000111011000001100100111110010100010100101111111001101110000
0100111010001011000110001110010010101100101110101110011000010100
0100101001100101011010010110110101000010001100111000001010100101
0010100010100010101101010000100100011011100010111010101001101110
0110111001001100100100011101011011100010101110000111011100010110
1111111111010011101100011100001011001001111000111111110101110111
0011111101110000010111101001100111001011111000101000101001111110
1000111001010001101100010000101010011111011011111101101011010110
0010100001010000001000000110010100111010001111000000111110011011
1010110100101110000111010101110010111001010111101011111000111010
1000010011100011100010010001100101110010110000000111010011011100
1100100110011111101010010000110111000011001100011101100000011010
0101001011001000110111101010101000101100011111100111100011000011
0010000111101100010001111110111011111100010110010010001010010110
1111101100011101011110111001010110101001101100110001011101111110
1110111000011101010010010111000001111110101111001001100111010111
0001110011001101010100001101000010100111100111111110010001010101
1011111111100101111110000101001000110111010001011100001111110100
1110111101100001110010110000101000000111001110011011001001111001
1100011000111101001010011001011010001111111001110100010111000100
0010001111001000000001101011111011010001111100010101010011010110
0001001000010111011011011010011110011000110100111010001100011011
1000010111110110111100100100001110011001110011111010010011010001
0000110100001011011111101000111110110111000001101011011001000000
0101100111011111010100001000010010011100111000011000000110100111
1001111001000100010110000010010111010101101011011111110111011010
0101111000010111000000100000001000101101100000010011010100101010
0000101010000000000001010101011000010100010011101010101111001010
1000110000001010101011001101111110000010111001110100110001000011
0100111100110010111110110111011111001101001011111001100001101111
0100000100010111011111011011101011001100111010100001011011110010
1100001011101011110111110110001101001101011111101000011001011010
1111010000010001011010011101000011000011010011001011111110101101
1010111010010010010101100101001111111000100010000100010010110010
1010111111001010100010100111101010101111001001100101100010101001
0101001111011000100111100001000010011111101000001100110000010100
1100011101000100011001100011100011011110101111110100100111101011
1101010010001011000000101010111111001100101001101000110010110111
1100110110010011000010111100010010111100001010110110011100100110
0000000100110010011000110000000001100111101010111101001101010010
0010011000100100110101101111110110010101000101110110110110001100
1110010011000101101111010011000101000100011001000010010100001101
0101010101011101001111001000010110010110011010001010110111011110
0101100110111001100111001110101000101111001011011011100111000011
0000101010011111100000111111011101000100111011111110110011000100
0000101101100101000010001110011100011100010011101110010010111111
1001110000011001000010111110010000000100100100011101110100011011
0010001011111000001100100111000000111010001100000110101110110001
1001100101000010110101000111110101010100000100000000001110111000
0110111101010110011110010000101100111101011101100011101100111100
1110000001100100001010101101001110100110000101001110101101001100
1011001010100100010000100010100011001011011011101110000001010111
