0011011010111100010100111101010010001010101111001010000111011010
0100011110111010100010000110010000100101111110010110111111100100
0111001100110010011111100111001110010101110000111101000001010110
0101001000110111100101011010101110010001011100010001001101101111
1110110111110010110100100101101011011001110111110100001111111100
1100111100001101011110110101000001100010101111111011110100000110
0110100111100000011010000011111110011111010001011111000000010110
0001011101110001111100111101110001101000011010101001101001000101
1110000110110000001010111001010010110100100011000100100100101000
0001111010001100101001011101111111011110111110011101001110101111
1111010101010111100010100111010011010100010111100110011001101111
1000001110010000010011011001010011101011010101110101101110110100
0011011011110111101101011100001100010111010111101100101100011010
1011101101101101100110011100001000110011101001001010111111011101
1110011101111101001011100101000100101010011001011111100101000110
1110111010000110011010100110110001111110001101100110000000111100
0100101110000001001000000010000010100001101000110100100101111100
1011011101000110001011101111111000101111010001010011110100101110
1010000011001010011101111101110111111010111100011010101100100101
1111001000100010001010011100111101111010010111001100100001100111
1000111011100111011110010010001101010011010110001001111100000110
0100011011101110001111010010011110010000101111101001011101010111
1000111001000101011010001000011001101100110100001000000001101001
1101000100011000000100111101001100000101000001111100010110011100
1110110111010001011000110001100001011000110000000110010011011010
1001100000100111110100011110101000111011010011001100000000001001
1010101101001100001011010100101111011101100001101011111110110010
0001011100100101010010111010100000000111010110111100111100000011
0011000111010100110100110101010101000001001110101101011001011100
0010001111101011001010011101100011101011010010000110000010011111
1010100100100001000000001111000101001001111001111010011110111011
0111000011101001001010010100111011110110101100001111000100111001
1100011011001000000000101011110111010000000011001111000101011110
0101111100001101011011001010110011110110001100010000011001111110
1001101001001100001110100001000111100001001111111110101001011000
0101110100100001000110011000110000101011100110110101011100011111
1010101110111011111100110011101010100100101100111011000010111110
0011011000110011111010110110100100001010101101010000111001100101
0111011111010001101000000011111111100111000110001100001000011001
0001001111011011111000011001000001111100011110000101000111100101
1010111000011001111111001001000100101100011110001011101110110011
0101001100000111010010011010001011011011111101011000110110101000
0000111011000000101001011001010000011011111010010001000000101100
0001000101001100101000001101011001001101001101010000010111011111
1101100100000011100100101011010000110011101000100000010011010011
0001011110010101101110000001000001011101111101000000011110111110
1000010100000111111010101010101100011101110100000010101011011010
1000101011001000010110101110011101101100100011111110001000001111
1000010101001111011101110110010000110001101001101000110101110110
0001011111111111101110001110000110100011011000000110000001001010
0001110101110010010001101011010111110110101011010110100110010100
0100111110111110011000111111010010111110000011110010011010000000
1001001101100111011000101011100001010001101001011001110001100111
0010000010010010001010001110100010100110011101110000001010000110
0110101111101010101000111010101011101001000111010000100100000101
0100010011010010110100101100011110001110000100101100001110111000
0010100110000101100100000101101010001110001000111100010000100111
0001000110101011101110110110001101100001100001011000110000101111
1110010001000110110110001111101110000010110010111111000111110001
1100000101100010010101100001000110001001111010101100001011010000
0111101011010110000100000101000101110001000110110100010010000101
0100111010001110000011100100010110100001000101111111010101101100
1111110010110111000010101100001011000010101100111000000111110101
1000100101101000110111010101111000101010110000010000111000110101
0000110010010001010111111110011111101100011000001010010000011111
0001000010011110111010110101000000110101110010010100111101011110
0000101110111010101001000111001001100111101001010101001101000100
1100010001001100011100010111101110110110000000001110011110110111
0001101010011111110011001111011010011110100101101010101011010110
0011111011111001011011000111111010100011111111010100100111111011
1111001110000110000101010000101111011110100011110110110011011001
1100110111010101000010010000100101110000111101100011000101111011
0101010110011000010000001101111110001111100110100010011000001101
0010001100001101010100001000010110010101011011110000010101101001
1000010011010010110001001111100000111101010100001000010000110010
1010011010110010100010111001010000000011011100101111001010001001
1010011110101111000011011110001000010100101001110111011011011001
0100101111011110110110010110101001011111000011100001010101110000
1100010010111011000000111100011011110110101010011011110011110011
0100101100000001010111100101001010000100110100011001101010001010
0000100111111000100011001110000001110001111101000011111101111011
1010111000010001110001011110000011010011000110001011110001110101
0011011010101010100110001100010111111111011100001111001000110000
0000110001011100100100011101011111110000000000101101100100000101
0011010000001100001000001111010000111010111010000110110111111010
1101101110010000110010110100101001111110110000010111010101011010
0010100110111110001110111001001001100110111011101010010011011110
0101010110110000011011100011101011111011001000011010110001100111
1110000011010000010100100010010101010110011100101110101100010000
0010100101101111001011011111011101011110000001100101000110110010
1010111100110010111010010011011001111010001001110111111110000101
1111100000100101111000010110101101110111000101101101111010100111
0101100111011110101101010010111000110011000100000010110110010110
0101110010101010010110110101111100110100111100000010110101110111
1111000101100010110010000101110100011111100110110100100000001100
1010010011111101111011110010010011001111100101110101101111111001
0100100111011100010101010100100110100000010000010110011000000101
0000000110011110101100100101110101000011010010000101111101001011
1100101100100100110100101111111010001001110001001010100010001010
0011111000000101111001100001010010000110011000111011001010000101
0000100001000110101010011101010111111101010111110011000011110011
1011011110111100010010111111011111000010101010100000110011110100
0011111010001001000011101000001111101100001100100010001001111110
0111001111101000100100101011000101001000110011000011001010100101
1011010110110000110011000000111001011110101000100111011001000011
0010001010110010001001100100111001101000110101011100010001110101
0100000011001100001011100110110110000010010001001110000001101010
0111000000111011111010011111001011111101110101100010100011101000
1011000110011100001011100010110010010001001101111100000000010011
0000011111110111110001010001110011011000010110100111101010111001
0100000010100000101011110110010101010111100000110011011010111000
1001001001010001111000010101011001000101001111001110110110011110
0110010000011001010111000011101110001110111100101100010001011001
1100111010000111010001101101100110110101100111101011011001000111
1101111001001100010100010011111100001111010110010010000000110110
1111010100101000000010010000100100010011010000110101000110011001
