0101001001000111111101111111001010100101100000100111011010101000
0101000001100010100001010010001110110100011100010101000111001001
1011100101000110111101110011001000111011110010100011101010011101
1101110111110011001010111011001000001000001011110000010100001001
0010100000011000001110010111111101100001110101000101001101000011
0110100110110001010110010100000011100100010100101101011101000000
1100111010111011000101011101001110000111011111010010010111101000
1011100101001110111000111001000000011010001100110010111110110101
1001010011001001010111001000101100100010100001100011000000001010
1110011001001100011011101010000110000001000101000010011111111111
0000011110001101100110001011101100011010001010000110010001110100
0011100001111011001011011101110101000001110110101000010101111010
1111111110001000101011110101101010011101101101110001000001000110
0101100100101001100110000110101100010110101001111101101101000011
0011001110100101101110101011001001001101110010101110001000011000
0010001011011111111110001010100110010111100001001010001000000000
1001010101010110111101110000100011010101110010001101001000110111
0010011010010010010001100111101001100000000011011000101010011111
0000110000110101001110011111010110111101011001110010110001010010
0110111010001000110111100111011011010100001010000010100100101110
0000100011000101011011111101001001111000001111011000101100101010
1000101111010010110001100111100001100110000101101101100100010111
1000000100101111001010000001010010111100000110001100111011001001
0000101111111110110001000101100100101000010011101110000110000111
0010011010101001000111010010000100010011100110101100110101011110
1101001100010110010110000111011011011101011000100101110010111010
1001010100000010001001011100100101110110010101110111100010110100
1111011000000101110001011011111100101100010100110010111000000000
0011000000011011011100001101111101110010011000011110110110101111
1011101101101101111110011101101010010000001101001001011001010001
0110000111110000110011000101110110101001110111000101110111011011
0110010010011100100101011111111011001110001110111100000101011000
1111001001000010000110100100111010011011100010011001001000000111
1111000010100101111111100010001010110010110100010001110111110010
0011111000101110111000101100011111011101110001001000101010011001
0011010110010100000010100101101101000010011101001000001101110101
1101101101101101110001011110010101101001011010111001010100010010
0010001011010111111111000011100111100010001011010100000110101010
1100101101100011101001110110000101110000110011100010110110000100
0100111101101000010111011111101001100100011101001110100011001100
0000111101101111110100010100110011001110101010110110110101111000
1001000010101101001111011011100101111010101111010001011001111001
0010110110011010111001111000110001010000001010110101010010011101
1011101101111001111110110110000011010100110011001111001010011111
0011111100101000010001100100010111101011000111111111110110011000
0000100011001011111110111100110001011111100001000000011101001010
0001001100110000111001101010100101000010100100010000011001000011
0110100011101010101001111001101000100100111010110010110101110010
1011110001100010000101011101110000011011010101011000101111001100
1001001111001100111011000101111010000100110100110000111000111001
1001010000011010001111111000100010100111101011011111111110010011
1010100110110011000011100100001000111110101011000110010011110000
0001011110001001101010101110000011000001000101001011001111101011
0111000111010100111111101000111001101110101110101100011010010110
1100111100111011010111001101011000011100100101101111000000010100
0110110111011111000101110101010110001010000110100011110000111000
0000100010100100111101001000101000010010010011001110001001100110
1011011010111100111111000000010010011100001011101100000001010101
0000010001010000000101000010110001110111111010000010100101111111
1000111000101010111110010100111101111001110111101111111011111010
0001011101010000111010100000010100111001110001100001101011101110
0001011111101001101100100010000111111010011010011000001010100001
0101001101001000100111010010101100001010101000110010010100110011
1010011100100001010101010000000001110100010000100101110110011001
0001011001101001001001100011110100110000000000000100111111110000
1011110101000010100100010011110101101001010110100111011011010111
1101111101010111000011011101001101101110010111100010000011011100
1100110101111010100000011010010001110101101011010110100100011110
0110001100010001001111011011011000110101100011101111100010011000
0000110100111111000001111011001111001110011000110001100000001101
1101010001101011101010110100011000000110100010000110001000011101
0111010010111100001111111000101111011001111101010010110110100101
1011110001010001011110010110011011001001111001101100001111001011
1111000010111011001100001111101110000110011110000101100111011111
1011101010000101001000001100111000101100001010110011011101111011
1011100110010111010110100110101000010100000110111000101001011101
1111110101101001000101100101111111110001111111110111000101000110
1100011101010100011000100000011110111000010101000111010000111100
0100011001100101110111000100100001100110010110101010001011111100
1100111110100100101110000100011110001101010001011110111101110010
1001101001110011101001001111111010000010000001001101000110110111
0101100010011000110000000110000111011001010110111000100110110000
0010101100100110111000101110101001110000110001000011111011101110
0110101100110010010000100000110100110000111011110010110011100110
1000000110110010011000101010110000110000100110001010011101011110
0011101101100001100001101001011100111001100100001110101100111100
1001001011101000101101000001111101000001001001100001101001000111
1011111011110010010000011111000011011000001010100100011111100010
1101100111001100100111010000011011010011101011100110100110011100
0011100111101100101100111101001100000001010101101000101001101100
1011110101100111111011111000010100110010111001110000011000110000
0100010000101110100101000000100001000001110010000011110011101001
1100010101111111100000011001000001101011110010101101110010010111
0011100101100101100110101111110100110111010001000110011111011001
0110101011010001011010001010010010111111000001010001111100101111
0001001001000001110010111010100000110110111011011001100101011100
1110000110111101111010101110000110101101000101011101100100111010
1001111110111111101001001100010001011111110010110011110101011010
1110011000111110000111100010110010001001111011101100011101100100
0100000011110110101001110110011000111101100000111111000001011011
0100110001101100000100110011111100001001011111001111100011010000
0111011001101011011111010110011100011110101101000000101101110111
1011011011011001000101110100101010100000000011101100000111100000
1110100000100101000110000000011100100011010001000100100000101000
0111110101101111000011111110011100000111100000111000001001100000
1101111011011001001001101010100011010110011111011010110010100011
1100000101011000101110100010101111110011110111101001011001000111
1101101001010001101111110001111010010101000011001111010011010100
1111100010101101000011100111110100001110100100110111011111001101
0000100101111000101111011010000101000110011110001111011111000100
0001000101101110100011001010111011011010101001010010011111000110
0111010110110100001001000011001110011000010110011100010000111101
1111001001111110010101110011110110101101011010010000101010110111
1010010011001111011011010100100100011010011110110111010001100001
1000110111000001010110000101111011001011101111010101110001110010
1010001011101100011110000111010101100000010110101010001000010111
