0011110101111010101100011100111000001101100100111100100011011101
0011110001010000001001100010100001110111011000100100011010001000
0110111000111111101011100011011100010111111110001111010100001100
0110010000100001111101011110010001010000111000011011000110000000
0000100011000100000010111010000100010000101111000001100001101101
1000100011111110110101001110100101100011011111000100111010111110
1110001101101100001010010110011100111111111101010100011001110001
0111001010011111000100110001111011110000111100010001101010100101
0011100100011101011101000100111001110110111110110101100000010111
1000001111010111000011010011110000110111001100110011110100110110
0010001101001100111000101001000011010000011001000010101100011001
1110011000010100111101000100000101001010111000100000111110011000
0001000101101111101100000001101101100100000101110010101100101110
1100010101100011010100100001110000010011101100100111000111101110
0010110010000000111000000001110101000111100100011000011010011111
1111001010010101010110111010111110100100111000001101010110111110
0101001110101001010111100111110101011000001101000110110010110001
1001101010000010011010111010101010111011100001100001000100011001
1010011000010100000100011100110111001010000101101111110010110100
0010011100101001101111100011101111001010100110001100011101100011
1110100010101101001000111111111100100010101010100010001011100011
1000000100011111110101100101000000010001011000110111111001110000
1110111001101100010110101101111010010111101100111100001100110110
1100001111111101010001100111010000011100010101101110010001001111
1000100101010100110000011011110011110101100011100001011100101101
1011000111111001011011100110010010011001000011010101110001110011
0001010010000010000010100010001010000001101000111001010101011100
1110111110100110101110001001010110000100011111100011100011111110
0001111100001110110111101100000011001010101110100110100000001001
1000100100100110000100010101001111010100100010100101111111100101
1111101111001101000000001110011011100011001000101101010000101000
1111001001010011000000110001111011111001010000000011101110010010
0101011111001100100100101011010011011111110010011110110000001001
1010101000101111001000010110101100100101010011000101100110111110
0000010010000011111101000000000011011101111101010100001111101010
1011011110010101111101111111000110000110011011110001100110101010
0100010100110111100010000011010101101001001001010011000101011011
0011000011010101110010101010011001001110101100001011010100100101
0011111011111000001110100100111000011100011011111111010001010111
1010101011001000001000100000111100100100001011100111101001100000
1100001111000101010111010011100010101111001000100000010011110001
0100100000001011110010110111110011000100000101111110010011101100
1101010100001010110001000001001001011110101011001011001100000010
1111001011010101000011011001010000110011000101110110011000001010
0101100011010101010001001010100101010010101011001001101010001110
1111000000000101000110000000101010000110011111001111011101110010
1010011011010011011011111001101010010010111010000010001011110011
1100001000010000001111111010001110001110111010110000111000000010
0001000111111100000111110000101101000001111100101110000101010000
0011110101011011100101000100010101111101000001110011010000011000
1000001111100010001000001011011110001000011001011111100100101001
0011111010110111010000101000100011100101100000001011011111111111
0100011010110010100110101010001001111111001011101011101110110010
1110001010000011111011101111101100111000001000010101110100001101
0000111000110011001011001000010110011100100111010111010011110001
0011110000110011011010010001101110000000100111111000110010100001
0000101001001000100111010100001111111111010110100101110001010010
1000110100100100001010110000011011100001110101001101111011010110
1000001111101011110100111101111000000011111010111011100000010101
0111101111010000010101101000100000110111000110101001010101001110
0111110010011100001000111011111110010000010011111101001011000001
1110100100001101000110111100100100010010111011110010101110110110
0110001100000001111001100110111000000001101010010001100101010011
0010111111111001010011100100000101101110110001110010010111001111
1011001000101001100101000101101110001000101011110111011001111010
0110011111100010000010000110000000100001101010001100111000010110
0001001000111111111011011111111011001110110100001000000111111000
0001100110001101101001011101101110111111111000110110101100100111
1100010110000101010111111011001100110101101100011000100100001111
1111010111100001011110101100101001110001101111010111100001001001
1100111010100010000100110011001010110011000101110000001001000111
0010101010100001100111010100111100000111000100011000001000110000
0000110000000011011010101110110010101011110111000001011100011011
0010111001001001010110001101110000100111111000100001110101011101
1000110111100101101101010111010100011010100000011100000011000011
1111111011011001100111001001111001101010111111001100101110101110
1000111010100111011011001011000110010110011111101100111111000101
1111011100111111111010110001010000000110010001011011111001101011
1100111101011110100000111011010101001001110110011001000011010100
1001010011111011110111000001000000100101010010011110001010101111
1000011101111010011100010000101100111010001001001001000111001101
1001100000101111111010100000111111011110110000001001111001010110
0101011010111111011000011100000110111110111100101110110000101000
1001110001110011110010011001011010000010011001011100101011100110
1000010111010011110011011111000011111110010001001100001011001100
0110100011101011010110000001001010011001100111000110001110110010
1010000001100011101010101100000001001101110100101111001011001001
0010010110101100101110100110011110111100001010011111110011000011
1111100110011010101110011101000010101000001100011001110010001000
1011100111010110110100000011110111111110101100011000111011010010
1000000111011110100101100001011101000001101100010010001100001001
1110010101110011101111010100100101000001110011011011001000000001
0000110111110111110000011000101010000001100101101101100111101000
0010010101101000000110110101101010011011100101010111010010010000
0110011000001011001100000100000101111011011111000101010111100111
0101100111100111100111100001001001010001011000001100101110100101
1111001100010010110010010011101000111101101101011001111111001101
1101110000010010001101100000011001100100100110111000111011001100
1110101111111100010100110110100100110011010100110011000100010001
1010011111101011010110000110101100011101100111000100101110100111
0000110001001101000000110110110110101100010010100010010101110001
1000110101111100110001010001000111101101001000010000001110111100
1111001001011100010101110111101001101011001001110111100101110111
0010000101100000110000111111111011111101011101010000111100001000
1111011100110111110110010011110111111000100110111101100110101110
1100101011100000110110110110000000001111101111111011111110111011
0000000110100100011110010001100000100100101010001101011101000110
1110101010000101010010000001000001001001010001110111111110001101
1001011010001111100100001000101111000110101000000011010010101001
1000110110111001001011101101111010001011000100010110001101001101
1110101011101110011001000111000001000001111011110111011110100101
0001001001111000000100101011110001100000110010101111001101000011
0011001111111000101011110000010000011001100011001011110101100000
1101011000000010000010011111110111011011001100100011100101100011
1000011111100011100110101111001011111001100001000000111011010100
0101111111011101001100000011001001011010101010010110100100110111
1111010010010001110110100101000101101110111001011001101001110001
1100001110011011010001011101001010110000100100000010100001111011
0110000011001000000000111100110001110000000100110011000111010001
0011100010011100101101101011100111011100111101001000101100000111
1100001010111100001101011110110000100010010101001010000111100010
1000101110000111100111100111100000000101100001111111101010100111
0100000101000111100010001110110100100111001010111011110110011100
1110110011011000010001101000111110001111101000110111011001000011
