1011000011101100001010000001001000001101100111001010110111101111
1111100101110100110100000101111111000100101100010011111001111111
0011110001000111111011010010011110001100010110011001011100011000
1101111111010110100110011110000000111110100101000100010000100011
1110011110011000101000101010100010001101110001100010100101011100
0011110100110100011111110100010111001001000000010100000110000010
0010010011111100111100000111000111011101011001111010000101111001
0100000001110100010110001001011111000111001001001001011100001111
1110101101110101001001101100011110000100011111101101000100110001
1100010101111010011011011110100101100110100101101110111100010000
1010101111111001011110110111001110011000101101001110101001000100
1111101000111000111011001110000100111010010010101000110011011111
1111101111001000010001100011101001101011111000000100001010011010
1010111110111000000100111000011000100011100000110000111100111100
0000001010010010011100001101011110000110011101100110111011000111
0100100001100101111010010111101001101010101001100110100110101010
0111101110000001110110110000111100110000101100011110011111000011
1001011010011000011001011101000000111010110100100010111110111000
1001010011010100000111111110001101001011000001101011101100110101
0001011110010011011110110010011000111111001110000111111000001110
1111110011000000110000110110100111101001100000101100011100100001
1011001111100110100011111101001100001010000111001111101100111111
0011010000101111101100001101100101100001100000111000011110111010
0011010101001100000010111101111101000001011001110110110110011011
1110001011000101111110001101101111110110110000010110000011100111
1101101011100100100000011001110001000001001000000111101100001010
1100000111011110111001011001000111011001000000011100001000011100
0001111101010011101100000011000101100010010001100100101010111010
1011100000100100100000110010110100001100001000011111100011110011
0100001001011101000000000110101101111100110110110011101101110000
0111111100110110000000111001001110010101110011100010110011100101
0110101000010111001011000100101101000100100101110001001111101101
1011101001000101010010100010000101000101011101100110010000011010
1101010010110010101111110010101011011011010011000100100101010100
0101110010010110010000101010000011001100100110101001111110110000
1111100010111011111110110111011011000101001101001011111111100000
0100010110000011110011001001111000011100010001111001111111000011
1010000000000011101001111000111010101100010100011101001001111111
0111101001000010011000000101111001000101101000111001010000110001
0111000011100001111011101011001110101100110010001010111110000011
0111111011100011000101010101111110110000100111001111101000010000
0010000010000111111101001110111100010111001011000110101111110011
1010011000000000101100100100010011010111110110110001100011000111
0111101100111100111110111111111000101010010011110101000011111101
0110011010110011001010111110000010100000101011000010101101000111
0000001100110100111101011110100010000111001101100111111001100011
0110011010001011001111001101111111101001110001010000111010111011
1100110000110100000110111100001010111000011011010000000101100011
0111111001100111100111100001111111100010101000111011110000110000
1010111011011000100110011010110011000101111101100100010110110101
1110111000011111100101001010110100010100011111001110110001111111
