1011011100110011010011101111111110110110010011010101110001101101
1010101101101011001011100110001010100011100110001101101111101010
1110010001001101000100000000001000101011110101100011110101110100
1110111110111101001001011001011001011100001100000010000100100011
0101101011011010100101100000111100100000101011111011010110001101
1000111001101010010101100001001110111001111100111010010001011000
0101110011111110111111000000011110100101110100001111100101010011
1101010110110001011011000011010001000010101111110101000111010111
1101111011101001001110011010011011010010100100010111010101000001
0001010011011110000110110110101000100111111100000001101000000010
1100111011111101011111000100101100001000100111000101011001011100
1001011000101000111101110011100111001101100111001110001111001000
1111100101010100101001010100111001110011100011100101111111010100
1100001100100110011000000010001001011001010100010111101111111011
1001101001010111100101011110100100100111110110001011110110000110
1010110000001101101000010000111111101000010111100111111000111000
0111110100000011111100001000101101111101010011100101111101011110
0010010000001110111001101100000100110010000110000001000001110001
1111101101010001011111111100110100010100100110110001111010011111
0010111101110011111001110000010011011101101010100010000110010001
1111111010110111100110011101001100110111111100011001101010111110
1011011111011001000011001111011110001101010010010110011000000110
1000011000010101000001100001110111101101101001111110001000010011
0001111111111100110011111001110001001100010111010111010000100101
0000011001001010111010011001100100011111111001110110001000111110
0000011101101010010011101100110111000111011011110101111100110000
1110000010100111010101100011011001110100100000001110001101010101
0000011101111111101111001001111001010110101010100110010011010100
0111100101101000100100101100100111111110001110010110010011011100
0100101101101001000101011111000011110010101000111111000100000101
0001111111111101010100010011101100011001010000101100100001110000
1101100000010101001010000000101111010011000001100000011010011111
1100010100100100101001011000001011001111111100011101010100110101
0011001010011110010100000101010010110010011110000011110111010110
1010011101010011100110110010110000101111000001010000010111011100
0001110010000110001101100011101110110100011000100111011011011011
1010111101001111011111010010101010010010000011000110001000001100
0010101100011000001000111101100011000000101110101101100111000011
0001000101101111010100011100111111111101101000000001111111011001
0111010110100001100101100001001101101111110110011110011110010010
