1011010101110001001101100111000110111011011110011001110001111010
0101011010000001111010011010111001011011000101110000001111001101
0110010101010101000101101101100110010101010010100001101010011000
1011101111100110000101000010011101001011010010010111000011011001
0111100010111000111001111011001110010111000110100011010111010101
1110111001101111001101110101111010001000001110111000001001010011
1101111111000101001010101001101000011000011110010111010001000110
1100100001111101110010011010001111001010111011100010010011100000
0011111111010001101011001100111011000010011100110001001011011110
0000111111011100010100010010110101010011110101010110000000100101
1100001010000110101011111110001110001001110111111101010101000100
0011100010111101111001101011110110010010100101001100010011110000
0100100110000100010011011110110010110011000100010001011100111101
0000110010110111100110011001100111110010110000010000110111000101
0001101010110111110110111101010100010010001011101100011101011011
1100011100001111100111000000000001101011000100000101101101111010
1101111101010111000001101111101110111001010100001010001101000010
1111100000101001011111010011110111010101101101111111010000111101
1110111111010101110111110001110011000000000001010110000111100111
1000101010011011001000110111001000011101011111001001101000110011
0101010011101111101011001011100010110001011011000110101010101001
1101100010010000000001010011011111011000001111010011111100101010
0101011000001000011101001101000100001101000111100100100111010000
0001110100000101101100001000100110110101010001110001010001110000
1111001011100101100000010110010000111111100000101000011100111010
0010101101111100010111100011011100100101001000000001000010111100
1001001010001100001101000110110101011011101110001101111010100011
1011010100010100001101100000111001011011011000011010000010001011
1000001111011111111110101101001000011010001010000101000000100110
1001100010010011101010000111011110111100101100010110100000000110
1001000010011110011110011111010111110111000111101011011101010001
0001100011001010001101110101011011111110011110000110011010100010
1101001111111001101111010000101011001000010000100110011011101011
1011011110101110110010110100010101001110001000101001000111111000
0000100110010001011010000100001111011011110001010101100010111010
1000100100001000010000001101111001010101010110110000000000001101
1000000110101110100000100010011101010110010100100101111100010100
1111001011000110011000101011101001101000110111000110000010101011
0000111010111110000011101011010001010011010000001011001111010001
0001001001001101110010000001101001000000001111110110110110110100
1111101101011101011101111010111101011001011011100000100010000000
1010010101001110101011111101011011011011000111001101101101110100
0111110110010000011010110100001010000110010001000111101000100010
1011101110101101101000101101001001111011111101001100101000010111
1000000100110000111100111111100011101010010101000111110100101111
1011100010000010111100101001010001001110100011110010001001100010
1010010110001010100001111100000111111010111111011011110101011101
1101001110100011111111111001110010011110101010000000100101010011
1110100111110001010000110011111110011001010111100001010110001000
1010010111010000101001001100001010100010010110001010000100010010
