1011100101101010110101001000001100101000100011010100000001011011
1001011100011100001001001100110100100111111001011001111010101000
1010001100110111010001110100101000010101110100011011010110111100
0010111110000111101101110011110010111000111001100000110001100011
0110011001110111000100010111001010100111001101000101001010001000
0000101010010111001001111100101011010001111110011001100010110001
1000110100110010001011100110100101111111001000011001101101111110
1011011010111000100111111100010110110110100000010101001110010010
1011011100000011001011011111101000010110111000111111011000110010
1100111000100000111000001000010000111110010010001100110001010011
1010111011000111110011010111111110110011001100101111001010010100
0000001011101000010100011100100111010100100011010000101001110101
1000011000001101011111111000101010110011011010110111110000010110
0001110110010111100001101011011100100000110101010111100011011000
0100110101100100101000000101110000111010100100101111010010100001
0111010010000010101100110101100010011111010110111101011111000110
1100010000010101100111000100100111111001011011110110001100111110
0110010011101010100110001111101110100011001101100110100010111011
0011001001001100001010110111010011001011001100111111011000011000
0111000001010110000000101111101001001000101111100001110010010101
0111110000010010101010010011001010010100100000001111011000101010
0011101101010110011000100101010001110110010011010011110111011001
0000011010101011111100111111111010001111011100000110001001010100
0111110001010011000001011110010011000011100101010111010100011000
1010111001100011110101010111110010011110110011111010110111001101
1101011010111100011010100001001100111010110001010010000100100011
0001010111000101000111011001011001100110111010000100100111111111
0011111011100010011111100110110110000111000111010111010011011001
1001000110110101110001111110101010111011001100001111001100111011
1100000110101001011110111001011100001101001001101011110100101001
0010010110100100001100100111111100111101011110000110110000010010
1000010001110110100010111011111110100010001101011101111010111011
1001100110110111110010011000111100101100101111100000011100110101
0111101001100000000011011011111010001001101100010101111000011001
1010000000000001110010110010000110111111101000000100000011011100
1111000011101111011011101101011001101010010100011010100100110000
0000110011110101010001000011000000100100010101001101010101110000
1000000111101101100100111001010000101110001000010111111000100110
0000011011111011000010001110011110000100001100011011001001110110
1100110111000101000011101101111010101000101101010101000110000111
0100100000001010011000000000000000001001000000011101101111010100
1110001001000001101011101001011011001010100011101100100110000101
0001000111101110001101101011101111110101100000110011011001100001
0011100100011100000001001111000100000000100101011000110101000101
1100001101100101011110011001111101000010011001111111011010001101
0000000111100111001010011011100011101011100010111011100100100100
1101011101001001100100101110100010001011110001100000100110010111
1010110011001111110100100111010011100011111000000110000100010011
0001001010000011010111010100101010110111100110000000000110010111
0111111111001001100011001110010010010111100010100001001101001110
0100100001010100001111110010101111100011101100111010110000111011
0110000000010110000101111010001110001011000010101110011001110111
0101111001010100110010111000000101111110101010111101110110110100
0110101011100000100011101101101000100101000011010011001111101111
0100001101011110001000101101010000101110000110101010000011111010
1000000001011100011111010101001011100000000100101001110000001011
0100000001011010000100000010110010001101101010100010101011000111
0101101100010111110100000001101111010001101011011110111011101011
0110010100001001101100111010011000010010010001001101010111001101
0101101110010001001010011011010101010110110101110011001011001001
0000000100000110110000001100000001011101101000111100000010010111
0100111101111010000001010110000001101010001101011100101110111110
1000100011001001110100011110001101111110001010111000001110010111
0111011110000100101110011000010101110111110111001001000000010000
1110111100110011000111011011000100111110100000010110111100010111
0101101000110100101011001010011101010111001101000001101000000101
0100001010100001001010111011011101001000000001110001100100110011
1100001011001101101011011000011100000111110110110011110101100101
0101111010110010100011000010100111000101110101011001011011100010
1001001100111010010001000010010010001001100100010010000000010010
0011101001010001001100111100110010001101011111101101000011010011
0110101111110110010001010000011001110010011001101100001010001010
0000011000010110011011010101100000110010100100101111001110000110
1010111110000111001010110111110111011111010000010001110101110000
0101010011001000101111000011100100011100010110010101100000110111
1110001000000011101011000010011101111011001011101001110110110100
1000010101100100101000011001101011000100110001111001110010111010
1010011100011011011101111100101001110100110011111010000110001001
0011101110011000010101010101000100100010011101001100001000001011
1101110111001101011110100000010010001110000101101100110110001111
0110000000110100001000110011101100011101001000111010000110110001
0010100100111110000111101010111011100011111111101011101101110010
0001011011010101000101101100001011001000100101100001010001110011
1001111000010101010110011011111110111011110101100011110111111011
0010110000101000000101000101111010011011111011101001111000010000
1011010011001110000100010111010010110011011001110111101001101011
1000000100000001010111101001010011010110010000001011011111111110
1011000101100101110000101000111000110101111000100100011000001100
1110011110111111010011001111010110011101011101010000010100111110
1010100110100101110010110110101001110111111010011101011001001011
1110110110011111010110101111010111001111100001101011111011101011
1100011011110100001010011100011101110010110100010111111001000010
0101001001111011111000000111000110010110111101110000000100000111
0110011011101001010110000001101100101110110110100110000101000101
1010001000001110000001000111100011100000010011011010011011101101
