0100110000101100010110101101000011101010010100000110010101101101
1001111011001110000000010110111011000101010100010010101100001101
1111001111010110000000000011111000010000001010110100001111101010
0011101001000111000110110011010101001101100110111010110101111111
1111010000011110101101110001011100110101111111010111001011010101
0100000101111010011110110100001101101100010111101101011100000011
1100010010101111101010010000010010001100100110111110000111011000
0111110010101001011110000011001100111101111111101111100001001001
0001000001000001010111000111010010000011101000011001001111111101
0111100011100100111001001000000010001100011000011110011001010110
1011100100010100111011111100100001111010101110111111000010101100
1110100001011010010001110010100111011111010001011111110000010101
0101101010001010011111001101110011010101010010100010111100010000
0001001000000111011011110111111111011000011000011010100010101010
1000011100110100000100000000110010000100111011100000010110001010
1100111000101010101100110010101110011111001110011100100110011001
0001000000110111101001111100110101100010101110000001101110011001
1110011001100000101110011100000001111100011001010110010110101101
1010111111011000111100111001101010010101000001100010111100011000
1010100111111011101000011000110010101011101001110001010010011110
0111100000101010111111001011011110010111011101001000001001100011
0000101011000000010100100011011100100111011100110000111101010011
1110111100111010011000011011000001110000100100101000101111111111
1001101101010101011100110100011000011110001111101011111000010101
1010100010111011000110100110101101111111010101011110110111000011
0101010111100010011000111111111001011000000101011000100111101010
0000011010101100100011011111010101011110011100011001100100000011
0101001000011000101010010010101110100101100011011010100000101011
0100010010001111101000000110111010011000001110010110000111100101
1111000001111101000111011110100010011111100011001011010100110101
1100100010010100000001110010101110101010010001011100000000011011
0001010010101111101111111011100001011010100000011011101011010000
0010001000010111100001000011010010100101110011101011110001110000
1111101000011101001000100101001110000000001010011011100101100100
1101100010101010111011001011000011000001001101000010101011001100
0101011010100000110000000000100001111100010100110000110000011100
1100010010000010111000010011001100000010000001001111101011011010
1010100010010001110001110110110110101101000111001101101001001011
1111111001010111100110101000000000101000011110010000101011011110
1000001001100111101010001100011001101111001000111101001011010111
1001111111101000001100000001100111001010111011000100110001010111
1110101010000001100100010110101111110100101100100000010110111101
0001101000000000000100001100101001101000011001011011111000111011
0101001110100101100100011011011110001001010101011010000100000011
0110000111100100110101110100010110110101001000100001001100010001
0110111010010111101000010100011110000010011101100000011011011100
1011000111001110100101000111101010111001011101111001001000001111
0010010100010100111110000100010001000100110111010001000001011110
0111111000001011100000011100001011101011100001100111001100010111
1010110100000001010111011011000001000100000101000101001101100100
1110000101010010000010001100110111010010100001101111101100100010
0100011000011110001000010010010100001010011000101010100110011101
0010010010011001101001011111010000001011011010011000111000110010
1001101001100111010101101001111100100011100101110011010001011101
1001100101101110001010000001010111101101101001110001101010101110
1100001100000011010011011100101111000110101001001011001111010111
0101100100110010100000011110000111000011011101000001111110111000
1011110110111111100110110110001000010110110110011111000101100100
1000110100110011000111000001000000001001101001110001011011010100
0101110010010110110111000101100111101111000101011000001010001001
0110111000100111111100001000111100011100000011101101010010011011
1010010011000101001111111100110011110001101110110101010100000101
1001001110000010100001111111011011010100110010001100110110100011
0001000000011110101110010010110011011001011010011110001110111010
0101110101101110000001011100100011001010001000000110111101011010
0011100101111001011100001101011111111110001000101100101010101000
0000101001010111000011111001100110101110011000001010001011001110
0001101011010101011010110010110100010111110111001010000011100110
1000110101101100010011011001011100100010111111101101010000011011
1001100110010111101000111100100001110110001010000111001111010110
1001010100101101111011101000010000111011110111010110010101000010
0100111111101101110110110100001110011010111011000010100110000111
1011010111010011010110001101000010110011010000010110110100000001
1011101001011111001110111100100011101101110011100010111011011001
0101101011001011110110100101001001000011101001111100001100000110
1110101010100001000100000111110111011001111110101110011000000001
1111011011111011111000011111111111001110100111001101000110010000
0001110000010100010101001011110001010101001100010110001010101000
1110101011100011110000010010100001100000000010010001101111101111
0101110001111011000110011100110100111010100001010010001100010110
0011000000101010001001111001100011110000010001110110000111110100
0111000011011111001100110001001111011110011001101001010110100011
0001111001010010000100010010001000001000100100011011100000110000
1111110101101111111000010110111000110110100000010101110000111011
1110011010000100001001100010010001110000010010101001111101011001
0100111011110010011110011110011000011000010011111000010000110001
1010111000101010100111100111111010001011100011100110111110111110
1010000111010101000101100101011100000000100001100000100010111001
0011010110101101100010010000110001010010101100001000001110000001
0000111000010110011011010000001110001000001101111001001110101010
0111110100101010011101100011010001011000001010100010111000101101
0000110111010110101101101110110110010011010110111110100000110001
1100100011001100111110011001000111011001110000110001101110001011
0101100100001000001000111101100111101101111000011010100100011000
0001001100100111011010001100101111111011011011001010110100000010
1001001010001110110101101100110110110011011101100010101110001001
0101111010101000101001100011110000001110110101101101011100101000
0110100111101000001110110101010000010011010110011111011110111011
0101000001000100001011100100001110101011100010010111011000010000
0111101011111000111011000111111110011001010010010001000110001000
1111111011100101000110110100111110000010001010100000101111100001
1011110001000100001001000101101001000011001101100001100100111010
0011110111100011100011111101100011010001011101110000000000010100
0000011001001100001111110011011101011111110110110111110011100010
0001100110100100011010111111101010110001110101010010011010101000
1000100010011101101100010001011001010001010111100001000011000100
0100100011010101001001100101110000001110110000100000111101010110
1000011010111100011101110101100001110111001011110111011010111111
0001011010111001011001000101010000100001000110111100100011101010
1000101011110100011001100011111100111001010111010111000101111011
0110010010001111101100100100101011001010011111101110101011001101
1000110111000001100100100100111101111011000000000101011111110010
1100101010001011010010000111110000110110011011110111101101000111
0110011110110101110001011101000001001101010110011100011000101011
0101110111011010010111010101000101010100000101110001101101101100
1100001110001111101000110110011000101110000111010001000111111101
0000111111000000000000101100010001100011111000000101111000100111
1010000111000000001000100010111110001010110111001101010100100011
1100010110111110010001100011110111010000110000010011110100111000
0010111100010101101110000101000011100011110110011100111110111000
0100110110010010011111101101110100101111000011011101001000001001
0001110011010001010000101011111001110010101001000011101010110110
1010001010011010111011111011000111010001010011001010000111011001
0110111011001000010000101001110000011111101011010011001001000011
1101001110010010101010101110111000000111111010110001110110011010
1010110011110011111001001011111101111101011100010111011001110000
0111100110101101100011100100010101000111110011001000100011100111
0110101110011110100001100011000111101111111000110111011110010011
0011010101101010100110001100000100001001011000010110110101111110
1110010101100111001100011010001100010111010111010100001111110001
0100111011110111100101001011011100100100010001000101110110000001
0111101101000001000001100001100110111101011010010100100001110111
0010001111000100001011111101101001000111111101010001111001110111
1010111101001111000101110111100010110101010000000111001110000111
1001101010100001011111000100111001101101011010100111111010010101
1100110010111111011101010010100111011100100110100101100011110000
0101011010100100111000000111001010001011110010000101000010111010
0001001010000110000100011110011011101101011110011101101000111101
1000111101010010100001101111100001100010011011011100111111001100
1011010100010111011101100011000010110110001111101001010111110010
0000100000110011110110100010010011101000101011011111011011010011
1010100100100001110001111111011100000000000111010100011001111011
0110100101100101001010110000100010001011100001000011010010100000
1001010011100101010101101100011100001000010001011101001101111110
1011000100001000001011100101010010000010100011010101101101111110
