0001100001001010000011110101011100100001110111001000010010000011
0111001001001100100001000010010101010101110010110111011101110111
0111001001000011010010010010111010011101011100000001101011000110
1000111000011000010110000001001111001000111000010010100110010010
0111100110111001110000010110110001100110000110010001010101111100
0101111011111011001100001010001100101011100101100111001001101110
1110111011110011000000100111001100101110101111011101101001001000
1011111001111000001101101010000110001101001101101010111100001010
0111001110010101110111011101010010011011001101001110110111100100
0010101010000011101000011001011001011010000111000110000111011010
1010101000010011101001101011100111001110101111000011111101010100
1100011011001111001001010101101011101111101111000110011010110001
0100111001010011111011001011101001101000111100101110110110011011
0110101010111011010111011100001110011011101101010011000100011110
1110100001100010111000000011111100001111111101001111011110011010
1111101100111000000111011110011001111110011010110111001011110001
0011101110000100011001011011000000001010110110010001010011000011
1101100001010111000101001001001000011101011110001011000010111110
0000100111111011101010010010110010001110100000110011000100101101
1101000011001101010100011001010101000000110101100011101100001111
0111001001111011111010100011100000100001000110001101001100100110
0001100010101010110110101101010010111000100111100111000010010101
0011100010110101100111000100000100100010100010011010000011100010
1011101001111010101000011100110110001100101111101111101000110010
1100111110110100111111001010110110101000100100101000101101011101
1010011101010011111100010000010111111011011111111001101000100011
1101001010100001111101000001110011000101010100010010010100001101
0110110010001010111001011001101101000110001100100000011101011001
0100101111110010000110010110011100011010111011011100000111011101
1110000110100000100011110110111011110110110111010000011000000011
0100010100101111110110001111010101001100110101000111100001100000
0100111001111111110111000101000110000101010101100110010111010011
0100010111110010110110001111110000000001111001011000100100011101
0010110111000010001101100110001110111011111111110010000010001111
0011111001110000101001001011100101010000011101010100110101100010
0011101100010011001000010001101100011010101100100000110100111111
1010010101010110111011001100101111001011100000000101100100010011
1101111101101111000101001101000111001110111001010101001011111010
1010100100100101100000110111001000010001011101010010100011111010
0111100100111101111111100100101111101110111101111101110100010010
1100100101111100010100110001001100100100010001001100100010110111
0101000111110000100111110011111000011010111111111111110101000011
1011011100001100101101011001011011101000000101000010110001001111
0101001100000101100101101011011010001001000101000110010110111011
0110100000100100111111100011000001011101000001010001010010001011
0100001110111000110000110001111011000000101011000101110111010101
1111001101110010100111111011000100001111111000100011100100000010
1110101000011001000110010011001111001100110001010111111001010000
0111101000001110100100101101010110001010100101111100101011111010
1110001101001011100010000001001101001110001111100110001001101001
0000011100000101111001011101001110111001011111110000010000110110
1000000000010010111000111011110011110011000001000101010001010001
0110001010000001011101110100101001111011111100111101000000110110
0010100000111110101000110011111000001110010011000011001000110101
1010101111011000101011100101100111011111001011111101100111111001
0000111110111000110011101100011001000110000000111000011000010100
0011111000011010111110010111000000010001100000011001100110111010
1110011001001110011010001111000000101000001000010011010000011110
0000110111001101010011011000011000110010111110100111010010100001
0010111011000001110111000110100010000010111000111110000100000011
1010001111101111011000011000111110011000000101011001110111011011
1111110000101001001110100010011110011000010010010000001110001000
1101111011101010111111001011101000111111101101101100000011100100
0111001100001000100101100000111011000101000100101100010000001011
1110000101001001010110101000110110001111110101100011110111011110
0101001110011101111101110110001100000001110000011110111011011010
0011011110010111011001111010110011001100011100101110011001011101
1110000000101000000100100101111010110101111010110111011011100111
