1111100111100011100010010010010101111010111001000010101011100110
0011100111100000110111111100011101000110101010100101011010000011
0011001111111111010001000010100010001110001101011100111101001000
1011010100001001001101001011000111001111000111010110110001000000
1110011000000100111101010001010100100011010110110101100001110001
0101000010111000101001111001000111110110110001100101000011100010
1010000110101101001001010111011010001000001101011110000000101010
0100001011010011010101110110111011011110101101001110001010101011
1100010111100000000100101001001010001011001101101110010111011010
1110011110001111110010110111001010000001111010101001110101000111
1000101011110110100100111101110000101100111111001110000001001001
1001101110101100110011001101101111110111101100111010001101011010
1100101110001011111010101101101110011101011100110011101011100111
0011010110100100110001001000110100011001001100111001101011100010
1010010100010000111100100001101111111010010110001100010110101111
0001101101100000111010100100000000101001100110010010000101011101
0111101101101000000101000101010000100011010100000011110101001010
1100001111101101111010000100010101101010100110100001111010001101
1011100110101011000101111111110010011011001100100001101011011110
1010000010101100110011100101111110110111110110100100011100011111
0101101100111100111011110010111111010101111000100101110010110011
1001111011010001010011001011011110100101101010001101001010011111
1001101110111011010111010110101101100000101111101010000110001001
0100011101110001010011010010110011100111111001001101111001000101
0011001001010001010111001101001011011110100111101010100001010000
1111101001001011011000001101110111000101110110101011001110010010
1011000011100111111110100101110110011001010111000110000000101101
0001000111011101110001001011110111001000100101110110000000000011
1100101000101011000000111011011111010000010000010101011000001111
0001000101010000110101000110101111000010000011100101110110010011
0011010110010110111011110111100110011000011011110000001010011111
1011000110011101100101010111111101111000110011000110011010111011
0000000111111001110000111001010101000101111101111100100101101101
0010111001101001000110110001010110110010100110010000000101011110
1110110000001011100110111110000011110110000000010101010111010001
1001001011001011000011000011101011001100000000000110011110100101
0111101100111100010011111100111000001111101001000000110000110100
1101101001110000111101101100100000001100011100011000101010100101
1101011100000001010100001101110111011111000010111000110110000011
0100101011011111100011010100100011111100101010001011101100110001
1101011010001110110000101110010010011101011111111001110000101010
0110110111101110001000110101001100000000110010010110110110010000
0000110010001011010111110010010101111110110100001100100111101100
1101101101000101100111010100000110000111000111011111101110100100
0011000011100101111111011001000100011000101100001100010010111111
1101111101000001001000110111100000000111011011110001010111000110
1100011000011001111101111010111001001000101100100011010001111101
0100110101110001111110001111111000010011110010110010010000101111
0010110111011110001001110111100100111010100011001101010101000001
1000001001101000110111101011011111100100100001111011001100101010
0010110101001100010011000011110100101100001011100001010110011100
1110110000101101011001100011010001000000011111010100000010010100
1001011000101010101011110100100110111110111110010111010110011011
0100011110000111110001111110101010000000100100110100101100010100
0011101111101011000010001010000011011100000000001110011111111101
0111000000001010001010001100100000011110011100000100001000110000
0100110100001001011110001001001001110000010011000010010011101010
1111011110110010011111010000110110100100101111011011000110001111
0010110110111001010000000100111111001110011100110100000110000111
1101101110010001111100000111110101000100011001011010101000100000
0111010111110001001010010110100100100100110010100010100000000010
0001000010110110010011001000111100000010111110111000011100111110
0001100010110010100101000010010000011100101001110100011110110010
1011010011110100001000001101000001100111011011101101000000011100
1100100010111000100010010110000101110100101000111101010101101000
0101001001101000110100110010001110101111100001000100111000101011
0000111110011000010100011111101010011001110111111011100110111110
0011011111111100100001110001010001001101000000100101010011110101
1111000111001001000010011001100011011000101011111111001110111100
0000000110000100100111011100011101000001101001110100100100100110
1000000001011110100010110101010101100100000010000110100001000010
0111110111100011000000100110111111001110010101010101000010110100
1110001000001111101011111010001111111100111001011111000010110100
0010110010001111000101100101001001111110100110010011010100111011
1101001011110100000010001000101000100011011101001010110001101100
0011110010111011111110111110000000000011001011001110111000000001
0000111001001010111100110110010010101010011000011100110110011001
0010101110010110100011011000111010100010000110110000000100011000
0001101001101010101011101011000110001011101110110000010010101001
1100111100101011101001110010111011011000001011010001001011110001
1111101000110110000110011000001011011001010111011111100000010010
1010011001010110010000110001011010011011011001011001000100010100
1111101011000011111110011001010000111001101001001010101011000011
0101100010101101111110000001000101110000101010110100000010011101
0110000110010010100100101110000111100100100111100101010101011100
0010111101100011011010110000010111011000001101110110011101010010
0011100110001000011011010100100010111001001001100100110110110100
0001110000110010011101000000011101010100101100001100101101011010
1011011011011101000101011011111100110110110101111111000100110000
0000111101000011110001110100111011111111000110101100110000010111
1001100110011110100101110010100110100000101010000100001101101110
1110101001101100001010100011100011011000000001101001111010111111
0001111001101101010000111110000110010101110010011010001000001001
1000110011110011111011011000110010000010000100000100100011100001
0000011010010101100101000000010010001101100001110101000010100111
1100010011110000011011010111010101101001011110111101101101000001
0101000100110100101011010011000011110100010100010111101111010001
1110011111100000110001011111010011011011000101000111100011000011
0010001100101010001010010101000001001010001101110011000111010010
1000011010101111110001000000001001110101101011101100000011110010
0001001011001100001000000110101000001000001111000001100111100111
1110100011010111110010011010010110111010110000111010110111101000
1101010101010010100110100110011010111010010101011100110010010111
0110010011100001000011100001000111110000011110110010110000100000
0011111001011100111001011110010001100100100100100101000010010000
1010101001111101110110100101101110001000111011101011010100100001
1101011100111101000111101100110101000010001111110001111110110011
1010011100110001101110010001100000000011100000000010101111111110
0001001111010101011111011010001100111010100010101100001010011111
1000100101000011101011000100110100101111011010110111110111000100
1000010010110011111111000000010001110100011100100110010110011111
0011010100101001011111111100100010010001000001011011100011010101
