0101110010001010011101000110100001000011101111011111011011011011
0110101001011011101100011000010010110011001011100001000001111000
1100000011110010100101101000011000010100011101011100111011000000
0100011100100001110010011101110010000111010111010101110011011100
1000101100111110100000000111011111101000111111101101110110010110
0000011010000100000101100110110011010010010000011100001010000000
0010101010001000110100111011011001001111111111110001111011001010
1101001111111100010110011011100111000110010010011000010011101000
0000101101110111101010110010001110011000101111100111011100010001
1110011010011001001010110010100010100100101100000101000111001011
0110001011101110001001011010100100100000101010110100001110110100
1111110000001010111010010110101001011100111110000001101101010000
0010111100011011101111110010101011011101010001010100110110011000
0011001011011101000001100100111000101001110110000101001010110100
1110000100100100100110111000110000001110110100110111000010101100
1111101111101110101001010010010100010010001011100101101101000000
0111010110100111001110010100001000101001001010100001111101000010
0100001110101011101010100011100100101100110100000100011100001011
1000000110000100011100100010110111101101000110110101011111111100
0010011011000100010110010011010110101000101100101011111100010111
0111000001100000110101001110001110011011010110101110111000110110
0100100000100110111010011001000011001101011100101111010011111000
1010110110011011100011011100110100100001000010101010100111101111
0010011011010010101101001011111110111101100100001010100011110101
1000010100000111101000001011010001100101011110010010100101011000
1100001101011111001001111011101000011110001010010010101110011110
0100010000000001011100010101111001110011001110100001111111111011
0010001010111110100001110111010100001100011110101101010011011001
0101010100011011000111011001101110111111010101110000000100110000
0010110111010011001001010110001011101100111100000011000100011001
1111100000111101101011100111011110001101101010001010001011000011
0001100000100110010100101111110011001000000000111111111001011001
1000100010111010000111000011001111111010100111011001100000011011
0101000000101001001101100010000011111011011011001001111101111110
0100011000001110111100101111011001000101010101100001001010000011
1011111010111110011101111001100101010011001110011010000010110110
0110101100011100101110110010011110110011111010111110001000010000
1000010011001010010010100110001111110101010110110110110101110001
0101101010010000100000100101001100010100001010001100111110001011
1111101110111100011000100101110001000101100100101011001101010001
1001100000011010010001111000000100000000010001000000100110010011
1001001111100101110101111111111100011001110000001000111000100110
1000000110101110000110101111000001111000001101110011110001010100
0010010110001101101001111011011101001011010111110101000110110011
0011101000101100110111101111100101011000111000101101111110110011
0011100010000110000011100100011100010111111010011110100011001110
1010110110001010100110101000011101010001000000001010111110011010
1111100001110011101111011100100111001111100100100000101000110101
0111011010011010111010010111110000111010010011001000011011101011
0010011001001100010100000010100101001000111110111011000011111111
1111000010100000100100010001000010011000111101101111010111001001
0111000000000000111000000101000000101010011100111010100010010010
0000010011000100001011000000100111011000010011100011100011111011
0001101001000001101000011010100110101111000110011001000000010011
1110001000010010100111011010100001111111010101001100011110000000
0010001001110111111111010011010101011001110101010010111100111110
0110011000001001111001001010011101101000010001010110001111000011
1110011101011011010000000011101111101011100110110100101100001001
0100101111100110000010000001110101101111111001001110111101011000
1100010001110011001011000101101010000111111110000110111100000101
0101001010001011101100101000111101101101100111100000000001111001
0110000111010111011011001100010011000001001111111010010010001010
0110101000111011111001100001001010100111011100100110110110101111
0101110011011010110011011111100001011100011011010011100000001111
1011000111100010010010010010001001111100010011101011001000010000
0100001100110000101101100000111110011010101000110110110000111000
0000101010110010000101110111010010000010101010011000111011111101
1000101010111000111111011000000001011011000101110000100010100011
1100110101001010011000101100100001001111100011101111000000100111
0000010010001110111010100110010101001110111101001001001100001101
1111000100111110001000100111000100011001011111010101000000110011
1110010110011010101010110010001100010010011101011011000110010100
1100010100111100001010111001000111100010001100000111111010000010
0001011101100100001001000111101100000010110111011110001100101110
1010000001101001000100100000010101010010110001100110110001101010
1001110011011000000001000100110101100011011101100010000000110111
0000101011101011101011000111000101000110101011010010100001110111
0010011011111110100011100011001000111001101011111001100100111001
1101001111011011110111111011010000100110000101001110001001011111
