0100000011110111101100000010011000001100011010101100100111101111
1000110011101011111100010001111110000110100101111001110001010011
0010001110101110011100010000111101100111110001111111101011011011
1010111101000010011010110111110000110101110110101101000110110101
1001110010011101000011100101001100000110110010100000111110000100
1100111110010010111101000100001100101110111010001001101000000001
0111010100010100101011101111111101000001011100010100111001000111
1111100010100001101101101000111111000011010111100011101100100000
0011000011010110000000010011000011011001100100011001101000111000
0100100000100001101000000110010001110001110001111101011010101111
0010101101010111101101011100001000110110110100111101100011110110
1101000110000000000100000001010010011110000111110011001110001001
0000101001000110000010001011100010100001101101110101000010100101
0111010101000001111100010000010000110000011110010100111101100001
0110101111011000000001111101000110001000110011010110100010100000
1011001110110111100100101101000011100111000111011111100101000001
1111011111110001100111010110110100000111110011111010100100111011
0111110100100100101101000111011011100001001101001110001111100011
1001110100111110001010111011110011110000010010111001110010001011
0100000001111010001011000011111001110100011011111011110100110100
0001010000010110010101000010100110110101000111000001011111000010
0010111110001010111111110111001101010001001000000001000011011001
1010111101001001010001010101010111010100110101001010110001110011
0001100111000010101110010010011101101000010011101100011000101111
1110011000001100001011000011001011101110100010101101100001110111
1010001110101110101001010110000000011101000000010010111011100010
1101101111010001010000100011110110100111001100001010111010111110
1111101101011001101101111100101000010110011001000111110010111000
1101010011001001011101111001111011000001101001110100111001000100
0111010101101000110111010001001010101110010010011011010000110110
1000000101010011011000001110011000000010001111010010111000100100
0001101110101111101011111000000000111101010101100011001100011001
1010100100010011111100111001111010000010010110010110111010100010
0000100111001001010010000101001100010010011010101110100110010001
1101101011010110100101100001111111001010100011011010001101000010
1000001100011110011101001001000001101000101011000101001100100111
1101100011011010010011010001110001011001001010010110011010101000
1011101100110011000001001110001101110010001001101110111111010101
1001011010000010100010100001100010111111100101001011101010010111
1111001100000000100000001100000001111110001111011011110010110111
1100110011110010011101011100100001001010101000001100101101010000
0000000111001001100101011110101101000000011111111100100101000000
1011110100001011111001100100000101100010001111001100011010010000
0101011000000111011011000010001110100001111110101111010100100001
0111111101110011110100010001110100101000011010111110110000011000
0000001110011111101011110111110000101010111100100001010111000110
0000000110111100011010010011101010001011111110001010110111001011
