0101101101110100000101110001110010111001011011110111011111100001
0001000111011100001111111100111010111010011100011000111100101001
1011101111101011100010110010110000001100111000001101000110110001
0001110111100111001100001110001100010101000110010110100100000000
1001101110110101110011101011011010110110110110011100101001011000
0010010010101011111111110010001011011100111000001101101010110100
0000001110001110000111101111100010000011001101111001110101110001
0100011100111100011010111000001100111001011010101010010101010100
1001111011110110001111101001001100100101001101001001110110010000
1100101001000011001001111011001110100010110010011100110001000000
0011111001101011010001100111101011001011010100110011001111111110
1000010010000000110100010110001100100001101101001101110010110101
1011111011110111110101100101000000101111100100001111011000000011
0110011101010000111001100111110011101000000110111000000101000010
1000100000000010110001001000101101110110100010010101001100010010
0100011000101001011100010111011010010001001110000011010110100111
1110000111000101110000000100101101100001001101001000000001000101
0000000001110101010110100010000010001101000111100100100111000101
1100010000011100101000000110110110001111101111100110011010101101
0101101100111101110010010000010110010111000100111010001101010010
0111011010111111101101110110001010101011110011110000110110011110
1101101001101011111111000111000011010011000101101110111100001101
0000100100000100110010101000111101001110011100101101000001011001
1100000110101011111100100011101110110000011010011000011011000010
0111110111001110100000001111101101100000011100101101111010100111
1110000100101111100110001110001101111001101000000100001111011011
1010010100101010100100001111100000010111110100101100100100110110
1110001000001111100011001100101111001101001001010100110111000010
1011110100100101110010000001000101101100110000001001100101100110
1000100100111110100101101010110110010000001000000111000110111111
0100000011110101010001100101010110100001000111001111000011001001
0111110111111111100110100110001110000011101100111111111110111100
1111000001110011010100000010001000111000011011010011101101110101
1110001101010001001111111111010010010001000010011110001100010111
0110001110110111011010011000101111000110010111100000101011011110
1001010010101001001000001001011100101001110000100001111000101100
1000101010000001000100010101000000000100101000010011100110010001
1111001110010010111110000101111011010101111001010001010111000111
0011110111001010111001100000110101010001001111100011111111101110
1010110101111111100111101111110100110000000110001111110110011110
0011010010010001111111101111000010111101001011111101011100011100
1111110100001101011110101111010010101110010100111111001000101010
0001011100001011000110100111110110111101111111110110011110010001
1100110000101100100001100110100100110100000001111010100110010101
1111000010000101110110001001100110011001111111110001000111100000
1110000111110010110101011111001101010100110111000111111100011011
1101001000101100110010010101101000110111011010110001011001001111
1100101101011101111111101011100011010110111111010101001111100111
1010111101000100000010100100111110001000111101110011100100110100
0000101000000100011000111001100110001011100000000010101111011001
0101110110101011010000101111100111011010110101101011010100000001
1010001100101110000111010100100011111110110101101011101110100101
0000101100000010100111111111001111001110010000100000111100001100
0011111001100010010001101001000110101100000101001110101010110111
1100111001001000001111100011100111111111000101100101011001110101
1001001000100100011010001100110011111001011100100111101010011101
1100001001100101100110100010001000101101001010111001111110001011
0100110101110000010000100110111000000011110011001100000101110010
0000101100000011110111111000100001000011111100001001001100111100
0011000111100111111000101111010100000100110100001110111001111100
0110111001010001000001000000001101110000001111110101001101100001
1110110100101010001111110011110100110010001111010111101110011011
1010010001001010010001100111100000011100111100100010101010001010
0010111000010101111110010010100101110110110001100001100011100011
0010001101111111001000111110110111010101001101111010011011111100
1011010100011110001001000000001100110001000011011011110010001100
1011100011101011010000010001100101010110010111111001011101110001
0111100001110100101111010110010101101111000111011000000010000011
1110111001111010000101010001111011001111010000111011001001100010
1001011000101101110011010110101111000011000100100001100110000000
0110101110010011100101101100001111111101011010011111001101110001
1110110010110010100001010101110100011011101010001111001111000010
1100100111001011000000011100110101111100010011011000010011011111
0011011011101111110001100110101001100100011110111001100011101111
0101011011110101010110010101011011010011101110100000011011010010
0111100101011101101101111011011100010101010100000000100101110010
1011110011010000111100110101111111001111001100111111100001101011
0000100101101001001111110101011000111100001000101111101110001011
