0011111000000101000001010011110000100110111001001111011101110101
1100100010010101011101001111011100110110010010000001110010110001
0010011111101000001011101110110100010110000100010111001111111010
1010010111111111001111101001010100000100101001111110100101001110
1010101101111111110100011101110100011010111100110001001010010000
1000101101001100111111100110011101011010100100011000111010111100
0001010001001001100011101100011111000011001111101110101011011011
0111001010001010001110010101110000011000010001101101101111111010
0000100111111111011110010011011010111001011000001001010011110101
1101011011010100000010001111111000100101001010001101110011001010
0101101100111001110111100011000001000011100101000101010111101100
1001100010000110110101101001110000001111101101011111101100100100
0010001011001110101111110000001111100010011101101100110100000110
1100101100010111110011000011011101100100011010101101100001011111
0110111011100011001101001000111100101011010101010100110001101111
1010011001101101110011010100000101000001000101010001011111011111
0000001000011101100100101111001110110011111111110010001111101010
0110000110011110100000110101110101101111000010101011001011000001
1001101010110001101110101001100011111001101010011001000000011101
1110100111110101000100100101100010110101010010110110000100101000
0000011110111000111101110001110111111000010010010011011100000110
0100000110111001111000000011011100110110001010011000011101010000
0001110110001111110011101111011111110010110100101100000000110010
1111001110101101011010011001000010010110010001100110101111011010
0110000001001101110100110000011111000101100001000101111011011011
1110000001111101110110100001000110110001100010010011010111000001
0111001010101111000010010001100010010111011001100010000001100111
1110111010000110011010110011001000001111100110000100110100000000
0111001111011000011001111010110000001011100001101100000011111111
0011011100001011011001101100000000100101011000001100010001110011
0111110010101101110101101101001100001011000100101000111101000101
0111010000100011011000100001101000011101100110011100110011001010
0001111111010011111000001110101001000000001001011010011000001111
1100001010011010000111101010000011001111111101101010011101000110
0001101111110110110100100000100010011010011110110100011110100001
1010111110001001110001010100000110010011011101110101111101101101
0101110111101000011100111110011101101001010111001101001110011110
1110100000101010001010000011101011000101011010110111000110101000
1000001101000110011101101101010001100101101100101101001111100010
0110111111010001101000001101011001001101101011011000010110101110
0000001111110100100010010111001010011000011111010111110010001101
1010010000111010001011000111010111010011100001010100110000110110
1111010011100111110111101010101100111100000000101110000101010110
1100111001110001001110011100000000111111000011101011011011011100
0001110001000110000110111101010111110000010100010001100110110111
1001001011000100111100001010110000110110111000000011100101111011
1011111111100100011100001000011010000001000001111011101100011101
0110100010011110100111011111101011101110100111101010110010101001
1101001010000110000011010110100000011100011000010010010101110110
1110000001101111000000011010001011111101110111000011111011111000
1011111010101101000100111001010100100000011110001111011001000001
1100011010111110101111000000011000100101000100000010010001111110
1101110011100011011101111011001010010101001010110000011000110111
1011100000100010100011110001111110100001101111111111001110011111
1101010001110101110011001111001111100110001001101011001010000011
0010011000100110101110001111010100000111000111100001011111100011
1011001000000001011101000000011010000011100010011111001111110111
0011000000111110100000001000101010010111101010010001011111110110
0010101101011111100101001111010001001101110000010101010010010111
1100010010111011011001001010110111001101000110000111011100010110
0011011101000001011010101011011011100000000110101001111011101110
0010101000001011010000000100010100100010000001001111010100011110
1100111001010000000001111110011101110111010110000100010100011001
1001000111010000001010010001110110010111110001100101111011000101
0110100010000111101110001101110011010110111001001101101111100101
0101001010100111110011101001111001000001001101110111010110010111
0110101101100101110010011001011111111001000011001001101110011000
0011011001010110010100110100100000100110010100000111101110111000
0000000101111010111001011101011000111100001010010100010111000010
0101011100000001011010110000001100010111011110010000011010001100
0010110000111101001111101010100100001000000111010100111100101010
0011011010011111000111000100110101011010001101100011101101101000
1000011100000011001100110111001000110010101100100101101010001111
1111011001010100110000001011101011101000101110100011111111000001
0110110110111000000100100110000111011101110010011000011100100001
0110101011100011001111000011111010100000000110011111101000111110
0000101110010000111100010110001001101110111101010101000110010100
0001010100111010111110000110001010011111011111101111011011101000
1010111110101000011100100110010001001001010111000001110110001000
0010101011111101101111011001111110100100010101010110101111011010
0111100010010111110000011010110111001111010100001000001010011110
0100110011011000011011000111101100110011001010011000110110110010
1111011000000101100100100001101101101011100100001111111010001010
1011111010101110001010110011101011010010101111100010000010101101
1011000011110111010111011110111010101001011110111010101001100111
1100101011111111100000111101101011101000110001010110011010101001
