0111011010111111010101101111011101010011010001001110011101001000
1010100000001010001110100000000111101110110111000111011010010100
1100101010101011011010101010001000000001101111010001011001100001
1011001001000010101110110110000000011110011010110101011000001100
1010010010111110100111011100011011010001011011101010101011011110
0010100111011011110110010011100110101101001001101110110111111001
1010111111100101100100001111111010100101101001010110101111110101
0000101000011001111110110110011111000100001001100001000111011110
0010110101010000111001111011110110100010111101101010100010010101
0010101110110111011110010010110110101111000000001101111110101000
1100111010110001010111110101010000100110000001011000100111101010
1001000011100000110110001000001000001010010100010010010010011010
0101101001111111101010100001100110101110110110101110001010100000
0101011110101010001101001111001101011011011101000110001011001100
0110001000010110010101000000111010100101100110011011011101110000
0101010101100101101000000011010001111111010110101110000000010111
0011100111111111100101111100101000110111100011001011000010001000
1101101110011000100101011001101111100101001111011010111110000110
1101110000000001000110011000100100011111001110001011110110111111
1110111010101100110101101101010011101011001100101010011001101100
1000111001101111011001000101001101110110011010011001110010001001
1001001101010110000111101010100100011101100000100011010101110101
1011001110011000100001000101111101100100011100000011111010101101
0011011011001011000111000001111001011010100011000110001110010001
0000111000100001110110010000001100010101000011111100011101101001
0100000011111110011011001011110000000001010010110101000101010010
1010100100101011000100111100000101110010010001000010100101011000
0001110110100110011010011110101100111000101000010100000100111011
1101101111011110110010010001111100000011111000011001100100111111
1000101100001101111100011001011011101100111111111000111001101011
0111011000100101010110010011100000011011000111100100111011011111
1010110011000000101110100100001010110010111010100010111110000001
1110000111000101010000010111011101011001100001111101000001100100
1110000110011010101001000011110001100101001110100100100100111110
0110010111100100010100011100111111111001101011101101101100110000
1000010010000110011010111010101110100101001011001111100100101100
0100011110110100010000011111100101011011110100111111101001010011
1011000101011100100110010010001110011001010000100101001101100001
0110110101110000000010010110101001000011101100101100001010010001
1110100110110101010000110001110101001000001110000010111000000000
1110000000110110111010100000010001000010011011101001111110001101
0001100011001000010110010000001100100000111010101101010101001100
0001000001011110010001000111100000011000011111011001100100001000
0100100110000001100101011100000101001011001101101101001110001010
1010101100000100001011101000010010111111101101110110110001110100
0000000111010111000001101001101001000100001000010100010010001101
1010000011011010001101100010110000001110100100001011011111100100
1100111011111010010010101011111101111000110001110110111100100101
0000100100010100001010100101001011001101110000010100010001011111
0011100011101110101111000011001110100010011110000101101101010101
0111111100110010011011100011010101011111110000000001000101000011
0111000000000111001100110000001001001110100010100100110100010111
1110111101101101100111101011100101010001001000101010100110100100
1001111001110000010111000011111101101000000101000111011000110000
1011011111101110000010110000010101101010011100101010100001111010
1000010100000010101101001000000001010111101011001010010011110101
1110001110100110011000101011011101100011100111110000110000010111
0011101110010011011110110011010110001101110100100100000001011111
1010111010000111110100001111011011100110010101010000001100110111
0011001101000000010010101010010110001000111111011010001001010111
1100000100000100000101101001101011010111010110010110001110000001
1111100111101100111001010101111110100101111111111101111100000111
0110000101001111011001001110111100101101000101001111101001111110
0011000110110111011100111010100111111001110101101111110000111001
1011100110000000111011011100010110101101000110011001011000000111
0110111010110011000110111111101110010000010011001101000110100111
1010010101000001001001000100100111010111011011101001100101100000
0011101101101100001010101101111010000111001011010111001100011000
0010010001111101000100011011010101000011010001001010100101101010
0011001010010110101000101000101010011101010100110001011111111010
0111110001001101001010110001101111101011111101111000101011101000
0000001000101001010010111101001100111000010001000001010001010010
1000100010010100111100011010011101001011101101110101011111011101
0011100111101011001010001101000000000100100000000101110010100011
1011011100011011101111000100101111001010010001100000101110000011
1011100100010000110011100001000011000110110110110001011011000000
0010100110010011000111001101000001010011110100010011111001011010
1101101010111110000111100010011011111000000110100110000111111010
0100101110100110110000011101110100110111111100101001000000010101
0101010011100001110111100011000101010000101000000000011101000101
1000110000000100011101011101110001010010010001101100101011111111
0110010101000010001001000110011110001010000000110001101011111101
0011111110010010111001101111000001111111011111110100111000011110
0110000110010010001011100111110000010010011100011010011000000101
1001000111100000011000000001011110011001101101010001101100111010
0110010111101101000110101000100010110000100010111111110100000101
1101011110001011111011001010100100101111011111110111000001110010
1110111000111111111101111011011110100100101101000010111011101000
0000101100010100100110111111110101111111011110011010110101100111
0110000111000111000100101101110101011010010001011101101101011001
0010110011011001000000110011110011110110101010010010010011110001
1100001010101111000010011000000001000001100110111110110111001100
0101010101101010001110000000000110011001010111110100011001010001
1010010011000010110000101001111101000000111010111100011100011110
0011110110001111001000111011111111000111100111110000011000010101
1011001101010000110001010111111001010111010100011001111111101100
1101111100101001100010100001000010111101010011011100011100011111
0111111101001001101110111111000011000111101001111111000100010010
0011011100000011100011111000110110111000110010111001100101011101
0100110111101010011010000001100111010000100110100101100101011001
1000111111101010000000010110000100001010111110100011100000101000
1011001111010010010000111111101000101101001110101100100101101001
1101100000001000001010011101000000100111010000011010111010010001
0011000010011001111010101001101100011010000110001001000111111100
1110001110010010111010000011000010110101101111011101000011110010
1011001001111111011111101101011010101001101001101100100111001000
1101000101111011001100010000100001000000101001101001111101001101
