0000111010100110111010111111011010010100000100001011001010011101
1011000001101101101100000001111100101000110010000001110011100011
1100010101000011101100110111111001100100001101101110001110111111
1000010001100111011000001111110001011111101100101010110100100111
0001010000001000110101010111101110100100110011110110110011111001
1011010111100010111011001100100011110101100110101011001010101000
1110111011110011100100011110100001101001011001010100111010010110
1100011011101100010110100100011111001110001000001010100000111010
1100101010000100011100001010100110000001100000000010001100010111
0001011100010110100001010010110001110100001000111111010100100010
0110100000001110001011100101110010100010101000011111100000100010
0000111001100010000110010110010011110011101010000111011000110011
0000111010000101010001010010100111011100000001001100000001100001
0111001110001100110111000101110100111011000000100011011111100010
0001110011111111011010110010100000101100111000011010110101000011
1110111001111101001100010010110011010001100110001001110100001101
1011000100001011100001001010001010010000000100101111110000000110
1100010000111001110101100001110000001011110000001010111101111000
0010101000010011101010001100001001011010000011011010001001010111
0111010111100101010000000001100000010001110110001100011011011110
0011100000111011010100010011101001101111010010101110111010111000
0101101101011101011101111011011010010101001110010111011001000001
0011101110111011001001111110011111010100001010110100110100010011
0000001011100101100100011011101111000111001011011001001111101101
0001011010001111000110111000110100110010011011110110110001111010
1100101000111000110111110001101000010101100010000011010001101000
1010010111110110010001100101100100011000011001010100110000001100
1010100100101111110000110100101010111000110001010000001010011010
0100101110111100111110110001111100110101100010010101011001001001
0010101011101110101101011010000100000011100011010100010110010110
0110111110111001011100101010010111000001010100101110111110100011
1110100100001110011010011110000000000000001010000101010010100101
0000101111101100011100111001011111110010011100001101011011100101
0011000111110001010111001111010011011100110011000111000100011010
0000001110100000010011111010101101100011001111110110111110001111
0000101011011110101111111001000000001001111111101100110101011100
0010000010011101100010001010101001011100001010111111101110111010
0001111110111110110100101101011011010111010011011011010011011111
0001111011110000101000010100001000000000110010100011100100101001
0111000100000100010110010100000000011011011000111000001101000011
1110001111100001111000101000110001101000011111010101101010111111
1001010100010001111101010000100010100101101011010111011111100011
0011010001100000111110111011010010101111110101011100101000111110
1110010101101001100011000000010100010000010001101110111110111000
1000100000001100101100111000001001110011000011011000000100101100
0000100100010011011111110100001111011001010010111110011110001110
1001110101100011000100100101011101111001011110101001001110110111
0001001010000110111110111011011001110101000100000010011011010001
1100011011101100100100000110111110001100010100101110101110111001
1011111100100100000011000101000010101010000100111101011110100000
1100001000010010110101100100000010110110111010111100111000110000
1101010011000110001101110000000011111111001011010111000000011001
0101110011111101101010100100011001011100110111101111011010000100
1111100000001001010110101011000111001000001101010010001110010110
1000100101010000011000001100111010100111010100011010000010110101
1100000011011111100011001010110110011100001101111001010111000010
0100001101110110100111110010100101001110111010100100010100111011
1111011111001101001111101000011011011011010000011110101110001101
0011110111011001100111010110000000001010011101010100011000010001
0010010010110001011011000100000010100001100010011000010001010010
0110111000001111010000011010001111000010110001110010111011010001
1000010010110010000011111101000111111001001101110011011101110001
1000011010000000011110111010111100001001111101011011100010111010
0001110000110111000011100001010011001011101001001000101011001010
0101111011000011011011101110101101011001011001101100010001001010
0101001111100110001110000010111010110011000011100010100101010101
1001011101110000011101000001001110101010011000000101000100111101
0110010100110100010100110101111011100000011001110010100010111010
1001111001010101011110001100101010010000000111111101111101011101
1110001000010000110111100101010100000011101010010011001101001100
0000010101011101000001001001110101001000010100001010100111111100
1010101000000111101111100101001101011100010110101101110010111001
0101110101101011001100000110001110011001111110101000111010001100
1111001100000101111000111010000010011001111000101110100100111110
1000011111011110011011011010101101010100010000011100001111010100
0110101110100000001111110101110011001111011100110111011111100001
0110010100100001110111110001100011111001101011000000011100001000
0011011110001000011011011100000000000100010111001001110101011001
0101100001100010011111001011110000111010001011000100100001110110
0001010001101101101100000111000101011010000110010001000001001001
1100001101001101010100011011110110010110101110111010101111001010
1000100001101101001001100000111100011111101000011001000100010011
1011110011101001011000001001110001110000001010011001011010101111
0111010110001001011100101110100111001101001101111001100100001000
1001100111100011100110101100110000011010100011000000100001000100
0101110111110100000111010000001111111101110101010010100101101001
0000111001101100110100111011001010000001011100100111010000111011
0010111100010110100110110011111010010110000111110001110111011011
1110100111110110001001000100010001010010100111111101100011001000
0101111001101001000001001101100100010010111101111010101101001000
0110101100010101010011100100100101100111111111100101010000111110
1100100100101000100100000101101101101101110011010101101001000000
1111000010010001101000110100111001010011110010101000010101100110
1010100111101101000001101011101011101110100011111010111110010000
1111110000001111000111001110000000010010000000011001010001000000
0000010000110001101010001100001010001000101110000001011001110000
0110111101111001010101010111001010010001101100011000001000000001
1011110010110111100111011100001110111010000110100011010111011100
0111111100001001110110101001010001010011111111011111100100001011
1100011000001000000110110110010100011110000001101001000011101011
1001100100100101100101111101100000101101011001111100001001001011
0100001000111110011010101100100110010000000110011010101110111000
1010111111101111001011111111010000111111001110010011000111011111
0000010001100110000100011011011001011110001011001101001010001101
0011011101110001100111011101110100000110111101101001111110011011
1010101010100100001010100101111011011111010110111011011100001101
1010110010001000111100010100101111001100110000011110011100010000
0011101000000000110101001111011001111110011001011110001100000100
0001110101010110100101011101100111110001011011011110010010101110
0011010000000100010001100110001111100100110100110111000010100110
1111100100110101011011101101010111111000011111100111110101011010
1000000010111100100000000101100000001101110111100011110111000000
0001001011111110100101110000111011111010000110010001000110111001
1110011010101111010011110111000000101101011111011100011101010111
1010010100000101001011101011100000110111000100000111101101111011
0000010011110001010111011100100111011010111100110010011101100001
0101111011010110011101101101010101001001010000110010110100100001
1001110001010110011111000011011100110001101111011010011111011110
1001111100101100010110111110001001010000100011011110010100000101
0100111000001101100011010110110100101101011101000110011101101001
1010100101001010110111100101010111011001110010111101101110001000
1000101100111001111011110111011000111000101001101110010110100111
0011111000110011011010111010001111100010010101111001110100000001
0000010110110100101111100000000001001000010010100001001001110000
1001000001101101101100001110101011001110111111101000100101101001
0001010110011000000101111101111010000011101011110000111010100101
0000110011000100100010000101001111000110011001111010100000110110
1000011011111101101101101100110111101001110011100010101011000000
1010000100011111100011100001111101111111000010010101001001100110
1011011111000001100111100011100100101100110010000110000001101001
0000101001101111111010110101000001100011000101111110110100000001
0101010111101110111011001110100000100011000010011011011001011101
0011000110001011010000010100100011100100010000011011011100000100
