0110000101110010101000101010010111001111011100111010101111110110
0100100110100001000000111111101110011001101000000111011010001001
0100100101110101110010000101110001110010100000011101101110101011
1011100001100101011001100010100011110110101000000001100101100101
0100100011011010001010001010000000100010101001100100111011110100
0111110000110100100110110110111001001100110001000110101101011100
0101101101000001011110011001000100001001110101101111001010011001
0000100110110100100101010111100110001101001010101101000111010011
0101000101100100101100100010010001010111101000101110000011100110
0110001100100011000011111110001000011000111111000001110011011111
1011110100101101101010000011011000100100011001110000011000100010
1111111100101000110100100001011010001100010110001001101000111110
0000110110101010101111000001110001001101111111100011011101011010
0000100111001011100001001010011011101001111110001101000111100010
0000111100001101010001111100001100100000010111001001111011110110
0101101010001010111010101011111001001101100001001010010101001010
1111011111010000000110101010111000001000010011111001010110011100
1110001110011110100111001011111010101100001001001100111101010001
0110110100001101001100000011001110001111001001100011110111111100
0011111011010101101010111100001110101001101111000001110011001010
0010010110010010011110101101011001010011101111110010001000110101
1010100000010011011100111111010001001110111110010110101011001101
0000101111110110110101000010011001001000110100111110111011100001
1110011011110101100110100001010111100100001110101110010111000011
0111000000110010010011100101000000011111111100001011100010101001
1010111001111001010101010011000001001000010011101001110111100001
0101111010000111011011110110001110101001010001010110101101100010
1100000000011000111011000011000100111110110101001001110111010001
1011000101100010100001010011111100010111001101101100111001011011
0001101111000000111010111010010001110111110011111000010011100010
1101000100000000011010000001101111010001111101011000111100001110
1111010010001100101000000000011111000001001100010001000000001001
1000001000111111000101011100010111101000001000000000010001101100
1001000011110110110111010110010111110110011110111101100001011101
1110101010000111011001011101010000110010101111111001010001000111
0011101010110001000010110011011011011001000010010000000001101111
1110101010110010001101110110011000100110010111011010011101110111
1001101100011000011000000001000110001001010111011000101010010101
0111001010010110010010010000100001011110010011101111101010111110
0100011010111011101010000100000010100011111000100000110100100001
1011011100100010011101101110111110100100110111010100101011110101
1011011101001011000100101111100111101001010011001111101101000101
0001010000101110110011100010100111011101110111000100000011011110
