0010011000001001001010101101010000111000100101001001111111100001
0110101010000001110110000100110001001110101001110000110100010101
1111111111010001111110100000101110010101110001111010010010000011
0010000011110010010011101001000011111100101101010100001101100000
1110101111010101110000011001110101110100011001110101110010010101
0011111101011010111011011100110111010110101111111010111111100111
0001000101110110100000101000010010000000101110010100011111100110
0110001010111110000001101001111111110000110110110110011101000001
1011001001010110011111110000001111000100011111110010110101010000
1011100110111001001100011110000011001001011110100000000001111001
0010111100010100110010101100010100101100100011000001110101110100
1101011111000000011110101110001000000010111100001001010100000111
0100100100100100110100011001110011001010100011100001100001100011
0111001001100001000111111010000001011111010110010001110010101101
1000001000100000100011101010001110100011101100000001011000011010
1000110101111101100110011010100000110101010101011111001101000100
1011111100110110010111000100110101111010100010001111001010101011
0011110010001100011111011100000001110010100111101011011110011010
0000010111111110010011000100101111100100000101000011101111111011
0000001100101100000001110111101011101100011000110000000101010110
0100010010110010111000101101100000010000110101110011001100011110
1101101110111010101101010001001100101001010010111110001101101110
1001000101011110011010100111100110110110100110000010110100010001
1010010000001101000100000000101000010000000000110110100101110101
1100100010110100110010110001010001100010100010111110001000001100
0011110100010101010111100011110111001100110000010000001011100000
1110101111101010101010011011100010000010001111100110110011111100
1011001101110100100011010111000110001101000011100100111011011000
0110001011001100110111101000111011000000001111011100101000000010
0111011011100010011001110011111011100110100111111001000100110010
1110110111001101000010010011100010010100011001110001011001110001
1010010100001101111111100000100011110100110110101010000101000111
1111011110101010101011001101110000010000111111001101101101111110
0111001001101011101101011100011100111010010000011001011100001011
1100110011000100101011001100111001100101000010011111000001010010
1011011100011100000111010110011111000100011001000011001100011001
0100111101000000001010111111111001100001000101110011000101110010
1110001011111011001110001110011101011000001111111101000001101101
1000011001001000110100011000111111111111111100001011010110000110
0000110110011111111001011110101110101110000000001100010000101010
0100100101001010011000000101011100100101101111000100001111000001
1001100111010010011111100000100101010001110110010101011110111001
1011000000011100011000000000101101111101101001011001010000111010
1111101100011100010001001001101101001000001111101000001011101111
1011110111001100001111110101111011011110011010010101101010111001
1010000110100000111101011001000010100111011000001100101111011000
1100100000000111111001111011100011010101010010100010000000100000
1111100011010011010111110100001000111110111101011110000100001100
1110101100001000000011111010000010001111000011000110011000001000
1010000111001001111011001110100010100001001111110010011011000000
0101110011110110100101010110101010111100011010010010010011101101
1101101000001000111101010011101100101100011000000111001111011101
1101111101000001001110110100001110101100010111100010011100111110
1111111110011000001101001011001001100110001111101101010011100000
0110110010010000000100000111101011010111010010000111001111100101
0010010001001011100100100000001011000110100100000101001100100100
0001001101010100011001100111010000001100111001101111111010101110
1010100001111100000000011111110000110111111010101101000110110000
0111111011100001101010101001111010100101101011100011010110100011
1110110000000110100101111101110001000011010011110110011111100110
1010001101010111010111111011011111110001110101110000111001001000
1110011001010001000011011000000100100111001100011011000011011010
1001110011001100111100110110010110011101011010111101110011011111
1010101010100100010110001011011101000011001111011001000010111010
0010100100010111101110111010111100001111111110111010111110000110
0010000011101000010111100010010110101001101010001100001101010100
1100111110001011100110100101001011000010000010010010011111010111
1100110011100011010011100111001010110000101101001101111000101010
1100101010111000011111001111111101100000110001010111111101001101
0101111100001101101000100001010100010101111100101110000011000110
1100110100110000100000110100000100001010010010110001000111001110
1110000000110000110111001010100111100011101100101110000110011000
1011111101010111111001110011110110001010010000010011100010010111
1100010111010001011101101011111000011001110011011011111110101110
1011100101001010110011010001100001110010101000000100101001110111
0010011000101011010101100100110110101011010000000110110110100000
1100010111111101111110101100000000100000111110101100011110010011
0110011000110111110110101101100000100000001011110001110101000110
0000011110000101010100010000111011101101011101110011110000100111
1000011000101110100010000101011101011100011110010001001101010101
0011001110000001111011001010111001101111110110101001011011110100
1000000110000001101010011110001100111010001111010111111011110001
0000111101001011111011001101101011101001001100000010000111011011
1011010011011011011101110110000010110000010101100011111011000100
1111101101101000011001001000001001010111101100000100010100011001
0010011001010010110111111011100010001000100111000011100010000111
1110101000001111100010100110110101110111101010000100001011011001
1011111111110011100011001011111100000101100111010100010000010000
1101001111011110101100101100000001111001011010101110000010100010
0111011000000000000111011001000011000010100000011110101010100110
