0111100110001010001001101111000101011001000001010110000100100100
1101110010010100100101101011110010111111100101010001001001101011
1010110110000100000100101100101000010010000010011000111001110110
1110110101001111100011111011000100010001000100010100011010111101
1010001011001010011111111001100100011010000111100110000101111111
0101110011000111100011000111110000110000010010110100001101100111
1010001000000010011001000101000110011011000010000010011011011111
1100011110101001101011110001011111111000000001011001010100011010
1011011001001110011110101111111000110110001110111000100101111000
1110100011011011111101000111110001100101011100011001101111100001
1100100000110100100101011000010010110100111110101000000111100000
1011000001100001110000101010111010000000100110110110100110000001
1100111010001001101000001000110001011100000000011100000001101011
1111110011011101001000100001011000000000010010011000000101000101
1110000110100000111000010010110111001001011010101111010100011101
0011110010010000010011000110101010100110101011000001000100000110
0110101000101110011001001011101010100010100101101101100011001001
1101011101010010010100101001011110110111100111010010110110110011
1101001011000000010001110000110111111011001001010011010111110110
0111101101001110001011010000010001100011010100101010010010011101
1001001000100101111001101011111100010011011010001111110100111001
1100100111011000011100101100100110001000111101100011011111110001
1000001100101111100011111011000111000110110100000111111101101011
1001011001011000010011101110111000011100110100101110000101011000
1001011101000000100011010000111011010111001000111001100011001100
0101010001101011101000100000001001000111110000011010101011001111
0011011101001101010110111110011000101011001110110001001111110010
1110100101000111000100000111101101101000110101101000001101000100
0100101111111110101011100010001110011000001011100000001000001100
0111110111010101010100110011011111111001011000110000101111000111
0010010111001111101111111101100110010000111111101011111101010101
1001100101101001110111011000101011111000001101110000101001001010
0101101101011111111110001010111001111001011101111111000010010110
0110101101111010000001111111111011001010110011101110110101101000
0001001100101100101001010110101000001100110001001011011001101011
0100010010111001001000001000011110100100001001101100111011100001
0001100100100101011000011001010011111001101011011110101111111011
0100111111111101000000011001011001111111101100101110011011100111
1010000010011001110010110111100011101000011001010110011011011111
1011101001100101101000000000010101110010101110110111011011100100
0101110000000000001111100011011001011001010100011100101110001010
1001110010111101101101000100100010010111000010000010110001010001
0111001101000101001000100110011000001101111101110101111011011011
1000000100010010110101011101010000011100101010011100110110100000
1000000010000001100101110000111111111001000000010001101001000001
0011001010001100010010010101111001110100001101000010011010000010
1111010001000111011001100101111001111101111101000101110011110110
1100001101111001110111100000101111001101110000111011010100011001
0011011110100110101100000010011011001011010100110000101011001111
0100000011100001000111011101011001101111101100111100001110100111
1000000111111001110010100011110110111111001001110011011110001110
1011010000000000001100111010111010101011001011011100100101101001
