1011110110000100111011100001011011011100111010010111001011011110
1010010011011100111101111110111011101001010110100001101100010001
1000000110010011001010000001100111000100101101101100101010010111
0110100001101111101010010000100011011111001011010000001000010111
0010011010001000000110101001110010000001010001110110010110011100
1101010101110010100100100101011111001110011110010100001011010110
0110011001001111110110110011010111010101100110101101010010101111
0001001010001011011010100000000001111111100100010110001111011011
1010111110010100101001000110000100110101101110100010100110000000
1100111011111100001011110011101100000001101111000001100000100111
0010011010001011001111000101000001101101100111001011011011110101
1101001000000110001011111101101101000100101011000010111000100001
1001010001001011111100101001011110001101110001011100010011101001
1111011011010010010110011001010101111001110111000011001101011101
1100010001010011110100010001011111011011100010000100001101010010
0111011010100100011010010100111110001000111110010111010000000000
1101110011100000111010100011101011100100100101011101101101000101
0100101001000011111101110000111011011001111011111001110001011100
0101010101011001001110011101100111100110001011110101010100111101
0101010101100000110101111110001010010011101100101111001011000011
0000111001001000100011111000100100001101111110101110010001010100
0100010000110111001010010111010001000000010101100001001010110111
0110101101010010100111001100101101100011010111010000001101100111
0011110011010010100110001110110010110011000111000111101100101111
0011010010001111000111111100111111100100100110101111111000110110
0101110000101001010000001010111111000111001001101100010110010101
0100011100100000110110100110010111100101001011001101111110100001
0001101111100110011011101001100011100111100101001100110111111001
0101110110011101101010110111000100001100101110000101011110101110
0011001001010000101100000101111111100111110110101010111101010000
1010001011001111000111010001011100101011010011010000010000000011
0010011100101011001110000001010111010001000110100001110001011100
1101001101000111001011011110111111001100100111100011110111000100
1001100110010010111110101001100011111011110100100110010001100000
0010101100011101010000001100010010111110011101101010111000010011
0101100111100010011011110011101000111000101000011001110001100100
1111101100111000100001110001010011100001001100011100001000111111
0111110010000111101000000101010011110000001101010101000100010111
0011100101110011000000011111001101110001111111010110101000010010
0010110110101010000011001100100111110000110010000100100101101001
0110111101001001100001000001010000110001101101001111100110000101
1001110100011110010101010000010110001111111000110111100011011100
0000110000110111001110011000110010101000000010000101100100000011
1100111010010110111010010011010011011011100010010111111100110111
1010010110000111011111001100101000101010101111000110001101110001
1110010001101101111101010101111100111100011111111010101011101001
1101110001101010011101111001101011111111011111110001101110011001
1011001010001010100100101110101000100100011101010110110111010111
0100101001101011000001111101110001000110001010100110110011011101
1111001000100001100001000100011001111000100100011100101110111110
0000101011001110110111111000001010110011011011010101000001000110
1100110010001111010000101110111100010010100010101010010010001011
1011111110001101001001101001101110111100111101110011101000000001
0011001110000010000101000100110001101110111001010101000100000000
1101010001101101111111111001000111010001100000111000000111110001
1010111000101001111010100110010000101001011010101000000111101001
0001101001011110111011000101011000001010011000111011010101010100
0000111001101001011111101000101010001101100100100001011010000000
0001000001000100101001101011100010110000110001000001101100000010
0110101001111011110111101000111001011011100011101101001010110011
1000101001100100100000001111110101011000110001011101100001001100
1001001101010110011110110000000101110011000011001001111101111001
1110110100011101000111110110110110010111110111100100000110100111
1000111000110001110100010010111001000100101110110001000110101100
1010101101111010000010101010001011000011100100111010001000001111
1010010010000010000010111100011001110000000000011001010011000001
1000101011000100010110011110110011100101100010000011100101111010
0111000001001111110111101100010110101000011100010101110010100000
0010011101010100010110000100011000001001011100010001011010001011
0101101001011101001000011110110111110100101000100100101010000001
1010100100010001101110110001011011000010010111100101000010110111
0000000010010111010011111100111110010110101111010001101110001010
1011100010000100001000010100110011001001011001000011111111110010
0010111100010011000000010001100111010110101001110010101110101101
0110000001011000101011100011101011101000000010011110000111111011
1010010101100110110100001000011111101000010000101010100100100011
1010001000001000101000101100110110101010001111000010001101110001
0011011110110000000101101110010001110011110101001000001101010010
0010111010100100010000001111001110100000010011111100100000110111
1100001111010011011100101111010111100110100010000011010000011111
0100000101001001011111010100000110000111110101011010101001000111
0011000100000110000100011101111110110011111011110011110111000011
1111110010011111010010110111100000010011011011011010110110011110
1010000011010011111000110011010110101010101001010010000001100010
1100001000110100001111011000001001101010000001001000000100100110
1001101001111011010111110100111001001110010001001111001111000010
0110001011010110101010111000010011110001111111000101110111111110
0010010101111010000111111001010000101110010110010010101010011110
1001011100111101010111100111000111111010101101011111010100111110
1100010000100111100000110110100001010011011100110001101000010001
0000100111110010010010011110001111011001101011000110101100100011
0100111001011001001010000111101011001111011000010001001000010111
0011001101100101100000100110010000101000111111000110000011111100
0110011011101001000000100000001100110110111111111110010001111111
0010101101101010000100100111011010111100100010001101000100100101
0100011010110101100110100000110110000011000000101001101101111111
0110010010011011010000011001101100110011010100101011001010111110
0110010100111011010101111100111111110101110110001011011000011011
0000010111010011011001001011001011111100111010000101111110010100
0100011000000101111000100110010100001001101111100101111011110111
1010010010110101111000111011001100101010001011110101000010100000
1111101100110010011011110110000100100001011011010110101011001111
0001100001011010101011111011000101111100101101011110101100101011
1100110100000111101111010111110111000000100110010111001111101011
0010001011011001110010010011110110100100111010011110000110001101
0100011110011101100011110110010010100011100110111110110111100001
1111001111111001111101000010010010111000010111111110110001000101
0011001000000000001110000110100001101110011110001001100100110100
1100001110100010111110011010001101111010011100101100100101000111
0110001100011000111011010010100100010100101100110100101111010100
0011101000101011010000011011011101100000001001001000111100000100
0010101000011111010011011111101000101011110000000000011011111001
0101110011100111111011000000101001001010010101110000100100001010
0000100001101110111010110000101000010100100010001110000001110110
1011001111010010110111111101110101011011100110111000101000110000
0000111011101100110010110101001001101100010100000000010001000000
0110000110100111000100011101100111011101001110100000101001110110
1111110111110000100111001000000010101101001101111010111010001101
0011001110100111010000000111100010111100110000111101100011001000
1111111111101011011011101001100110111001110100100010000101110001
0100110100010001100111000001000001010001110111111111101101110001
1011100111110100110010111111000011011010001010000011000111001110
1010001001111011111111000110100110101001100110001110010111000101
0011101100111000010011000100001010101111011001000100101011101010
1001101101110001010111100111001000111001001010100000101000111001
1110010110000011101000101011100010010011110110000110111111011111
0010111000111000100100000001001001011001011101011000011000011111
0000101110100101100001001111010100010000111000101001111011001001
1011000100110111100100000000111101110101100000101111010100110101
1100111100111111001011010010000100100000100111110100111100010001
0100000011111111111011011111111010000111100001100010100100111001
0111011100010101111101110001100011110000000100000011100110101111
0000111000000101011111110111011011010010111010101011101111111111
0011100001000100011001011011101011111101011011111111001000011010
1110011001010110101010000010101010000101101101011111100111100010
1010111101010111011001000100100111000110010010100101101000000101
1010010111001011100100100101010111001101001000101011011010010001
