1010011111001101111101110110110101000011000111101000001101110101
0001101111001010101000100000101010111100101111111100001001010000
1110000110100011011111111000011100100101101011011000111001111100
1001011110010100100100011100100001111000000001010000110000001100
0101000010111101111111100001110001011110111010001001011101011101
0101010011110101001010001001100101001111111001111111111001011111
1001010101011110001111100010001011001000011011010000010110001100
1010100001101111010100111110110111000010101000100011100010101101
0001011111111100100000101110010011010100100100011010110110111100
0001001011011111101000111110010100111111100101110010010001111001
1111111101011001100101000110011101011101100100001111101111111100
1001000101000101101001101001011011111101111000101011000000111100
1010000010001111010011100011001011010000000100001101110110001001
0010101101100000101100110100101100011001011101010101001010000000
0100111000011010000101010011000000100100110101101101110110010101
1110101110101100011000101000010001000111100011111101011010111000
0111100111010001000001110001000011111100010011110101011010010110
0111001010000100011100010001011101010010100001010110101011110010
0111000011110110010001101100111100100011101010110100010000010111
0100011010011000110110111100001010101000001101000100011011110010
1010110010000100001110010000111011000111010101001000000010110011
0101011001011001100110111101100010011000101110010101110111011110
1110000010010111101100111010110011111011100000010100111010011001
1101110000011011101100111001111001101010110101111001110100000101
1100101001011110000010111111001001110010011011000000000000011101
1000111001010111010001000010000110011011111111101111001101100010
1101010110011101001111100101111010100010010010001000110001100011
0101000001001111000000101000101001100100000011000011111111100100
0011010010100101010010111010001110011110101101000001001100101011
0110101100010111010101101000111000110111111010101101110001000001
1000111010011111011010010000110101010111101101010011101100000001
1000110000100100110100001100011000101100111111001100010100010000
1001100111111100000010101100101111011010100001110000101110001110
0001000110011000101001001010100010100101111010110111001110111111
1101000011011010100111111011111000001111000111111110101111101001
1001100110010010100010011101100110100010100010000010111000100011
0110110000101111011011000010100110110100011111000100010011100101
0110101110000011100000111001111100001100101000111000011100010010
1001100110110101100011100100110110011001011101100111101100100110
1000100100110101010101110000000110010101111100101111011100011101
1010001010010111101100110000111100000011000101100011101000011001
1111011100110111101111111111011110100100001011000100110111000011
0110110111001100101101001011111000000101100001101111000010001000
1100101110101100000110110000001010011010010111010000011011100000
0101011100011000000111100010110000001110101001001000011011011001
1110110001110101100100001100110010001100011101011101110111100011
1011111101101010011111011011011010011110111000000110101110100001
1100010110001011110001101000000001110101100011100110110001001100
1111001011101011100101100111000010101100000011111101100101100110
0111010001101011001111111001001100111001001010100110110101110000
0110110010011100101110100001111001010000000110110011101011010101
1000110111111000010000001100001100001010111000100010110001100111
0001001011010011110001011010110011011010001101100110010010001010
1000000111000111001001010011010101100010011101101100111100101010
1100011111100110101001001101001000101011110100000111000101101000
1100110101010011111100110111101100100110100110100110010011110101
0001010100101110101111010000000010010101111110100111101100110110
1011011001011011111011010101101000010001000111111000001011111010
0011110010110011101010001000000010111110000010000101101110001110
0100101000110100111000111001010101110110010010110101110100010010
1100011010111011000101010011100000011110101100011001010100001110
1010000101111011001001000110010111110011111010111100110011001011
0000011000011000111110111011101100010000101110011010111101001100
1111000010110110001011101011000101001110101100010100001011110111
1111100000000011111010111111100110001101101001110111011111110001
0111100111100100101100011100110101011010000000010011000110011010
0000000101101111100000010110111101010111011111011011000100110100
0110000101110010100110001100010000101110011111110000010001111101
0011001000010001101000101100001110101010111100100101110111000101
0100001001101001110110011101000100101000010101110111010001101010
0001110100101110010111111111011000100101100011000111111011111000
0110100010011011100011001010011010010111000100011100001111000100
0001101111001000011101111111101001101111010101000000010001010101
1011010100110000110001111000111010100111001010011010100001010111
0100000011100110101100100111100001110110010001011111000100000001
0000110111100111011100001111100101010000010100001110010111100011
1110010000000100000010111111111011011011011011000011101011111011
0110100000101101010111001101011011011100001100001001101111111111
0110011110001011101110101001101010100011110010001110110011001010
1111011000011110110101101000010000011010110000101010100110110110
1011110111101111111000100101100000000111100011110110001100010010
0011000110101001011101111111001011000111001000111011110100011100
0100100000001100010000101100110110101000000100100000110100011100
0000100011111110111000111010111100001101000100100000001110011110
0011101111101011001011011001111011010001010010011101001101110000
1100011011100001011111110101010000011011001001000010010000001010
1011100101010101001100111011011100000000100001001110011100001110
0101100011111101010010011100110110000010001000101010011011010001
0111111110111110010010110110100111000110101110011001011001010011
0000100010010011111001100100100010100110001100101111000110110110
1101011101010001110000111100010011110010011010101011010001011000
0001001011100010101000110001101001101110111001110111000011110101
1100110100000000011110001000110101111101010000110010111101110000
0011110110101111001101010010001011101101000001111000110000110000
1011101111110110010110111010101101001011110100101011000111010100
0000111100011001100100110111101001110100010111110000001011101001
0010011111001101000011111011111010101111001001011101111100101100
0111011001001000110010100111111011100000001001100010110111001000
0111010000000100111100010101100111010011100000011010000001110000
0010010100100000001011111111000000011110011100101011100010101000
0001100100111110010101010100111011110110110010110111011010000110
0011010101100100101001100011000010011101000000000111011000100011
1001111000111001011011000101101001010011010010101010110110010110
1100100101110001011000110011010111001001001100101010111011001100
1001011100111111111111011100010100001001110000110001000100001001
0010001101111001000000011011011100001110101001111000010111100001
0000011110011100110101100111111111111101010010010100101111111000
0101111101011111110010101011100110000010001110011110000010101100
0110100110011001001101110000011111001001011111101001001110110011
0000011001111000001011000011001000100000001110101001101001010001
1010000010100001101110010101011011101100110011111110101011010111
0101110110101001010100011000011111001000110101011100010001110011
