0011011010100001001110000101001101010000111010001111011011100000
1000101111011100100100100111011111001100001011101110110101111000
1111110110100101100011010111101001010100111000101011100011101011
0000110001011100100000000010110101101000101000100100100010000011
1110100110101101101010111100001011110100100101101101110010111100
0111000011100010110010010011110000011000110001010001011111100100
1110001111110011100010101001101100111110000000010011000101011000
1100110100000101010111100010001010000101110010000101001000100110
0010010100001101011010001101100111100000110110110000110110010111
0101000111000110101011010110101011000010000110100110100101001000
1111001101011100011110010000010111100010011110110111000101011110
0001011011100110001111011111110000100110100100110111110001010100
0101111101100111100111011101000000110110110110101100111001100111
1110100001101011000000101001000110010010011000101001110010101001
1111001100001100111000000000111100001000111010011011101100011110
0010001001010010011101000000000101101011101110001011010111111011
0111100010111111110010001111100100000101010010100111111010111010
1110111111100010011110011101101010000001110111001110101010100010
1000111100101000010011111110101101110100000010000100110011100111
0100101010100110110111100101110110101111001111010000010101000000
1000000001000001111010110000001001111000010111110100100001110101
1000011110000100111111011010110001110010001010110000000111100011
0000100011011111001100100100001101000110001011011111010100010100
1111101100010101001000000101000010000110101010001010111100111010
0001011111101110100001111001111101111100100001100001101011011100
0110010100100010011000111000111000001001001011111100111011001101
0011011001100001000000011000110001111001110011100110000010010010
1111110001110010011000100111111001010100001111001001111011100110
1111111111011101010101111000011000011110011001110101111000100100
1100011111010111010110001111011011110101001010001000110000101111
1101101010000101110101010001111100101101100110101101100001000010
1100000110110010010010001100000111101000001000100110111100110001
0000001001000000110101010101000000011001011000000011000100100111
0011111101100110000001110110011101100011101110011011010111101100
0010001101000011011111101010000110110000001101010010111000001011
0111000101011111111100101011000011010110111100110110001101101101
1010011011001010010011100110000101101110111100100011110110110001
0111111110010000110110110111100111100010101111111011010001011011
0110011110100101110000111001111011000100010011001010101000111100
1110110001010010001011011110111000000110110000100010011001111001
1111010001011000100101001101010001111100010101010111000100100100
1010001111001000110001000111011010111101100100011101010011011111
1111000100111111111001100111001111000111010110011110000100010111
1110101110110011101100001101010011010000110101110100000110111111
1010001100011110111110001001100110110001011100111001100010110001
1110111101001110101011100110011001001110011001001010011001111101
1010000010011000000000000010110000010111101101010010100011010100
1100100100111010110110000011010000010101000000011000101101000000
0001111101011110100011000011000110011000111111111101001001000101
1010011110011011001011100111111000101010111100110001110001000000
1001011101010010010101010010000011000011000001111000101111111100
0100010111110100101011100100011000011000001010100010101101100100
0101101111110011111001000101100011100010010110111111100100000101
0111101110111011111000011101100001001010111001011011101111001000
0011001000000110110011101001110110101010100100110001000011100110
0111101100011100100011101011110000011111001011001010100001011010
1010101011010001111111110000010001100100001101010101010111110101
1000000111100011010100000011001011001011110010110001111100000110
0110110010101010000001111100010110101110011001011110111101111011
0110000001010010110001111101111000001010010001001000111101100111
1010110011110010010000011110011000100110010100010011000000100001
1000101100100101000000000000110111100010000110110000000000011111
1010001010101110101110111010110010001111000010010011010000110000
1010110001011101111011011100100100001010100101001010001000110110
1111001101100000100101000111011110001011011010001001000001110001
0010000000000111000010111110100110010110111110011011111101100111
1101001010001001000101110000111110001000101110110000100111110011
1101101011010111011011100000100010111001111001001111010000011111
0010010101101101110011001011110011010001000100100011001100011000
1000100001110000101100010110010011010010001100110011011000010100
0001110010011010000010110001010100111100100100001101100001011010
0011101001110011001101100010001100100001011000000100111101111110
0000010010010111011010111111111110001011011001101110100001100101
1110001010010100110110010100001110111101101000001010001000001010
1000101100100111101010010011010111101011111001100110010100110000
0000011100101000011111011000110101010000101110000101011011001011
1001110100100000110100010000011100111011000100001110101101011011
1001100010000000110000101110011111100110111101110011100101011001
1110001110010001000101000111110011101100101010110110101011100001
0010000111101011000001100110001011101110110001000100001110010110
0101000011001011110010100000010010100100001110001111000110001111
0011100000111011110101101100010110011010100101100011001011101001
0010010110011000111100011010111101110111010010111001111111100101
0011100100101000010100001111110110110010100100101110100000000001
1011001001011011100101110010111010001010001110011101101110111100
1101010010001101111100000011010100000111001110101111101111101110
0110011100000011101100011100001111110111000101001000111111101110
0001001101101101100100000110010011101100000000110001110100111001
0111001111100101111010000100011100001010011111010011101001100100
0111100101100110010000111110011110111110111110000011001110000000
0101111011101100001010011111010111011110000000110101011110001010
0011010110111000101000111001001010000011011100010000011000011110
1001100010110010101101011010011100101111000110010000010010010100
0101100101110111110010100110100101110110001010111010001110001110
1110011111100100101011111100001000001111011110101010110011111110
0001010010101110011001100110101110110100100000111111001101011111
0001111111000001001101000011010010010111110100111011110101100010
0000101010010110011101000101000010111010011001000011110100001010
1011100001010001001111101011000100100111000001110100111000100000
0110110111000101100100010000101110010111111010001111011100000110
0101100101000010110010001101101010111110110110001010100111001101
0011110101010111111011010101000010100100011001010000111101001101
1100111100011110100000011110011101111100000100101100000010011010
0111010111011000101010000011110111011011111100101010001011101101
0101111101111111101101101110101101111111110011101100100010110001
0000110010100101101110011111000001111111010001100111101110011111
1100001100010110010100000101001101001001001011011111010100100100
0011111000000001000001001011000111010001000010000011110001010000
0011001000111000010000010000000011000010101001010111000000100101
1101001001011110101100001011000001000111000100101001011101101011
1011110011010011011111111011001101101011111100011110100011111001
0101011000001001000000111101010000001000011111101101110100001001
0111111101100001000011001011100011110101010000111111011001111000
0111011011001111011010011111100011101011111110100111011100110011
0011110000111000110110110110001000110001100110010001100001100011
0011001111001011000110110000010000100001000111011111111100010101
1100011011010011100011011100001110011011010101111101001011001010
0010101010000100001100001110111001100001111101110001110010111011
1100001011111111100100011010100000110001110000010000001110100111
0110010100110100000011110000100110111100000100010111011000101010
0111011010101011011000111101110101110100011100110110011000101111
1100010101010000010101001111110011111111001010101000010111110101
1001010111101110101101010110010101010000100100101101000111010110
0101000110111000101000110111010000000010011100011111111011110100
0010100011001011101101101011001101101111100101110111011010010001
1111110000000001111101111110110110001100111110000011011110101010
1111111100010011010001111101101111001011000110110010101000001001
1001100010101100100100010101100111001011000110100010011101100100
1001100100001000110110010010001000111101100011110010000111110010
0000101001101010101010111110000100111001100110101010000011010001
1100101111001111101001011110010111010010111110011011001001010101
1001100000100101001001001100100011010111011011010001010110011110
1111111001100110010110111010111000001000001101110001100100000101
0100010000010010111111010010010111011100010110101100100100010100
1101100011110011111000001010010000111000011111010010001011011000
1101111111000111000010011111101010101000001101011111100001011110
0001101001101001000011100100110101101001100101100011001111000000
0001111011011000001100110000111100011111101000001001011001011010
0101101001001010100110111000100011101001100000011010001101101100
0101100100110101100011100011111100110011111110110011011011010001
0001011010010101000100010010111101000100100111010001110001111100
1110000001011110010001001111011011000110101000100110010001100000
0100010100110100001110010010010110010101010110000001011111111011
1001010000111000101110010111010010010010101001011011101101111101
1001111101001001111001010010111000001000011010010100100010010111
1110000011010110101111100010101101111011000100010010010010111110
1111001100011010011010100101100110001000001111101101110111110001
1001111010000101001101100010000111111111111011000010111101111010
0100001101110111010001110001101001111101011010010101100000010000
0101100010101001010000001010110111001011001000111100111110010110
