0110000110111110010010110100101011110001110000100111110011100100
0101010001010100111111110011011101111101011010011010010000000101
1011110101100100001000111110101010000011100100111101110100110111
0111100011011111010000011100010010001001111001100001110001001000
1001010011111100101011110010010111110111000011110110111100011001
1110110110111100110111101111101000000111100101010100111100010000
0010110101101011010111001110110010000110100010100001000101010011
1010110000110010110100110001111110101100111010000000000011100010
0101101100001001001000111111111010110101001101100100110010100000
1010110111011011001101100111100010010001101010110011001110101101
0000000010010001011011100110101101001100011111011101111111011011
1101110110010010010101001001111000101001111110101100110010011011
0001001001000100001011101011011001100100001001011111011100100101
0000110100110011011111010110100111110011100101010000001101101100
1001000001001101110111001100111011010001111110001001011101101101
1010001001001110111100111100100110100000010111011110101000100101
1101110101111100000011011111111110101111001111010101010010000111
1111100001000011101110100010110001110011101110010010011101000100
0100111111100000011100111000000110011100011101111000000101011111
1111001001001010100100000101100001101001111111010010101011100001
1110100010011111001101101101110111000001100100000001010110101000
1000010111110101000011110100011110001100100010000010001100000000
1011110111100011100111011110111010101010010011001010011111001011
0001110111101111010111110101000001100100011010100000110111111110
1010000001111111010011010111001101100101011001001100100111000010
1001010111011110011000110101010011011110101011010001011111111010
0100111011011101001001000101001110101000111010000101000101100000
1001010111011111110010001101111001101010000011100100010111111001
0100111110111000000010001111100001001100010100001000001011101100
1011011101001011111100000000101101001011101011100010000010100010
1000100000100000010001010011000001000010001110011100010111011100
1111010011001001100111010010010011010100110101010100110101100010
1100110011011100111111010001011001100000010111111101000110110001
1111000111011101001010101100000011001010000011011001110100001111
1110110011111010111111101101111100110001100010011101010010111001
1001100100110000111000000111010011101110111111111101001010101011
1110000101101010001100110100010001101010110111000000000011110110
0101111011101100011100000101011110011000100001100110001000001010
0001000010010011000011000010000101010110000110001001010100011000
0111001101010010001100001101001001000010101100001000000001011000
1110110111001011010001010001011010100001001110011010111001010010
0100110110000000001111100110010000101000101110101011101100011010
1011001011111101101001001010000010100011001111110100011000000010
0110011001100000101111110101011100100010111001011010111011000110
1000111101101111000101011101001100101111100111100111101110101000
1011001001000011010100010111111110001000010001000111110100101001
0110001111110111010001111011000101110100010010000011100010100011
1001010110000111010111011001011010001100110110110100101010100000
1101101001100001110111010101001001010101001011011100101100000011
0110001101010101010000011111010111010001010101010011011100001000
1011010101110010101100010010100010000111100011001011110100001010
0011110011011001100101111110010100100100011011010001001101000101
0100110010111010000010110000001100110000111110001001000011111001
1011110001001111000001011010100001001100001010000010110101101100
1100011101100000011011110100111101101111000101110110000011101111
1111011011001110110111010001111110101010001000011101110111010011
1100000100101010100000110100000110100101001000010101100101011010
1101001011001001001101011000110010110110100101011111101001011110
1110000110010001010111010101001111001100101010111010111011010111
0100010101000110110100000101000100001101010010011000100000010111
1111101011110100001000000011100110101010001110011100000111011011
1111111101100111101110000101000100110000010110110100010110011001
1001011010000101010111010011100011010110110100101011100000001010
1001001010011000000001011100000010001011011101001001101100110101
0000010111110010010010001101100101010110110011000101011001000011
0000111010010101100011101110101101101100011111010100001010001111
1010001001011000011011010101000011111101000111001111111010010011
0010100101101100010010110000100101111011110110001111001011111010
0010100111001111011001100011100101000111110010011000101110101110
