0000111101110100010111101111111101010100111000000101001010001110
1100001010001110010000001011001001000101101110101010111111101111
0110011011111100011110101110000010010000001001010110101101100001
0111101100101000100100011110111110011101100111000110111100100011
0111101100010110001010100101001110100100100010001100101110010000
0110111100001101011010011100101001001111110010111001001110010000
0100010111000111000000101011111011001000100101011000010010001011
1111111101100011111101001101110100111110111000100001101011101000
1011001000001000010101001001100111011110011001010110000101110011
1010001011101011000100010001100011011100110100010011110101010101
1000111010000111010001100100000010011010111000000001011010001000
1100001101100000010011111100001000010000001010000000100101101100
1010001001110011101111001011001110110111111100101011111111110001
1011111110100100001001011000011011001111010001101001001001010000
1100010000101110011000010001100100100111010010000001111000000010
1000011110111101011110010001001011111001010011110011011001101111
1101000111010010111010001000011010000000011000000100111000001111
1111010111101011111011111011000011001101000101010011000011001101
0001111100100000100010110010110001111010010010000000110000010000
1000000000010110111011011001011000000000100010110011000100101011
0101000010101000101011000101111100011110010000110100101000011101
0011000100011100111011101110010111111000100001010111110111101110
0111100010101000001011101111000010100011001001001110100100100101
1110011010001011010111101100000010011010010111001101010100000100
1001011101010000001011100101111000010011101010011100101111110100
1110101011100111011110110110001000001011001101110001000111100001
1000100000011000010001110010110010011011010010111111010001101110
1101010001110101110001001110101000001100000010101011000111111000
1101010000100000011100011011010000011010101110111010001011111111
0010000100000110100001101101011100100011100110000100001011110001
0010111110000000100010011011101100010110011010001110011110010010
0111000100110101000001101001110010000111100000101111111100111101
1000001111010011111101110100101101100110100101110001011010110111
1001110111111100001111011111010110001110111100011101001010101011
0110011110111111000111000101100011010000010101001001001000110110
1111011100000000100100111111110001100010011010000100010110010111
1001101101101110011110001111000110101010010101110000100101111100
1001001110111011010100001000010000001010010100001011100100101000
1110011001110010000010001000010101000100111100100100100111001000
0101100111100101010000111001111001101101010101111000110010011110
1010101100101000110011011100111111011110100110001101110110011010
0110001000101000010111110011000111011011001010110000000001001101
0111110000101101100010111110001011100011111100110111111100110010
1010001010111111001111101000000011111110111001101100001010101011
1000110000001010101000011101101111000100000000001000100010111011
0010011000011100000011000110101100101100111011000110000010100000
1010110110011000110000011000011010101110100000001001111010011101
1111110010110001001110111101000011010001011100010000011110111000
0001100010000101100101001101000000000111101111100010111100011011
1011110100010110011011010010000110101101001001010100110001010110
1110100101011110100110110100101011101000111011101000101101010011
1101000000011100011110110110000101110011100110111101001010010000
1110100011110011110111000110111111011101111011101001011101101100
1001110101111000001110101111111110001101011101100001110001001010
1001011011110101001101011100101000100101000111100111111111001010
0000001101010110101110000101011001011101100100110111100100001010
0000111010000101100100010001100000001011100010110000100110100110
0100000101001010011100101111111101111110000010001110111000010101
1001100110101101111111100110000111001110011101010010101100011011
0000101110000111110101000010011010010111100010011000100110000010
1110001011110001110000001111110010000000010001110001000110110001
1001011000010110001111111101111110110100001110000100110010110101
1011001010110000000010011011110111011110100000101011010100010001
0001000101101000011001111011100011000001011100111010100001110001
1000100001001001101110100101100110001110011001101110111110110100
0011110110000000111001011100010110100111100010101100011011100001
1101110111000100001111111001101100001101011111000011010010001011
0010001101011110011100100111001000010110000110100101000011100101
0111000111010110110110000000111001011000000101010110100101010111
0111100110010000010111100010110111000100101101100010001111001010
0000010100000011111101100001110101011101000110100001100001000010
1001000110000101111101110001000111010000000010101000100110100101
1111001001000110001101001001010111100001010111001010000101101010
1000110111111111000101111001110101100110111100111011000011010101
0011111000011101001000111011001100111100101101111110011110001101
1110100001000011000111001111110010001111011010111011011001100111
1100100011110011011111110111011101100101100101010000111010100101
1101100000010101100010101111010111110001001101110010100011101110
1010110001001101110001001111000011010000001100001011101110101111
0111101000110101111101111001000011011111111010100110100111111100
1010100000010100001111100010011000010100100001101111010101010011
0111100011001001001010101101111100101111011100101000011110000100
0111000001101011001111000111101000101110001101101110011010010111
0001000111000010110101110101110100001101100101101101001001101000
0110001001001100001000101110000001010010011011110111010000011011
1011011001011111011010000000101000110000011000101010011010110110
0100000100100011100110001110000011000001101011100001110101001000
