0001000101100111000100000100100001100000010011001001110101111000
0110010010001010011010010001111111100001000111110010010110111010
0010111110010010001001110010001001110000010100011111011000010111
1101001100010001001011100101010011101101100010111011101000111001
1001010111110110101000001010110110111110110010000101001001011101
1111101100101101011000100001111101100111110010111111111000100011
0111001100010111101100000110001100101110000101101111100000110100
0110000001010111000011010001100101100001001011000011000101111011
0110101001101011011100000010001110000000001100111000001100010100
0010011110111100110111010101100111111010011011101100011110111110
1001110111011101001000011001101110101111000110011110111100100100
1010010110000101111010011111111000001100111110111101111111110101
0011111000010011101110110101001101101110101010010111101100111110
0010011011101010001110001010101110111100111111110010110110100110
0101101111111100100100010010000000111010010001111111110101101101
1000010000110011101101110110110111111101011011011000000101111100
0111100011110101010011001011010001100111001010100110100001111010
1001110001110110000110111110001000011100001000001100100111001111
0100000111110101010000000011100101000010011111001101100101110100
1011100011010110000110110110101011001110000000111010001101010110
1010101100000010010111110001110011100110110011101000100001010101
1010110011110101011000000000001011111001100100111000011001111110
0000000111100001010001111010100000110101100011101010100000110111
0010011011011000101011101011111111001101011110111100001100011001
0001011110101010001011110100010101011110001010100000100111111110
1011111111100001010011111011110000111101110101011011110000010101
1011110100100001101001111000110111101101000101010101111110010100
0000101000010111100000101100000111101011111100010000000101101001
1100001000010010111010011010111011010111100100111110010101101000
1111110101110000010011001111011010100111100001010001100011000010
1111110110110100111001100100001011110111101010000110111110010111
1001100101011101010000001000010100101011011110011110001111101011
1010100000001010011010010101011110010101110100101110010001100011
0001001111110110101001001010110101101010110110111101100110101111
1001100111110010111110111110010001000101011011100110110110011010
1000010010011101011111100110011000110100011011011111011100011101
1010010111110000010110000011110110100010101110001101010100110001
0111101100011001110010111111010111100111001001111000110111100100
1101000000101011101110001010111111000001001001100111000000000011
1010111000110000100011011111111101010110001011001100011000101101
1000101000100111110011000010001000110011110000001010000000111010
1010001100111101000011011011100110111000110101000000111011101000
0100000010110010010101100001001001010100011010100010100111101001
0111000111000100111011110000010111001100100111111110111010000110
0101000010101011010000111111011111010001010100101111001110001111
1011011101101000110011111101010111100110111111110110110111001111
0111010110101100011010001101010010011111000100110000000001010000
1111101010111011001110111011010101101010000111011100100100001001
1110100000010110001111101110001000101100100011110001111101111111
1110011110000101000011001011110011011101101001011111100011001010
1111111101100100000010100000100111111111010001110111110101101110
1000000100110111101110011000100000111111111100110010111000100010
0010100110110101000100111101110010001011000000010101001000110001
0010010100100101000111110000110100001111010100000111111111000000
0110101100010000110111111111011110110111001110101101111100110000
0011100111011000110010111001101110001001001110110010011101100011
0011100011011111011111101101100101001111010100010010001010101011
1010110100001110001100010101110010110100111111010110010110001101
1000101000001111010100101001110111001011110010010011110011010010
1110100011101100011000001000001110100011110111100011101000010101
1110001001010000101100111011101000101100101110011000010010010011
0001100010100000010110000010101000011110110100001100100010110101
1110000100100010111011101001011001101001110010000110010110000101
1110000001111111101101010111011110110111001000001101100000001111
0111010101111110110110010100000111110110001000110001111110110010
1001010010101100100101100011100100001111001111110010010000011001
1101000000110010101100111111010110100100000101101010001001101000
1001111001110001010000100100100101111011011110001111011111110110
0110011011100110000101011100110100011101111110000001100100000011
1100110111100001001100000101110000000110110111001111111000001001
