0111110110000110001100110110000001101111010010001011100000100101
1001110110010001111101100011011110001110110000011100000100000010
0001011011010010011110001100001111010011111011100101011111110101
1010000110100100110101101000001000010111100111001011100010001101
0011111111101011011100001010010101000111010010010011010000110110
0101000001110000010001101011110010110001000100011000110101110011
1110010101000010100011100010110001011011011110011010010010110001
0110111111110011101101101101111101101011000110001001010110110101
1100110010011111111001101100000101110010110001100001011010011000
0000001111010100110000110010000000101110010101100010111111110100
0011100101011010101001001111001111001101001100010111100000111110
1000010100011110111111011000010000110101001111001010010100110001
0000100111011110010111011100111000001100011000000100110001111010
1110111011010001000100101100101111011011100100001000110011010011
1001001010001111110001101011010011110111000010100111011100001010
0011000100010110111100100101110100110100011010110001110001001101
1101000110011100001010000000101000110001000100110111001000010110
1001011000100100100111011110000101011110010100101011110111100100
1101100000000010110101000101000101001000000110000001100111111100
0001111001011010001001101100101111110100001000100011010001001001
0111111000001001110100111011010011110011010100001000011110010101
0011101100010000011000010101100111110001110001000011011001110001
1001100010111000011010011001000001100101010000111100011000001110
1111001001101100101101100101010001101110000001000101010100100110
0010100111110101100000101011100101101111110110111010101010000011
0010110110001011000111100011111011001010000110000010111001110101
1101101011001111100011011001101001101010010110010001000001010110
0010110001100111101100110000011111111101110000111011111010010000
0101101110101001101011111110011111001100101001010101100001100101
1100101110000000111111001000000100010100111101000010101010100110
1111001011011010011110110100101111010101011111101101000101010001
0110001111001011100111100101001110000011100001010000010010110010
0111111101100101101010101110010101110000001000000110011111001101
0100001110000010001010101101000011001100100011110111110111011010
0110111100111010001110101001001100111000111000111100000011010000
0010110110011001001100010110111001110101011111001010111011101011
1001001111011001011011001011111110011001001001001111001110101010
0101011110011011110110010010000111001111001011111100101101000010
0000101001000011100010001011010111011000100101111110110111010110
1011111111010100010111001010110100000001010110010011101110111011
1110011010011111100101000001001111000101111010101000101100101100
0001110011001101101100010101010011000011101111011001110100100110
0011110101110001101101111101111001100100110101110000011100111001
1100101001111100101011101000110100101010011001101101111111111001
1101101000000100010110111100011110001000000110011001111011010011
0100101110011101100010010111010111111111011100001010000110101111
1110110111001111011101010000110010001001011111001100000110110001
1010100010100110110000110110010001101001001111001110000000011001
0111011110110001101011101110100111101001001011111110001110100110
1010001010100011011101010011001000001111010011000011101000100111
1011010010011001111011101001101001011001000001001000101111110110
0000011000100000010101101011000111111011101010000011000000001100
0000101110100001100101011111110110101010110101010010000001101010
0111010010011010100011111011000000111000100010110101010110110110
1100011111001101000100000001010100101000001010110100001000101101
0101111100101100001110111000101100110101011110000001001111011100
1010111101001101110000101010101001100110111010110010100000000000
1001111001101001011001110100000111010101111100010011111010101111
0000101000100100001100111000000111111110011111001000111010111001
0000000110111000000010010101010000100110111101111000111111001001
0100010111001101011010110000110001001100001011110100101111110111
0101101100100111101010111110100110110100100010111100111101111010
1111001001110101101011110111101101110100110011101000000100100001
1011110010100111010110010011100111110011000110011100011010111110
0110101101101101101000000001111011111000110011001100001001100100
1100001111001000111011011010101110100100000111111111010001111111
0110010110110100111101101101011110011110111101101101011011010001
1001100100100000010111000101010011011010000101001110011101101111
0101011100101111111011001100101001000110110110010100001011100001
0001101110110000110010001011101011101001110010000000000001110000
1000001100011100010001010010000011001100010011111001000101000001
0011101111000101011010001010000001000000101100101111111001110001
0100111101010101101100001001100111001110000001110010011110001001
0001100001011000001101001011111111111110010100000010000100001010
1111111111011111000101110110101001001101111010101100111010110011
1111101110000101011110001101110100011100100110010110111001111100
0110011000011011000010000100010111100000000111010000101111011011
0100111001010100110101111001101011000111111100000101110000110100
0011110011110001110000110110000100111111100111101101110001000101
1011110001100000101011011000010110110001111000101111100110100110
1011110011011100000110111111001110110010111100001001111111011011
1101001100111010011011011111001010111000110011010110101010001100
0000110101110010000110111001011111110110100101000101110011000111
0010000000100111010001011011110000011010101010011110001111010110
0110111000001100011000100110011110011110000100011010010001001000
1001010100000110111110101110010101101100100001001001001001100011
1111011111101010001001101000101011101101000101000110000101110111
0100100101010000000011101001100110001110110110110010111110110011
0000111000011010010010000011010110011110000010100101110110100111
0001110111110110111011010111000110100111000010000101110001110011
0000011111110001001110000011111001011001101011000111101001101001
0001011011001001010010101001010101111000111100111101001110110001
0111011000111011101110001010101000111101001101011010101111000011
0011001100110111000010111100011100111011100001001011000101110110
1011001100110001110001100000101110101001110101101111000111000101
0011100011101010110011001101100011010011001001110100011001011101
0000101010001100111010000111000011111000010011111010100011111011
1001011101010010101000000011001010010010001111010100000100111001
1110001110101100100010100111101011101101111100000001001010111000
1100000101110000100011010010110101010110000001001110011001001011
1111111000011101111000111000100010011000111100011001001111110110
0000000011101111010100110111100100101111000011000111111101001010
1111010010111011011001000001000110100110010011110000101101111000
1111001011111101010100000000100011111000101010111110001100101000
1000100100110010000101100110100010011101010110001111011110000100
0111011100101110111011100010001000011010001011001010001011111101
1111011001110111011000111101101011110111101101010011110010001101
0011100110101111100101100101101011100100001111100010101011010000
0110100000100011001111001111100110011111100000011011111100100111
0110100010000100111111000110101010011001001000000111100101111010
1111010001010010100100011110000011101010001101100000000100010100
1100110010110100001011101100101010101011111111001000111000101111
0101111110110010100001001000010001010101001110111100000001111000
0101010110011001111110110110101011110101001111101010011101100111
1111001100010111111110110011010100001111000001110010101111011100
0001010111010001101010000101110001011100101001011010110010100010
0110111001010100000100000101010010100101110011100010101000101011
1100010011100011101110010111011010101001111010011110100011001111
1011010111010101100000010001000010101000111000111010010011111001
1001001011000001101011010111101000010011110010110110000110110011
1110110010001101100010011000101110111100010111001001100110000011
0100010101101111001101110101001010001111111101010111100101000101
