1101001010001111101010100110000000111011100110101110011110010100
1100100101001011011001111110110111011001101011000111110101010110
0010000111011100000110001000101111010111001111001000001110100101
0100111101100111100011111110011010011110011111011101011110111110
0111010011111101110011010010110000100000101000011111111011111010
1100111100100011000000011011010111011001111100011100010000110001
1101101000110101110011000100011101100000010100010010010101100000
1100110010111101011010100100000100010101111100111111111011000110
1000111110010100000100111110101010110110001111100101101011111111
1000010110010100001100010000111001111100110011111011001010101100
1100001010001010111010110010111000010011010000100010010100001011
1011001010101000000010101110111011101101101111011100111100010010
0110110001101010100001111111111111011010010101100000011111111110
0001110111010111111110101111111101101110000110000101000111010011
1110100111110111000010010011001111011101000110100111111100111001
0110101100001000110101011001110100110101100010110010111111011001
0010111110111011001001100101111000010100100111001100010010101100
1010111001011000111000101111010100100011100011111000101101111010
0010100110111000011110100011010110101110001110110101010100001111
1010111001011110111100110101111010110010111001010000011001001100
0010111101011011111010000100001111001110001001000100001101000100
1001101111101000001111010101110110110010010011101100111001001000
0000100110101001011111110011011110101001100000100010001110001111
1001011100000011100111011000011011101001011100011110101100111000
1111000100001000010110011110001111100110010101000101011101101100
0000111100110011010101101110101011011110011000100010010100000101
0101100000110000000110011000101100110011000000011010101010111010
1100110111101000000001011000010001100101111000111111110101000010
1000111011000000100111110010111101100010110100010011101000001110
0011101010010100111100010011111101100111110101010100010100111101
0101011111110000000011001101000100010110101010111011011010010011
1011100010010010110010000011011010100111000001101010000001010010
1100010011011010100011111101011001111110101001011100100101000111
0010001101110010101010110101001111000000110011110000110100100000
0110001100100011010101000101001011010111011000100111111110100010
1011101101100001010000111110100111010111111100111001100111100010
1010011010110110111000100011110001001111001001110010001000101111
1111010100011101010000101101101111010111101001010111110000010100
1101001100000110000011110011100111110010111001010111111011100110
0011010001101000000101011000010001010010010100111101010010101010
0000101000001111100011001100110000010011110110100000110000101000
1101101011010110110101011110000000111100101111110001100001001011
0101001101011001010000000001110101001011010000000010011010100011
0000100001110001110101110001110001100100000011010000010010111001
0000010010110111110011101000111001010100101100001010000110111110
0001010001110000001000010111000011101001101011101110010110111011
1011111101010111011011110011111110000110111111111110010100000101
0011100010000111001001100101010011010010010010100001011100011100
1001110001010010001110001001011000110011011101010010101000000111
1110111000010110001001111110100101110101110111110000100001111111
1010011111000100001011000111101101100100110001011101100111110110
0000100010010111011001000101000100111111001111000010101010101010
1101110011011011101001010011000010001000000011001011010000010101
0110110100111110111110010101111101110000110001011000010111010010
1110110111000110011010111000011010100110011011010011111111100011
0001001101000111110111000100001110110111100000101101010101010011
0101011010011111010010111100110111101010011101000111000001110111
0001110100010110110101011010101001010111011100000010001011001111
0100011110111011100011101111101001011110001011110111111111101011
1010111000100110011111101011000010111001110001100100011111001001
1011100110000011101000111100011001100011000000111011100011001111
1010000000100100000111100000111110101011010000100110100101110110
1100001100101010100111011010100110000010110011011111010001100000
0111000001011100100001010100001010010001111110111100000110000110
1111000011110000010000110000001010000011101011101110010111111100
1010010100100000010000010100101000110001110011011010011010001010
0010100100010000110111100111001110101101101001100010101100000011
1000101110110001011110101111110000100011010100000011010110001101
0000100101000011011110011101001100010100110010111000100010101001
1010110111000110111011011011001001011010011000010011101110100111
0101101101101010100111110001011010011101100100001000001001111110
0001100111101110010101011001110100011101001000100010100001011011
0010010011010011101000011111010101110100101100111111001010011111
0101111010100111010000100110010111100110110100011010010101101001
0011011101001111100010110000001101011010101101010000011110010100
1111111001110110000010100101001010110001011100101001100011000000
1110001011010000001011010011101110001010110100000010100001000111
0000110010110010000101111101010111000011110100110110010000110110
0100100111100010110001101010110000001110111000011000111011110000
0010110011001011100001110000000011100101011010110101110100000001
0000100101010111000110010000110111110101110101110010010010000100
0111010100100110101001111111010100101011000111011111110011000111
1100101111010110101000000100111100001100010000010110111010010101
0111100101110110111101110000010000111010000001010110000000111100
0000011010011111110000101000101000010011100010101111000111110000
0100101101000100001010001001110110100000000000001101100001110001
1111111011111011100101001001100110100111001001000001111111011000
0100000101110110011010011110001100100010111001010000011100000100
0101100111011100011100000011010001010000101100111011011110100100
1100001000111000110110101010000010000111000100001010010001000111
0010110001000101000000011110010100011011111101110000000000111001
1010111011111101001010100000101010101000011110101111110010011011
0110011100001001100111010100010011110101110010110101000101111110
1001010101100000001010000011001111101100000010110011110011110100
1011101011101111011101101000101101100000000110011110011011110011
0001110101010010001001110011111011011100101011111001000000010001
0000000101010111011110110000001010011101111101111000000100110111
1100101101100001110001110001101110011110111001001111000111101000
1111110100101111110111010010010100000100000100011101101100100000
0111000110011010111100100010011010100111001000001101100010000010
1111000011001000111101101010110111110010111000100110110100110100
0010101100011001111100000011110101001011010111100000100110111010
1100000011111000111111101000101111010111000101111011101010001100
1100101010101100110101101111111001010000111000111111101011111101
0101011010011101000001011101010111111100110111100100101011001011
1000111110110111001110001011111110101110010011111000111011111010
0111110101111100001000011111111100111001100111001100001011011111
0011000110110100011111010111100101010000100011101000110101101011
