0010000011001001011111101011001010000100010110100001000100100010
1010111111011110101000100011111010001100010000101110001101011011
1011011010010101111100010001000100111100011110101110011011111000
1000110110100000111101000000000100110010010110000010010000101000
1110110111011011111111011001001011100111000000110001000001110011
1011010111010101011010011110010010110010110001011000110000001010
1000101000101011010110110010110011011100010110111010100101001110
1110011101010111110111000001001111010101001100000010110011000010
1011011110001110000101000100001110100111101001101000101110100111
1100000001000010001101001011111101100010010010011110101101110100
1000001010110110000111101111100110011001101011010110111001001110
0110010110101011011011010110101111110011111101000111010000010100
1100011110011010010101001111111011001100110111100011110100100111
0110111111101001100001011110010101001001100110110101111100010100
1100100100100001111111101001001011101101110011010010101101110010
0111011111011001100100100010001001000000011101001000011001110101
0011000111100101000111000010111011111010001001111001101110010110
1101010100110000000011101000011101100100111000101101000100011010
1000011000001011110010000100001110110011000110101100001110010101
1010011111101111000111001110010011010001100010011111110011111101
1100110011101000001101001101010100110000111100011011001010011010
0100010100110000010000111101001100100001000011111000010000101000
0101001100010100010010011001010011100100000100110110101101110000
1000100011100001000010110100101111110011001100001001111100111111
1001001100100110100111111000101101011101001101111111110000011101
1000110011101111111001000011000000110010001110001100010011000101
1011000001011110100001001010110111111011110000001100101100110101
1100100011100011001000100001100000111011111110100100101000011010
1011100100110011001001011110111111010001100000000011011110111010
0001101100011110111101001010101111111010101111111101101100010010
0100100000011010011101111000101010000001011010100000101101001001
1001010000011001001011010101101111001001010111101010111011111111
1000100010001010111111110010001000100100001000101001000101000010
1111011001100001001101100101001110000101101100011110010111000001
1101110001000101001000000110001111111000101010111110110001111110
0010110101011100000001011011110011010101110111001111111000011011
0001111110100100101101110010001100000001001110001110011011001110
0000001000001001101000010100010001001101011100111000110000110010
1000010100110001011101001000011111100111011001101101011000000010
1110101010000110111111110000100111110011010110011000111011000011
1000110111110000111110001111111001101011010011110101100110110000
0001110000011111011110011010001010011111110001001101101011111111
0011100001100111111110010101010000111101101011110101101111010110
1100111100001000111101111001101011010111000000101100000010000011
1110001110101010101000000000101010110001001000111101000110000110
1010011001111111110100000111001110110101011011001010101001011000
1110001101011101111010000000100111000000110010010001010100101000
1111100111101101001001011010101110101111011111000001000001010010
1010100001100000110111000111110100000000110010110011101111001110
0111110110111000001011101111001011100101001100000000001110011001
1010001010001100011101100001101001000100100000100011111000010011
0010101000101010011010010010000010100101101100100100101111101101
1000110100111001011011100000001000000000110010001100000101110101
0101110111010111100000000001001100011011011111100010111011000000
0101010101101011010011000011110100000101001011001001001000111101
1110000101011001000010110110100101000000100011001000111000101011
1001000111001110100011001110000010000101110100010000100000100100
0101000010011010011110111110010100110111011101000111001110001001
0010011110110001000011010000100101011111111010010001000111110011
1000010011100011011101100010110011010110100011110111111010100110
1011101000000101111111001010011010001001100010101011010010111101
0000000011111010001011100100011101000010010111111101010111011111
1000011100010000110100000001001010001101100000111001011011100100
0010010000001010100001110010010001100010001010111101011001011110
0100000100111101011101110110001001110100000011110100110000101011
0011100011110001110110100101001100101001110010001100100110110001
0111001110101110100011100000001010011110000011101011010000011110
0001111000010001001011011000100110111100110010000100110111111110
0010010101111000101110101100111010101101010010111100000110000011
0010100010100100001000100100111111101011001101101100000000101011
0010010110000101011001100011001100111110000101100101111010110100
0010001100011001100000011000001000110101111010011010000111000101
1001010010000100100010000000001010101000000010010000001111100111
1101011101111001011000000111011111001111001011001010101001100000
1010000111000111010010000101100110110011010011110101110001111100
0001001110010011111110111111010001011110100110000001111101001011
0000110001111011111011111011001000100001011110111111100001010000
0000000110111000110000011100110111111010111111001100101110000110
0100111100110111010001011100101101110010011110110001011000010000
1111001100000011101011101100111111100011010011101101000011111110
0001111000100110100000010111100100111110101001011110111111010111
0001011010010011110000110100011111011010010010101001000101111110
0010111010110000111111011110011101100101110101001100100011011010
0011001110111001100010100010011110000110000010100011000111110111
1011010000011011110111001001101000000000110100110000011000011111
1111011010100111101000100011011001110101111100110100111010101010
1011010011011011000110100010001110101010110101110100001100111101
0110001000100110010011111011101011100000000111100110100000100011
0100001010010010001001111100001110011011001001011111011001111010
0101011111110001010001101111100001111000101111101000011001011111
0010010010011001001010000011001101100101001000101100001111011011
