0101110010101000111010011100111110000011110111101100101111000100
0011000001000110111101101000110010011010011000000001100101111000
1100000101110000100011100000111001100000111101001100011110010101
0000100111010001001110110010000111110100100000100101101100101000
0010010111000000011101101000010011000011101100100011100010001100
1101011101100100010110001011010001000111001001010000110101001101
0101001001111101111010011001100000000001101101000010111111101110
0001011001001111100001111111101101101011111000110001010101101110
0111100011110001110101000000111000110011101010000001011000101001
0001100100000110010100001111100111111011101110000011111100101010
0010100000101101101010100001110100011110100101101111100100100010
0000110000001010001001100100010001111110111010010001110101110100
0011101010111010111010000011010010011111010001000011101000001100
0000001011111101101000011001101011011111101101111110100000000001
1011001001100101001111010010111100101110001111111001100001000010
1011101011101101100011111001011000101111110011101001001110100110
1111000110011001010101111011010100000001000010101010001011100010
0000110001100110100110110111010001001110011100000010110001100000
0011010110000010100000010000011110011111110101100000011010110100
0001100011100100110011001011000000111000101010010010100011000111
0111110101010111100101011101110111000100010110011001010000100101
1001000001001000011100001010111010011111111010111101000000000110
1001000001010010000100110100011010010111110010010010011011010010
1010111001011001011000101111000010101011001110110101111100110100
0001010001000101111001111010111000110111110110001010010010000011
1000000000110011001011000111110010011001010000111100100011110110
1100010111000011001001011001100000011000001011110111000011111111
0010110101111011101100110111101010101010101111010111100001111000
0101111110000000110000001111000001100100000110111011111010101000
0111001110000110000010011100110110111001001101100110110100011100
0001010111111000010100000111011001101001001111000101110101000111
0010000100010101111100000010111111100000100111001100010100100110
1101001111001100100011101011101101010100010000100101101001001011
0000011110000000000100010100010101111110001100001111010011110001
1001101111001011101010000110110000001111011101110011000101100100
1101111011100100000001011110010010010110100100110011110001110110
0010010001011111010010110010110111100111101110011100010100111010
1000101101000001101011010000010111001101111101101111111011110010
1110111110110010001100110000101111100111001101101111100110001010
0101101000000011001000100011011010100010110111111000100111001011
0010000011110001101101010001101010010101000010100110010101001011
1111010100010110100111101001010011001000100001110011011101011100
1110010000100111110010001111110010011011000010101001111000000011
0110101000111000111010111010100111011001010100110010100011011110
0011111010100000111110001100100111101101001011001011100101101111
0001010000010011100001110101010011101001001100000011101011111100
0010110011000011010001011110101010101000101001110111001000110100
0000110110100101101111100101100100000101011100011101100001100101
1110110000001000110001001101010011001000101001111111110001110011
0111111010111111110100001011110010001001111111001101000011010010
0000111011100111010110010111001011010000011101011001000100010110
1110110010010111011101101100111101000010001010100001011000011011
0001000000010100110100011111100000110110011101000101000000001110
1011010100110111100000010010011000111001010001100111100011011010
1101111110110011111111100101110010100110000011101000100011110100
1100111000101101011100010110001011100111011000011111110000100011
1001010111110011001010110100001101000000011011100111111001001000
0000001110101001101010011001100010010110110011110111101000000101
0011111000100000000010100100100000011100110000100100111011010010
1000110011101010100101101001011110110011111000111101000010011010
1000001010010110101000100011011101000100100011000110010100100000
0100101001110110011011000000101000100101100100110011011001100100
0000111100000100000000111010110010100111101000010101101101001110
0110001000101000100010010000000000011101001011011100111001011100
1101110100101011101100100010110101101010101000110101011100100000
1010110100111000000111111000000001000000001110001101101111110101
0111010100101101100010101000101111000011111001110101110101101111
0000101010101010110011010000011111101001010101000100001010110011
0100010010011111110110000110000001001001110101000110100001111011
1000110010111010101001011111100011010111011011011101001101111100
1001111101111110001001001110000010110101010000101110100100100111
0100000010110011001101000001100111100010010100110011101010110101
1011111101001000011111011010101000111100100101011101011111010011
0001011100101111000010101000000001101110000100111000010101111001
1110010010111110000010101000000010110100001001101011000001010001
1111000101110000011011011100010111100000001100011100110111010001
1111110011011111101110000100000010100010011110100110110000110001
1011001110011111000101000100101111101001001100011011110010011111
1011110110001000000110000101111100111001011000010100111010111101
1101010000000110010111100101010010110100111110010011100111000110
0101011000010101001100000111000111011101111110001011110110110101
1100000111010100101110001110111110010010010011101000000111010111
0101011000100000110110000010100001001100111011010010010110000000
0001000001101011010001011010011111010001001111010101101001010011
1000110101100111101011010100101101100100000001110001101010000001
1011001111000100101001011110001001011011010001011111011011011101
1000001111110110111000010010010111110111111111001100111000001010
1010111100110001101001111010011011101000100100111110000111010001
0011111011011111001111110001010110100110000001100111010000111111
0010000010101000110110110011111111011110100001001010000000110011
0111000011100000110010100100110101000000100001010000001101101000
