1010000101110001111100100111000110011101100111111011011100101011
1011111100010000111010111100000100111001111000001011000100111111
0111101101110001010100100000010110010001001101111100001001101000
1010011010010100110001111101010010100010101110111100000111011001
1110110001010110011001010001100000000111101100000111010001100100
0010001101011010101011011001011000011100001000111000000100110110
1001000110010100001001100001011011101110100101101111011110110100
1000111000000111011000000111111011101000011111010011101000101010
1111100111000001111011010101101101010110010100101010001010001011
1010011110101111101111101111110100111101010111111000010100110111
0010001011011001001101001000100111100100100110101010001110000101
0101001000011111111000100111010000011010111100010100010100010000
0110101011010001101000110111111010100100011000100001111000111100
0111001110000001100000100101001010011100000101101011111011000010
1010100100101100011101101101001001100010011110100111101101010011
0011101100111011001110010111000111110101000001011111100010010000
0000110000100000011000101011101101111000100010111011010101010110
0101011010011011100101000111111101100010011000001100100100111011
1011010001100011001011101100010100100100001110010010011001011110
1110010000011111110000111010010101110111110101110001110110110101
0111101010100010101011100100111111100111011010111110001111100010
0111011100010011101110011101110011000101110000000011101010010111
1000111110110110101011011000101111110001011110110110001011011100
0111110011100000001110001110001001100010110101010001010010111111
1111111101101100100010011000111000100011100111001000110101001000
1100111111010011000010110111001001000111011000010010010010110110
0100110111111000010111111011111000100110001101110001110100101110
1010010101001011001100000100110101110101010011110110110000110101
1011001010100010001000101111101101011001110001110101000010000110
1011100110001001001000110001010010111010010100101000110110000100
0000110000111001011111110110111010101000100100110101110001110101
1001010010100011101100000101011111101010001011011100110001001000
0001001001101010011100000110011000010010111101111100010010111111
1101010101011011001101011000010000110111100000100111010011011000
1011111111111110010011001101011011011111111100101111000000000101
1101001101101100000110111111000011100011010110101101000010000110
0010010110111001010010001011110111100000110101100110010001000101
0101011101100100111101110001110100000110000100001011001101000111
0101000000000001100010010010010010001110011110111100010111001010
0100100001011001101111011100011101010110001110011010001001011100
1101111011010100000011111101000100100110000010000100011111110011
0010011011000000111001101001101010110100011011001010101111011111
1101101010000110110010001011000011000001001011100111111111001011
0011110000000001000101110001110100111111000100000011100010010010
0110111111111000100011100000100101101110111101111000001101001001
1011011111111111000010000010010101001010011000011111101100101001
1000100110101100100001110100111100000011001101011111111111111000
0101000110111010011101001000011010101000110100101001010110010111
1110111101100001111001010001111001111110110110000001001011001000
1110100011110010000000101001101010010011011011101011111000111111
1000001100111001100010001011011110000011110110111000100011111010
0011011010100000010010001011101011101101100011111110011101101010
1001111100010100110000110001101100001001001110100101111001011011
0001011000101011011100000001110101001001101100110010010000101100
0011000101010101010111011111001000100001111000011100000111000110
1111100111000001111010100111101000010101000100110011100001101011
1011001101010100110010111111110011010010001010011011010110110011
0000000010010100111000000111101101011001111010110010010101110111
0010100100011010011001111100000101001011110010000011111110111100
0010011000110001101110101001001001100101100110010000010001001111
1110010011110111000101101000110100100011110000000000001001010110
1010101110010011011000100011011011100111100000101110001000010000
0011000000100101111001001111101000010110000000010100101110100110
1100101101011011110001001001010111011011111011110101111010000000
0001101011110000001111011110010011100001010110101010000101110100
0110011101101110100000011000010010110110000111111011001101010100
1010001011000010000111001100100001100110010110100010110101001100
0101001001101000010100110001011000111111100001101010001111101100
1010011001001110110101010000111110111100011011110111000000101010
0110000011011001100000101010001001001110000011001000111010011001
0100101001110110101001101111000001100111100101101010100100000111
0100101000010100010001010111001100111101000010100011100010010111
0001000111011001100000100110100001101011100011111101101101110010
1011111110110011010000011010111111100010100101001000000101100001
0101111101101110100010010110011101110001110010101010100011000000
1011010111100111010011111001010001001111101000111101010100111101
1010111101011011001111100011001011000010110001001111111110010111
1110100110010111001101000110110101100000100010001010100000111011
0000000111111100010110011010101111110100011011000011100110001011
0101101100110111011000010111001111000001100000011101000001110100
1001000000110111100100111110100100110101101010001101101001101001
0001110111001001000010010111001101001101000110010111001101011010
1100011111110011100010111000111100001000010110001110011001000000
0100111001101001101010011110000001111111111011001111110110100000
1010100011110011100011010010111111000000011001100000101000110010
0001100000111000000010111111011101110100100010000000100100101110
0001011110010010010111010100010101011010010011011010000001111011
0001101100000000111100011110100000110110111101101100011011001001
1101110010110001110001110001011101111101011001000011101110111000
1011010110001010010110000110011000111011010001001111111110010110
0011000000011100001001010101101010010010001000100010110111110011
0110010111100000011101000000110010010000000111110100011101010010
0001010100101000000001111110111100000011100101111000010000111001
0000001110110111110100001001100000111101010111000010010110010010
1101101001000000011011101010001010111100110000011111101100001001
1101101101000100010100011011010101110011110010100001100001000101
0101111100000000110111001111101001100000011011100110111010000111
1101011011111001100001111110110011010011101110110001110010101000
0000111100000100000011111010000110000001001100110010010101010101
0100001010010011101101011001001000100101101100001110111100111101
1000101011000011110000100001000011111100011010001100100011010011
1010000100011111101001101100101100011111011000101110100110111011
0011101100000101100011110100010100110010010011110110001000000101
0010100100001111001111110000110110011010101111111010001111010100
1100000000100110101011001000110110111100111100001010101101001101
0001110100111011111101111111011101100101110110010101100110110110
0010000101010100001011111001110011111010010001010110101001011011
0101101001110000100101101001111000100001001110101001000001001010
0011110000110001001100000011100100001000011111111010010101000110
1010111101100110001101000111110001110010110001100101101000010011
1100010111100011000001010011101000110001100011110011111010000110
1111010110101110101010101110001001100110111010100010000011101000
0001011000000111000111001011110101010101101100000001110110001011
0110011011011111001101111111110110001111001101111110110000111100
0101000001101000100111101000011001000001000000010100100111001111
1110001111111101010110010001101001101000001101111100100000001010
0011110101011000000110100000100001010001110111111110001100000011
0010111001000000100000110110001011011111100001001111110010101110
1001111110001100101000111101001100011101101010100111101111010101
0100001101000011110011000111010100100010011001110111100111100011
0010011100101011001000011111000001101001101101010001001010100111
1000100111111001001011110010001101001110010100001001011101001110
0010001110011010100011101100010001111011101101111011000001010111
1101010001010010011001101000010110001111110011001100100110100101
1010011110000000000110100100100001010000011000100010110110001100
0011001001101101010010001111000010001000000001001100010101010101
1011111010011001101111101111010111011011111010101111101110011010
