0001100110011111110110010000011101000111111111001100010110000001
0000111111010101001111110010011000001100101111101110001101011111
0000011000011001100110010011100100001011110101101100110000100000
0000111011100100101111111100011010000010100101100100010100101001
0111111001010111111000011100100111001101111110101100110101101110
1101110101111010010000100101010111110110101110100101001000110110
1000000001011010010001101011100000101101000011000100101010100100
1011111011111110101111010001100100101011011010100111100110000010
0011110110100111100101110000100101111011111011011001001111000010
0111001011100111110100000111100010001010000010111110111110101111
0001010010101100100110000111001000100000100100110110101000010101
0101101011110110001100101010000010100101000011110001001110110010
0011010100000111100100010100011011100011111010001100111110011011
1111001110101110010010101011000110011000101011110110100011011010
0011100011110101010010011101000111111000000001010101010011000000
0010110100010110101000110011111010011000101011000010010110110000
0111100001110101000101010101111111001100101001111001001001010100
1011010010000100110100100100011100011110001001111010110010110111
1010000001000111000001011100110111110010110111011011010011011000
0100110010111000101110010001111101111111101011010111101000000111
0101001101101110000000011000001001000110000110110100100101100101
1100100010010110101010101110111011010011001011001100100010110000
1000011011001010010000110011000100110001100000011001011111001010
0010100111011101001111110100110101110100011111110100111011001011
0101100111110001000000100001011011010001100111110110101010001110
1000101010010010100010001011000011001010010001010101001110001011
1100001001101010110000001111100010100011100100100100100000101101
0101110010101111100100010101011111010010100111111101000001110110
0100100100010010010110001000111000110100101101010011001111011111
0010011010110110110011100010110111101000000001110100111110100011
1000100110011100101101110001111010011000111110011100110001010100
1110101001110000010100101111000100000011111101011011101101111100
1010111001011101101000000110011011000010101101111010000011111010
1100101001100111111101100000000001001110010111100001001001001111
1111011111000101101101101111001000000011110000111111100110100100
0001111100001001011011100101000100110110000100111001010100101000
1011000110001110000100011011010101010011000101100010101000001101
1101100111000011010010111100111011000011010110100011000000110011
1101110101001000000111001100000010011010110111000001001110000011
0000000011011110010101111011001110100110011001111100110100101111
1101000001000001010000010101000001001101011110010101001110011100
0110000111010011101001101011111010111101011000111011101000100011
1100111011001000001100101101000010010011010000010001110000101010
1100000011100001101010101000000010101101011001100100000011000000
1100011000001001001000000100110000011100110101000000011110011011
1010101111110111000100001111010100010101101011110111010001101101
0100001101001111101011000110011010100101010101001000010011011011
0010111110110010111011000001100001110011010110010101101101100111
0111100000010110010010110000111011110010000001100100010001111010
0100011110101100110000101001110000011110000000001110011010100110
1110011001111010110100111001010001100101001110000010010001100000
0011001101010110000001110110110000011111011101100010000001110000
