0010111010111011010100111011001000100111001001000101001001000011
1001100110010111100001101111010111110010000111111111110100011011
1111010001110111101001110011011101010111001111000100111010000000
0001110110101100010001010001000101000010110000001110000001110011
0111100011010001000000000101111011100000000011101010000110001000
1111101101101001100000000100011011111111011000010000110000100010
0100101011110110111110001010001101101010110110011001100010111010
1110011001111011110111101101100000111111101010101100011100010101
1011010010011100110001010000001100101110111100010001110100001101
1001011110100111111001000001010101001010001010000100010101100000
1100011100001110101000000001000001101101010000001100001110101010
1001110101001101100011000100010011111110101110010010000000111111
1100111000011111111100000000110110000110001111110011001000011001
0010111011010100011111010100110111011101111010111011010110110010
0101100001110000011001111011100010101111011110001001110100111110
1101000001101111011100110101000011110111011100001101111000110111
0100111010100111100000000001000000110111011100111011010100101100
1100011110110000100001101001010111011110001011100001101001111000
0010001111111111111111101011001111000010010111111010011101001100
0001111100110101110010000010001011001101001011100000010000001001
0111111100111111100011000001101010110001101101010111010100100100
0110000010111100100000100100111001010000110110010100101101101101
0000010010110001101100100100000100100010001001100000101010010100
1001001111000001111001010100000010010000110100110000010110000100
0001101111001111110100101011000111111011001000101100111101100100
1010000111010001111000111101111001000010100101111110000111011011
0110011110011100101101011110100011101011010110000001110100110000
0010100000010111000000100000100110000101101011101110111010001010
0101000010000111110001111011111000101100011011011100011101010101
0101110110100010110011111111011100001000101100000101100111001111
1011111001010000001000100010000101101001000001011001010011100111
0011110000000100000101011000111011011101101001101000001110001000
0000011010100100010110101100101100000111000011011011110100110101
1110101111000001100011111000101010101010101001001011110001100010
1101000111100001111010000110110110011001001000011110101000100011
0011011011010010000110100001001010111000101001110001101000011000
0100010011101001110110111010000000000000111010000111011000011111
1111010000000011001001100110000111100010101011011000111011010100
0101010101101101101011111110001000000101101100001010100100110001
1010010011111100101100001110000001001010110011011110100001111111
1001000111100111000001110101111100101011000000110001001101011001
0101001010110100101101101110110011110110001100100110101100111110
1010000010110101100110110111001010100100010110001001101010011010
1100011100010110000111110001100001111101010011000000100010101110
0001001111001110010101110011011011110011000000010111001110110100
1000010101100001101100100000101101000010011011110000100010110001
0000010011000010011011001100011101011010011001110111101000101111
0110000100111101001110101010001101110111101001000101101001000110
0000000010011101010000010111101001011111010110110110001000101100
0110110111110000110011011011011110001100101110101100010001110100
0001010011110001011011111100110111101110011001111000011101110110
1110011100011001111111000001010110111000110001000111011100011100
0011000100011001101001000000000010101100011011111101100001101111
0011010000001010001000100000101000111011011110010001101001101110
1111010110100100101010111100111011011000111000000110111100110101
0111111000110011000100101000110010111110100010111000010001010011
1000011010011110000011001100101110001010111001010111111101111100
0110001101110010010010111010101010110100110001101101001011011011
0100101110010110001010101000000111001100100110011100001100101011
1101010101101111010101000010110100101000011011000110110000111111
0000011001101010001101001100001010100110010000100010101010011000
0111001111000101001100010100011011000010110111011000011100110101
1100101011100011011111111100101011011001111111010101010010010100
1100111001100010000000001111100001110010100100100011111001101010
1000011101010101100011111101001111100100101010110111000010000110
1011001001001101110000101100100000000100101010000100011000010110
1101100001100111001010110101111110101101111100001111110000110101
1011011110010100001010010111000100101000001100101000001001000001
0110000111101001010110011001100010110101010000111101101101010100
1101110011110101111110010110110001000111100011101011111001010110
0001100111100010001111100001100101011001111010010010001010101100
1100100011101111010000100101111010000100100010010111011101111100
0100110010101010010111101011101111110101101101001001101101000010
0100111111110001011011000101000101110010010010010110101000111011
0010101100011100011100000100010000011000111111001111100111110111
1000101010101001010101111110110100100010111111111010100010000100
1101010001010011010110001111001011110101101101100011010111111111
1110110011011010101001011011110011010110101101011000011111011100
1100110001101110001000110110001000100110110110000010110000011101
0110101000001011111001100100100111000011110011001011100010010111
0010010111101000110111010010010000110001110001100010001101011101
0110111110001001011000111010011001001000011111111000011011011101
0110101101010000111100011011100000000101011110000000100000011000
1101101010011000111011101111001000110110010001001001000001010001
0110100101101001100110110010010100010000000010000011010000000111
1001000000101100111001111100101100010110100011010011110111101001
1110110110011100100010100101001111011000001101010100110011000101
0011111100110101110001000010100101010011011101010010000111000001
0100100000010001101000100100001001011000100101010010100110110000
0100101010110111100101111000011111011010111010100001011000111000
