1110001000010011100111001000111001011100011100100110010111011010
0000010001101000010000111111011110000010001110010010101011100001
1100111000111100010101000010001001101110001011100111001010101000
0001000010110110010010100111010111011001010011000001000000011010
0011101100100011010111110110001000110100110111000110011110001001
0000011001100101111110000010011010110010010100000110110100011010
1000001000011000000000000111101001111010101000100001110011111010
0010111010001100110100001011000001101010101100000011011101101101
0001111111000001011010010111100100000000100100000010100001100110
0010010111010000101111011011111100110011101101100111010000011110
1011011010010001100100101000011000001100111111101001100101101001
1001110010001111111000011111000111011111001111011001000010100001
0010100101001000011010001111010000101011101110110111110001001010
0100011110000011010101011100101101111010110001000110111111100000
0100101011011011001001111100111111001000010101010100001010000100
0010110000110101101100010110011100001100011011111001010101000010
1001011101011110100110010110100010001111100001000111001100101010
1011000010000110110001100010011101110110011000101101101001101100
1111011110010110101100000001011111001000110101001110001100110000
0000101110100000101111000001100100111010010011010001011111110000
0101110000000101000011111100110000100010100011001111011001000000
0111110110000101110000001100010100001011001100100101001001000000
1110110111000100001001110101111011110010111011101100111010110100
0100001010010110010000010001110010101111010111111100101111110100
1001100100000001010001010011110111111010010100110110111011101010
1011010110001100110111111001101000011101000100010110111110101000
1111000111110111111010001000111111010010000100001001011111101110
0101011100100000001101100010011001111001111001100001111100000001
0111100111100111010010111100100101100010000000100101001101011110
0111011110110001101001011001010110010100000111111110011100111101
0000001011100100111000010011010000000000001011110111000001001010
0000001000011000111100010101000110101101000100000110100000010010
1110011010010010101001000000110010010010111100111101010111111001
0101111000110101000001000111100010011001000001100100011111110110
1111101100011111000001000010011101101010111000111101000111000001
0010001000100110000011010010001000110010101011000111101000000011
0110010101101011110000100100000011110111001110111111001000001010
1001100000100011100001001101001101001000001010111011100010101011
0000001000010110100000001101111110000010101010101011101000100011
1001001111100011001000111001111100011111100010000110110000111001
1100000101110110100100111010111011011111010101111001100011001111
0100111001010010111110000110101011100011110000100001110111010111
1111011100011001110011010100110111110101000100110100110110110000
1000100111001101000000101000000010011011001100001100101100110010
0001010010101001010000100100011011101001101000111101000010000110
0101011000001001010011011001001101110001101110010011100011101010
1001001111010011011111111001111100010010011001000011111101110111
1111111110001111011111000110010111010000100011100000011110001111
1011100100100100101011101010110001010010010011010110100110011101
0001100101111100010101011101110100011111110000100100001110111100
0001000010111010100100111001100010001101010111000111001011100110
1101100011111101001001101000011011010110010100011110000111010101
1111011000000011111111011010100110011110011000001110010100010100
0101101000000111001001001100101111000011010011011111100000101110
1111001011100000011010011001111001101010001000101001110011101001
0101100100011000000000001011010010000000001110001111001101000001
0110100101101111101000100001100000000100010110000100110110000000
0001010110000111011110110001111111000100110001101001101111110000
0010001110110110010010111000110001111100010110110010001000111110
0100010000111001010111010000111111111101100011010101000001111110
0111100110010010001100001101010011101100100101110100101000100011
1100100111010010111100101010001011010011100000011110100001001111
1000111111011000111101011110001110110011001101010001111100001001
0100100110101001001000011100011111000101010001000010111011110011
0101111001001001000110101101010110011100000001110100100111100111
1110011000000111101000011101101111111101100000111100110011011100
1011010011101111110001001000101001000100000100100101011001010111
0101110110101100000011100000010100101001111000010100100100001100
