1010000100101111010010000101101001010011111101100110110110110100
1110001001100001001111100011000000110011010000000101010110100111
1001001011110001101111101001001110110110010001010000110111001101
1101101000100000001011011001100110000010110000110010111110001011
0010111100110100001001101000110110101000001100110010110001100111
0101010110001101101110010111001111110000110100010000110100010000
1001001100111111001010011101011101011001101111011000001100111001
1001000010111100111111000001100010011100011110100000000001100011
0100001111010101011011110011101000110000001110100011001011100000
1000110000111101011010000100000110000001100011101001001111111101
1000001011001110010111101001110000111010110010101010111011100000
1010000100000100110111101010001101100011101010000111011011001110
1010010111001011000010001011111000100100001101001101100011011110
1000110111110111101001001100001000011111000111000001100100101011
1010110011100000010100111001110000011000000110101100010111000110
1001001111111110011110001111110101110101010010000011010010100100
1001001001001011001010011111000010011111011000000001111000110101
0000101001000101010100000101110110000010111011010010111110111101
0100101010100100010110110110100100101101101110110010000000010111
0111101101011101101110110101101110011011010100110100101110100110
1010011000111101010010100010101110010001011010001011001001100101
1100011100000011000010011011011110000000100010101001111101010000
1111011111011111010111010000001110100111011010001111110001111110
1111101010010010011001111011011110011100010011101010100101101000
1010110100010010001100010101110101001110011001111111101011011100
1001100001000011000110001111011111000101000000001011001100111110
0100010101010100001110000110111101010000101001001100100011011101
1000000110000011001000101111101000100001111001001000011001101001
1000111101011111100110010000110101000101111011101110101000011000
1100000111111001001100011011011110000101110101111110111111111100
0010111110101100111100000010101110101011110001000001101010110101
0101001100110001001010011100100111010110100100110110001110001010
1010010101000110101011101001000001000010101011100010001011001010
0011100000101001101101100000101101001000101110110001100111000001
0111100111101110110011000001110000000101011000000001111010101100
0110110010000001010000001000000000000010011000000110101010011010
1001100101001111000010001101010011011011111000010111100001100011
1000111100100100100001011000100110010001100000101001001100100101
0011000010100101011011001110110000001010101010111100011111001000
0111100011000100000001000011110011010100010101111101001011001110
1010001000101010001100101110000010010000010000110000000100000000
0100000000011010110100010000010110111011001000100010111000101101
0110011100011101000000010001011010100100010011101101000101000110
0110010010010101110111100001100001010000010100110010001101100101
1110000100111110101000010011000001000110100000001111100011110111
0100011011010010001100100011001110110001011011100011111010110010
1101101100111000001011100000001110111110100110010110111010101010
0101110111010100010000000101111010101001101110001100110101111001
0101011100110010100111001010011100100100000010111001111111011100
0000100001011110010001000011011101100111110001110000011011101011
1110011110001011011110101011000110000010011110100100001100110010
1010001111010010010010101111110111111111011010011100100011011001
1011101010111111010001010100110001100110000010111011101111110011
1000110111011111011100010101010010100101110010001011110101010010
1100011101101000000101111100101101000110100010001001001111011111
0111001110100101100001101001110000111010111001101000110100101000
1011100000111010010101001101100100010011011000100010110011001011
0010011000111011111010000010000101100010001010001011100000011100
0001101110010011111101100000011100001101001111001010111011011001
1100111010110111101001100001000110100011000100111100000101110000
0001111010100111011010110010001011101001110100011001111011001000
1101101100101010011101110100111111110111001010101001111010111101
0011000010111011011100000000111010010010011011111100100101110010
1100001101100011000000011100000010001010001110000010111111110001
0111011010010011110000010011000111000010111111010110011111100011
1100101100101101101101000010011010101000001110101101110000010100
1101001110100010001010000000111010101010011100001000011010011011
0101010101110101011011000111011001101101000101010111111010011010
1001101101010110010100110100000001011110100011000100110000011001
1011110111101101011000011001000110011110010001100101111110000111
0111010100010101001111000101010011011110100100001111100000010111
1011110010111011100001011011111111011110001110101001000001011101
1100001010100000110001000010101110001101111111111001110010101011
1100000011111101010001100000010000010100111101111110011010100100
1110001001111000110011010011111101100101010100100101000111000010
1011001011000001000011011001100011010011100100010001110000000100
0001110010100100110010001011100111111010010101111100010100001000
1111110001001000100111000101100011110101010100011000001001100011
0011100011011000011011110111001111000100010100010100111011100110
0110100000011011100001001011101100011001010010001000001010000010
1010011011011101111110100000110110010011010100000011110011010101
0110111100110001001000101101001001000010000011111000111100011111
0110111100101010110101101100100111010010011110001001011011110001
0011100101100011110000001110110010110011110001001000101110001100
0111000110100001000011111110011111010101000110001111000111010100
1110100101000001001010110100000110111011100110000111001000001011
0100100000101000101101100110111001001011101000111101000111001110
0110000010010000011100000010100000000010010111000101110110000001
0001001111000010101101010011011110101001110111110111011100110000
1010010001100110111010000111111011111000011100011110111110100000
0110101001001010010100110100000011011111001001100100001001100100
0101111100010101110001010001010100011101111110110010100111111111
0101110100110100010100110110101001110010101110100111011110001010
1011011111001100101001000110001110110000110100111000000000010000
