0010010011110000010110000101011101101110111001010111101100001011
0010111110101000010100010101001111100010100110100100001011111011
0010100001010011001101001100011000111001011011101100110010100000
1100000000001011111010011110001001110000111000011001000011101101
1111001110101100101110010011100111010100101110111000110000101011
1010011101101000111100111011001110101010011101110001010100001010
0100011111001000011001100100000110100101010101101011101101001001
0000110101001110101110001000111010001010101000110101000111011100
0110101111101111010000101011100011110111110101010111011111001110
0111001011100010001000011111110011111001110100000001100111000001
1111110001000101000000110011011110100101100101000000110101001110
1110101110111010111101110111110100011010100001100000101001110001
0000001111101111000010101010110010001110001011000011000100000000
1110111100001110110010111101000000110100110000110100111111001011
0110100110110101110100111001011101010110100111100101110011001100
1101000110101111001101011100111011000100000100000001100010001000
1100100011110110110001111010111001001001101101010011010001010101
0111100101110110100100010111011100110000101100001111001100110010
1011100110001111000110000101001110101111000010010001000111111101
0010110010101010000101110010110011000110110001011111010101111010
0101011010111101110010101010001011111100100001000110001010110000
1001110001010110101011000111000100001100000111110010010111011001
0111000100010100101100000011010101100100111000110001011000111101
1000010011100110001011100111110110001101111011011111010011011001
0000010001001111100000001001100011010100100111111011100010001010
1110011000111011000011100111010101110011000010001100001100001101
0111011001001000000000011111100011111000000001101001100110001100
0100100101001110100010001100101111000110101111001011001001110010
0010000111111100111000110011110011100110100100001011101010110110
1011011001101001100111001000011111010100000011000110110100100010
0001010100000001010000010100000001111010000010011110011111000010
0100111101001001010110000000010000010001001100010100111001110100
0000100010101011100010001101010010101001000101101110110011111010
0111100101111100110010101010010100111001011000011001110111111100
0111000100011011011000011111101011101111000101000011101001001000
0001001111110100001011001111111000111000000110000011100111110100
0100111111100110010101110101001101101011110111011111111100101011
0110101111100001111010010000111101010010000010100001100000000010
0010001011010111001010010000010111110111111011010101000101001011
0001100000000001110111101110010110010011001001011000010101010100
1101000110100010110100101010100010010100100100010011010100001110
0010010011110100011011000001111011111100010010111100101110000110
1101001000011100001101100101010110100101101010001111001000000101
1100001000101100011110000101010100011000100000111010011111011110
0111011011010001110100001000101101111010010110001001100001010001
1110010111001011001111100100010110101100011101111011110101001100
1000001000110010011101110010001010111000100100110011010000101111
1100101011011101111101111011100011111100110010100000010110101100
