0111111001101000011010101101011010011011110100110010100011000110
1001111011101101001110100100110100111111101001110101101101101101
1000110001101100010011100010111110110111101011010110001110001011
1101000110101110100001010100111111011000010001101001101000110111
1010110011110101110111111111100000111011101011111011100000011101
0110001100110111011111100000000001010111011101001010000011010100
0110111000001100110001111001100000010111111010101100000101111111
0010001011100110011010000001011101000001101100111100100010100100
1001000001110001111101100001010011000100010100100000111111101100
0010110101111110011101011110111010010110001010100100001110111100
1001101111011100001110001010101100110111111100010100001110000111
1100101111100100001001000100100000111111010000110110011000111100
1000110110111001110101110001001001111010101010110000100011101111
1110000101111001111100010010111111101100000000000000110111000110
0010111000010111000000001110111000001001010010110000010100111111
0101110100111100110000011011000110010010010001100111011001101110
0010001011111011010011010100111001000001111101001001001000101000
0011110001011110100000101000000001110101100011110000111001110000
1010001001110101101101000110101011100010000100111111100100100011
0001100000110101101010111111000101010110101101100110000001010010
1110101001110001000010111001101001100011000011010011000000101100
0101111110010001010011100100101011100000000000001001010011101100
1110111010110010100101111100010111000101000101110100010101100000
1011110001110101100010100100111000000010100011111111111011000110
1100011001001000000110111111101010110000110010110000001001111111
0000000111110011100000101001010010101011000010010111001111110011
0101000011011010110000101010111011011011101000011110111111111001
0100011010001000100011100011000110000101011110011010110000111010
1001010100110010100110111101110010001111000011010111110000000111
0110011101110011010001110101101100010011010101110001100011000001
1011001011101101000101001001010000101001011111000011110100010010
1010111111111100110101010011101000011010001011010101011000110001
0110111100110101011111101100111111100111001001110110111011110011
0011000000011001011010111010110111100111011010010101010010100000
0001001001100010101001111000110100111010010011010000011111111111
1000001100111001000111010010001100011101000001010010101100001011
0000000111011000100000001001011110101010010011011010101010111100
0111100100010111110010011011101001100000100111110100000011011101
1111001011111010000010011000001000001101001001001010101100001100
0010011001110000101011110000010110001000001001011110011111001110
0010001111101101100111010110101111110110100101110101101110010010
0011110111100011111101111100000101000010011100110010000100100011
1001000100011000010111111111011101101000111101011001000111110110
1001100110011110100111011010000100110011001110100000110000010101
0010110011000001110101101110101001110101000001110110100001011111
1010101010011011001000111111110100001101001000101010000000101110
0011100000100000110100110100101010100111010111000001111111100000
1111100110000000110100000000001011101101011011111010011110101000
0010000111100110001011110101110110100110100001011001110100001000
1011101100101000111000111011110101000000000110011001101011110010
1010101010001110001110011111110110110110101001110110111101110010
0101010010101110110001011111011010010100000000001101101100011001
0100010110011101001110001001010001000110000000011110110100000011
1111001010100010101010110000010111001101111111001011101100011111
1111000111101111101001001000110100011110100101010011000001000010
0100101111111101011001010110001011001011001101111010100000101100
1010100101010000101101001111011000111010000010011101011011111011
0000000101011001100010011011001000000100101111110110011101000110
1110010000110000110101010010001010100100100100011110111001100000
0100100011100111101110100111001110101010110100101001101001011101
0010101011001101001101000110101000110100100100111100001001001101
0111100110101111010010010001100101011011011001000011101110111110
0110000100111101011000001111001001111011111101010110001000011000
0000011001000001111101100111110101111101110101100101100110111010
0101010000101111100010100001100011101100000010001001001100001110
0110000010000100100101011111001010111111111101000100100110010001
0111010010011011111111000101011101001110100101111010110011111111
1110011111100010111000000110110100110110000110110100101010000100
1010110101001110011110110011011101000011101100010000101000010110
1101010100010010110011110111011000101110000110010000100100011001
0110110000001011110000110101111111110011101101011110011110001001
0110001110001101000000110000010101110000011010011001111010100101
0100010110001111010001100011101111011011011111000101001101011011
0000011110001110010000010010100101101110100101010110011110110110
1110101010100010010010111001110100101010010100011111000010010011
1000000110000001000001101011001100010001111101111110011000111011
0100110100010111010101000000000101011000110100000111110011110011
0011011101111100101011010111010001101111110011101010000010100011
0100110100101000110011110111001100101110100100110100000010000100
1011111110010100001000000111110011001010110001000011101100011101
0101011010011111111010101100100101111100001000101000100011100010
1011100111001100100010111000100101000001010000010011101000010011
0000111110001001111011010001111101001011100000111000111110010001
0011000010100101000010111000100011010000000111101010110000100001
1101100010000110001101111000001000011100001111101111000111011100
1010001110110000011111101010001100110100110011010010101100101101
1001111010010111001010111101001010111011101000010111111001110000
0011101000110110000110000110011010001000111001001010001011000011
1110110110111010110011111011001111100111000101110010010001100001
1100100001011010000011010011101000000010000101111111011010000010
