1111101111000010011001010011001101111100000011001001100011010001
0110011010101110011010010000100001111111001110110001001001011000
0010101000111101000001001110110011011010110010011110000001010101
0010101001011101100100101010111010000100110101010000001011001010
0000000000111110111101000011101110111011001100100101000011101011
1000100110111110101010101001011010001011111010000010010101101111
0101111000010101001000110011101010000000010111111100100110110010
0110010010010011100001001011001111101110001101111000100000001010
1100110100111010000010111010100111011100110000011010001110010111
0100111001101110010110010110000001010000001100101111111000001011
1101000110011100001010000001110000010001111111000100010010000110
0001000101101101001111000000010011100101110101010100001100111000
1101011011001100100110101111000001110111000000111100000001101110
1100010001001011110011010110011100001101010011010011111001011001
1001100011111001101100101110111111011100001001000111110001110101
0011011000111001000110100011111001010111100111010101001011110110
0011011110111110010100000111011110000100001111010001111010100010
1111011100111111011001111101100010000101100110110101111010101100
1110001000011100001000101011101011110110001001111010001001000011
1001101101111001001011100111001011101100010000011001011100011111
0011010001011011100110101101110010100100110011101111010010111111
1100000101111001010001111101100100110111000100111101000001111111
0101111101001111101000101000011011011010000100010011010100010100
1100101100000000001001101010111101011101000001110000100010000010
0100100110101100110010000111001000011010010110101100111101100001
1110001100000101001000111101001101101010001010000001111100100000
0000101100000110001101111011111011101001010100001011111101001011
0011101100000001101001101110110010010000111011000110110011001100
1101000111001000011101111000011010010100001011001001110011010011
0110110010011110000110001001100001101000001101001000010101110001
0011000001000101110100110010010001000010001010100101111010010000
0111100001010010011111101001101101110001111101011101000111101010
0101011000110010110000101101001100011111000011101100110111100111
1001100010111001110100111011000100011010000001010101111100010110
1010000100110000000101111110000110100001000111110010100110000010
0011100110100100101001001000100010011001101110100101001011011101
1111010000101110111111110001101000100010100110110011111000111011
0011011101001011001100110110111100111011000100011100010010011100
0000111010111100101000111101111001110110111101001010010000000000
0000110010111111011000111011110010001100100010000010000110011100
0101000010010001010001111011001011001000101100001101100011010101
1101111001101101011100110001101111110000101000011100100100001001
1110111110001110000000011111100101000110111010000111001111011111
0011011101000000101010010001000000111110001100000111100000100000
1010111011100001101001110001010100110000110111100000111111011001
0100000100000000000010111110011110101001111110011011110101111101
0001101000011111001101111011001001111111000100111101010011010100
0000101010010001110000001101101010111001011011110000111010010100
1011100100001110001111000110110001101001000001111111001100101001
0000110100001011110101011101100101010011010101010010101111100001
1100110011000110110011100010110101110010000111101100101000010100
1010001111001001101000001101010110110110010000010111100011001000
0001100101101001011001011110011000010010110010001010110100101100
1101001100111001010011101100110011011000000010111010100101001011
1000011100101100000001000100011000001010000011000001101001101011
1000011110111101011000110010110000100101111101100001010011001011
1000000110111010100011000001011101100011100110101100110110111000
1111000011110010011110010011001011010010100110110110001101001100
1101000101001100101111011001000001100111110000010010100011100111
0001111000001111001011111100110011011111111000011010110110101001
0000001000110110010010110011100001101001001001011111011101010110
0011000011001011111010000101000011101001100000100111010010011001
1101101011000011101111011101111111011111100001100110011010101111
1001101101101000101011001100010110100110111000011001011110001110
1001100001010011011010001101101010011011001000000100101010001011
0001000001011010111111010101111100010001110111010101000001001110
1101011100010110000100010101010001100010110100001100110010111101
0011100111001110110100111111100011100101000111100000110101110010
1101101100001101010101001110111001011011101000101100100101110000
0001001010100111010001101100001101111110110000011010001000010100
0110111001000000100101111100100000111011101011111010111100100111
1011101001111000111001001010110010001011110110000011010111011011
0010101110101110000101011110101011000111010011110000110000011011
0010111000111011110000111011000111100001100110110001101111011011
1111100001111001110000010110011011010110101110011110000110111100
1010000010110001000000100110111100000101000001001100001110011100
0111100010101010101101010100101000100101000110111011010101110111
1001010100111011100111001000100100111011111110100010100100010010
0001101001010010110111011101111011011101100011101101101001001011
1111101110011001100101011011000111010101010000000110100101001101
1111100010001100011101101111011000010000100001001111010011001101
1110110111110111101100101000111110111111111011000010001100110100
0010010000011110100100011011000100100000111110010011111110001101
0111010001011010001010010100011011011111010101011111111000011011
0001110111000111110110011000000000000010110011010111000100000000
0110000001011100110101011101111001110110001111010100011001101001
1001110011000100100110010111111001111100010100011111110010110010
1111100111010010001010110000000110000000111101000100111100010100
0100010101101101011110011111011110111101100101111000000001101110
0011101110010110001010101011000010110000100000101110001011100101
0010111110010101001101110110111110110100110000010101110000111100
0100000100100100101010011101100110101010111010101110010011000010
1011111100001101000001010011100101110010010100011000000110100101
1110001110101000010110010110001101001011101100010111000110001111
1001000000110110110011000001001110011111100001101000010101011011
1110011000001010000000000011110001011111010000011010100010110101
0000101011111011100000011001110100111111111100011110111100110110
1000110100001101111100010011001100100110010001001010011101111001
0011001100110010111010010001000110000000000010100010000111110000
0010111010110110010101111010111110101110001001000101000101001001
0000101100011100101100111000110001001100100100011111110110000000
1101000010001101111100010111101010010110001100001011101010111110
1010010111010100000100101101001100100010001000101000100100000101
0001010000110111100111010111001101110010001001001110001010011111
1110101001111000101001001010010111000000110110011011011000111101
1111100001110010001011110111101111110010000001001010010100110110
1000011011011101110110000010111111000000100111110110001110111111
0000010110110000101000100000011111000010000110111100011100100101
0111011110110100010010000010100100100100100001110101001100010101
1000111101111010110110110101001111010101000100011100001010011111
0110101011111101010111111110000111000010011111000000111000100010
0000101101100001101010000000111101000000100011011010001001100000
1010101001001010111001101010001000101001111101011001111001010111
1010100101011111010010001001100010100010111110000100101011100111
0010001011100001001101011110100001001111010110010100001111101111
0100001000101000000010111000001010100011010011001111111100111010
1000100110101001000101101110001011010011110001010100110101101100
1000111111011110111011101100000100111101101010101000101001100101
1001101100011100111100011000110010011100110110000110000110110010
0110001110001101001001111000000011110110111111011011011110101110
0001000011000100010010010000110100001100010101010011100011011110
0001110010111111111101001101010011001100100100001100110100010101
0111100110111110110011100001001010001010110100110101011010100010
0100110101100001001100111000011011011111101001100101011110110010
0000011000000011011100011101010100101110010001110001000111000000
0111011000100100001000000011000100000110100111110100000010011001
0010101001011111000101010010010011000110010000011011111111011110
0010111001111101001000111111000100000000000101110110010000111111
1101011011010000000000100110111000000010100101001100111110111001
1011000011110010101000011001100011100010000011011010000111111011
0110011111100100011110011101101010011011001101010101010001000010
1110001101000011010111010100111110010000001100011001010100100000
1001100010111100010010011011010101011011011000101111100011010100
1001000111100000010111010100110000100100100010110011110010101000
0101011101011100001000111011111011111011101110000010000010111101
0110110111010000111011001111011101111110011011000100011011111000
0100100101100111101000111100000010110010011001100101010010010010
1001000110011011001000010111000110100001000110101100000101000111
1111101100010010010010111111110100010000000011011000101111010110
