1111110001011110111011000100100001101101011010110010010011000101
1110110010100010010110100001100011000001010111100001001000100010
0010110100100100000000100001110110101011010011011100001111111000
0001001000111011111111000110010010101110000010001110011111001111
0100001101001010110100110001011001000000111101111000010101110100
0100101010001001001000010110100010100100111011011101011101100011
1001011101100000110101000110111011000010101000011000000111010111
1011101111100000001100000111010011110100010001101110100110001100
1100011111010011000101011100110100111001011110000000010111111011
0111101110000111110000110101000001101001111011000111110101101001
0100100001000111010100010011000010100111010100000111000001000001
1100000111100011100110001011111110100010101110100110111111011000
1001001110011001001001101011101001111111010111101011000100111110
0111010110011010111000111110101110000011010010100101110000001101
0011110011010000101111001010010101111011111101001111000100110001
0110001100101000001110110010000010011110000110010010100111101100
0010100100111110000000011111111001110111011111100101100001110010
0001011110110101101100010111101110110101010011100001110111110101
0100111100011100110110001001110001010110101000110001101111100100
1110111001010110111001000010010111100111111100100111001010101001
0100011001101110001001000100100000000100101000101011111011010011
0011010010001101001111001110101111000111000111000110011101001110
0101100011100111111000001111000001000111001111100010001001111011
1011101011100100001000000101011000110010001001000110111010110010
1110001011100111010001011111111101111100000110000010001011000101
1000111001011101110001101110111100110000110110000011000000000001
1010001111110010010011000101111100110101011100000110000000101111
1000101010001010101010111010011011110011011011000001011101111001
0110001001111111000110011101110001110100100011101110010011010100
0100101101100100100110001101101001000101111100001001111111011010
1101010100011011111011001110101110110010111001110100001101001110
1100000001001111001010010110111001001001111111100000111000111011
0110000101011111011001000001010110010000110100010100101011001111
0100010000110000011000000111110011000100110000011110000010111101
1100101000010011101101101010010101111110101110000110100111010101
0110110110111110001101101110101000110100111000100110000110011110
0000101111000111011000001011001100111001001011011111001010101001
0101110100010011001001010100000111011010110000000001011100101111
0010111001011011110100100100001010100011101110100001011101001110
0110010000101001001111011111110001000111111011010001010010010111
1101110000010001010001111100001000111110001101110011010010111100
0011100100011101101010111111000111111100011110010101101000000101
0110011100010011000001100011101000011000111000000001111011101000
1010101010011100101010100101001011100111000100110100101111101100
0101000111110111100010111111100101010001111010000011011010010011
0011111000000100101101111011100001010000111001000000111100011000
0100100011010001000001100111101110000100101010011001011111001100
0110010101111010000101010110000101101100100010011100110100110001
0010010110000011101000010010010001110101100100101111110001101110
1001101011001010101101101011110111010111000111111011100100111010
0011011010101110101011011111100010110000101100010110100110110100
0001101010101001101001001110101001110000001110000000010101010100
0110000001101110100000111000111110010010111010011001000101010010
0011111010100001011101100100101101100101101111001000111111110000
0010110101110100101000100111010100110000000000110110110011001101
1101100000010111111110011111011100000101010011100011010100010001
0101000110001001100011110110111100001101011100111000010001111100
0001010011100010001011010000101111001101001000010101011010001001
0011001100101101100100110000011111011100010010010111000001111111
1110010001001010101101001000010010100010001100010100010101110011
1111100110100011001001001001010110011101001101100111010111101100
0011001001111001010101001111011010001001000011111111100110101110
1000000100010010001111110100010111010001111101110110101011011110
1110101010101100000101110110101010000111010111100010101111011101
1000001001000000101011111100000100011001111000010011101101000001
1110010100011010010101011000011000100100001000101010111001000001
1110101001111011000001000000100010100000101000011011111110010110
1101010001001101110001011011111000110110111010010110100101110010
0010011001010110011010001010001101110000001110001010001001000011
0000010101011101010100000110101110000101000000000001011010001101
0001011000111001100011110000000001111001001000110100101110000001
1101011110110100000000000011100100011100010010100011011000100000
1100100110110100001111001101111000110111110000000110110111111111
1111110111110010111110101110011001011111010101111000110100001111
1001001000100110010100000110101110001010010011011101100111011000
1000000011011011110000111011101010001000000101110100001001001011
0100000100001101000100100011010100011111001100111001100101011111
0001110010110000001110001011000111110100100110000101111110100100
1011001001001100001011100011000000010111000001110100101110111010
1100101110000101101100001000011010110101010000010001111001001101
1001111000000001001101100010000101111100011101010001010010110110
0011001110000110110001001101011110101001110010010110100111000111
0100010000001011000001111111000101010010110011001001001011011000
0100010111110110010110011110011101100010110001100000011111101001
1011011011000010111011010001111011001101000100010000001001000000
0010001001010001100001001110100010101101001010000001110111011010
0011110111010101100000101111111000110111111110011010010100100101
1101110011000001100000010100111101111000111101001001100010010101
0100011000110011111001000010000100100011010110010100000000110010
1011100101101101100111111010101001101000000111010011111000011000
0001101000110010110010101010100001010011001111100110110000000101
1000001011001001000111100011000011001001111001101001000111100011
0011100110000010101110101001111001111011000000110000001101111110
1110000001101111001101101000101000100010001011111101110110111000
1101110000111001011111101110111001100010111111111111010101011101
0011010101101001100010011101110101110111001111000001001101001011
1000111000111011001010100010101010011101111110011001111111110110
1011001010101111100010001010000111010010011110001111111010010101
1011101010000011011011011000010001000110111110011110111111010100
1111111111101101010100001100000001010001010011111011110011000110
0111010010010111100101111001000100010001101011101010100101010010
0011101111110000100000101001001011010101101111101000100011110000
0111001001101000010100111001011010101100111000000000101101010111
1110101111111000010100001100110111001101011011111010000100000110
0111001110101010000111100110101010110100101101011100110010110010
1110101110100111001111110010101110111000001000000110000101111000
1100111011000101111001101101000110000101010010000000110000011111
0100000100110011111010000000100010101111100101111111010011101111
1101000011100011011101000100110001101011110100001010001110011000
1100001110100100110010110000001110000110110100000010000000110110
1110010000001100100111101111101010100111111110110000011100001010
1110011110111110011011101101110111111011011001001100100101100001
1011110011101110001011010100110110100001110000010001111000010100
0000110000011111101101010000111000110001000100011001000111101111
1101001101101001101000111110011000010010010110010111001001100110
1010000011101001001100011101011010111100110111111111000011000000
0110100011100000000010011000101110011100011010000000100101010010
1100001111000000101000101011000000100101010010111110011101100011
0011010111010100100111110110010010011100110100111011101001110111
0101000001000100101101110100111001010110010100001101000100011100
0111100010110101000111001001001110011100100010100001101010001010
0101100001111101111011010011000010011110011100100111100001000011
1010110111011100011111101011111110010110111011110010111100001111
0010010011110110011101100101111110000000101011011100111110010100
0011101110000001001010101000001000010111111100010110111000001000
