0111001000011100100100110001100010101111011110111100111111010010
0101000110100111010001001101010000000110110110011011000000100000
0000000111011011001101111011010001001100110100010000010111001100
1000000111001110101011110101010101100001101000110010001011111110
1010111100010011000101000111100000111111011000100011101010110011
1000010011100000010000100010000010010100011101100000010110001011
0000101110000100111000011011100011011110100110010011001111110100
1110011100010101110110010011110011111011111001000000101101100011
1101010010011111000011100111101100101111110000010001001010011010
1100011000001110010010010111000011000111110100000110011011001010
1001110000101100111100011111001100011101100101001100011010101100
1010000010111001001010001100001110100011011110011000011101111110
0000000111000101000101011011111110010101010110000011111010100110
0110101100101011001111010111011111111001100010101110001101011101
1100101000001111100010011001110100101110110100010001110000000011
0101110111011010100011111001101000110100100010110010101000011010
0010001111101011101100101001001101101000110001100110100101011001
1111100110011000000100101001100000100100111010000010010001010111
0000101110001100000111101010100111100011101001111010000100101011
0110000101001000011000100100100001001001000011101000000010011110
0111101110100101011001011101101001100001101101100001001111010001
0111111110101010111111111110111010010110010000010101011011001000
0101101110011110011100000101101100101011111111010110111011111110
0100110101000011101011000101000000001000011111011001001111001100
1001011001111000011001001010011000001001000100001011011011011000
1011000101010101101111110111101110101101100001100101101011110110
1110011100001101000111011111010110111111010101101110010000011011
1110111001100000100010100100001001011011001001100100111101011001
0101011010010011001111001100100001110101001011111111111100000111
1001111011010111111101101011101000101110111111100110110100100010
1000000110111101100111100101101111010011011111101010111010011011
1000111011011011100011100111001100110101010100000101110001010111
1110100101101111001101011011100011010100010010011110000110000011
0100100111010100110000011010111011100001100011100011010100000111
0110101001000100110010100111101001100111000011000011101101101110
1110011000110100010000000100100000110011010000100000100001000010
0001001110010111110010111100011010110110001001100001101011011100
1100010111001111111110010011001111001110110010001011010110100110
0111010010001111110101100000000101001111001101111011110111111011
1111011010111100111001001001011010101100000110110001001011001001
0001101011111010010010101111111010000111100011100011011001110111
0001001011001000000010011100110010100001110011011001101101100000
0100110101111110111101000111010010100111100101011011001110000000
0110101110110011011000101111100101010110100111110011000111000000
1000101011010001100101110110101110000101110111111010101011110010
1000100110101010100110011110111101010001010011110110011100111111
1010100010100000110001011110100011011010001100001111000101000000
1111111011111010000111000010000100110100011110010111001001001011
1010011100001111100111001110001110011111111011110101011000111111
0101011111101101101101011101000000011100110110011001100001100100
0011000000001111001011000010000101010111011101000000100111111100
0110011000010101001000100000101111110001101110000010101101101100
1111001101100111111101111100101000110000101111101111100100101011
1011110101000010111001001100101001100000000010011000000000011101
0111001110101000110010111101001101011100011011000111010011010110
1010100101001110111000101010010110110100100011000011111111111111
0000110000011111110001111100000111011011111101100011001110100111
0111110010011111110000001111001111110001100110100110110100111011
0001110010100100101010100011010111101001110011110101000100110000
0110000001001011100111000111100111010100000001010110011001000011
0010100111111010101001110101110010000001110011001001110011001100
0100100001100000010100110010001000011011100110011110001100001010
1100011010111000010100000001001010111111011110000100000010100011
1010110100110010000000001111111000100100110100111000011000010100
1011110011000010101100001100100110011101000100001000110111011010
0100011011110000100100111000001010111100000010000101011011100011
1011010111000001101010000001010101001101000110111101000011010101
1011000110010001001111101000100010100011111011010001010001101001
0100100101101100000110100101111010010111100111110001101111111001
0111110110100011001000011111010011101011100011010110010010101010
1100110010110011010101111011000100001011111010100010001000111110
0000111010000001110101000110000000101010011111100111011001011001
0101101101001001011001010101000001111001100011101001000001101010
1001100000010010000100001111010011001000001110111110010110010000
0100010100011011001100000110001011000110101010000110110110001101
1111000111100011100010110010110101111000101011001011011010111000
0111100101011001001001110100100100100010110101001101000011100100
0100010111011001111101100011011001001111101011010011001011111010
1100110100001110000011111000000100111110000110101001100011111100
0100001110100110010110001010111110000010111010011011100001000101
0110110110101101101110110111000011101101111001010101111000100001
1001110100011010011000010001000011000001010101011110111110001101
0001001100010000100000010011010111010110111010101000000101000001
1010011001010010111110100010100101010101110100000110100011001000
1101111111010001010100110111010100010001010111010110010110001000
1100111110101101100000100111100110101011010100101011000111100100
0011100000100101101110011101011000011100100001100101101111111001
0110101110111111010000111000000111011010011110001100100100111010
0001111010111001001101011011111000001001111111010110011110010001
1001001100111110111100101010111100100010101110111001110001100100
1111010011101011010101010001110101111101000011001111000010010111
0101010100011110101101011110000001111001001110111000111101101111
1101100001110101010101011101101110100011100100010111001111000111
0111011010110011101001110111110001001000001101110101011000101011
0000101010110101110100001011010101110010100110111011011000101111
0010110100000010011101101011001110110110101001110010000011110000
0110110000111010011000010000001111011010000111100011010001011000
0001001011010010100011101111100001101000001000101000001100011000
0000000111110111100111011011110010010110001110011100100110100101
0010001111111011110001111011110110111000110110110100000100001000
1111001000011011000000000110001011000101100110010110011010100101
1010010010010000011011101110010000111011000011100111011011110001
0110101111111101110001101100111101100000011001000110111011010100
1010010000110010011100111100111110000000010110011111111111000100
1111000111110110001000111101001110110001110001001100100000111110
1100010000101110111101110100110111111001010101001011001001111110
0010000000000001011110110110111010001010001010010011000001010011
