1001110101101111000000000111001010111011111101100100010100011001
1010111110001111101100111110100110100101001110111101101010111101
1010010010010110101011100100010001010110011110111001110000000111
1100100001001110101000010010100101100001010000111000101100010111
0001111111011001000101100010010100111111001010011100101011101001
0001100010001110000010011101100000000110111000101001011000010100
0000111101001100010100100100111000110100000101101010000111001001
0111101010110010010000000110000001100001000101111010011010000001
1110011001011000001001010101100010100100010110111111000010110011
0010100111001011101101011000100100001100010100100100001100101100
0101011011111001101111101101010110100111111000001100000011100000
0000000111011011001110100101100000110101000110110000110000100000
1011100000101001100101001100101000011100110110001000011100110000
1101011101011010011010111001011000011011010000001010010000100000
0111000011010111110110010101100011111100011100110010110100100100
1111100100101100000000111111000001001001001111111110001011111010
0111001010111110100010111000100111001010000100101111011110101011
0011100100011011000001011101010000010011010010000011001101111101
0111011001110011000110010110101101110101011110111010101000011000
0100000101010010000101011101010001101001111000000001010110010101
0101001000111111110000000100110000101010000110001000011100100010
1110110000101101000110010101010010101011000110101000011010010111
1011100101010001111011010001011001101001110111100010100100100011
1001010011001000001110011100101111111100111111101001001101111010
0100000010011001011000101000111100100111000010010101001000101000
1000111010001100000101101101111100001010110011001011001011000101
0110001100000010010100010100101011101000101110011111011011001010
0111101000110010111011000100101100100111001101011000000110100010
0100110110110000101011110010010100011011110111000011111111110101
0100100010100101011110100100000001111100011101110011100001001011
1001100010111110010001010000011001111001110101010000001011111011
1001101100101001001110110100110000010100010010101100000101001001
0001010000011101010101100001110111010001101000010001110111111010
0000100100111101100101110111101001101100101111011000100010000010
0001010001101110010001101010010010100110011011011110110101111011
0110101011011101100110011011010101001101111011010101000011001000
1000110100000110001011011101011110110001011100001001010010100001
0110001100011000110100001000111000001111011100101001001010000010
0011011001110000001010111110010000001111001010000111001011111010
1111110101100001100011010100010111010100001000111000011011001011
1000000100000010100001111100100010011010000000110111101000011111
0100111000000011100000101000001101111101001101011000001111010011
0110111101101110111000100110011111101011011011010100111011111111
1011001000011011110100111111010101111100110001110110110110001001
1011111011110010001111000111011001010001110111101011101111000001
1100000111010110010000111000101010111111011110101010010100101010
0011101101100100000010011110100110001100110101010100011110010111
0110111111010000001010010011110001010001011001001100100110100111
1001011110110111100001100100000011111010101100000110111100001001
1111100101110011011111011011010111010000101111000011001111110100
1110100111110111010011100101110001100001001010100101110000110000
1110000110011100100001011011101101100000011100100111111101100011
1110000110000001110011111011101110000001111000000001001110011000
0111100010101110000010100001011001000010001100011000001101111001
0011000000101110001111101001011011010110000111101101010010110111
0000010001010000001010111010011011111010110111111011110001101110
0001100101010011010111010101000100001011000111010110110001010101
0100101001001000001100111000010100010010110011001100110011000101
0100000101000010101001011000011101110110101101011011110011001000
0010010001001000110100000111010111111100010100110001011011101000
1111100010010010001111001010010001111001110001000101011101010011
0001101010001011101111001001001000111111110100100100001100001011
1101101011100000010010110010001100111111111011000110001100110100
0001000011101111000010111111010111011010100111110000101011011001
1001100111010101101011110111001001010100011010011111011010101001
1111011010010110011000110111000101001000000110010110010111100001
0100001010011011000100110111010111111111110111101110011011001111
0010011000011001001010001110100010111000111011001100000000011011
1001111010101111100100000110101011001100011111101000000010111101
1110000011000101010111001111010000001101001001101011010100001001
1001011111001111001000100100100110000101000100000101111011101100
0001101000010111100100001101011111100011011100011000000000010000
0001110100010110110110110111000000011111011101001001110001000110
1011111110001110000000010100000000010100111011111101010000100010
1110011111011111111100101101100110010000110011110100101111010110
0001100011110100011011011111111010010111010110001011001111100011
0101101011100001100010111100001011001100011110111110101001101110
0010000010111100011001100100101010010010101011111111101011101101
0001011011000001100001111000100101110101001011101110001011011000
1000111110100011000110011011110011010110011001110101100100000111
1111011011111001111101111010010110001001111001100000101000001111
1010110111001001010010011010000001001110010010010101111011000011
1100001100001010111100001001010001011001100011000111101111011011
0000010010011110111101111111111001101010110111011010111000111111
