0110110010010110010010100001111101011110100011101101110011110001
0101001000000100101100000101011011000000101001001011001111010001
0101100100110011000000010001100001011110101111010110011101011010
0110000001101101111101111100000000111100101010000101101010010100
1101101100000010110101111010000110111111110000111111010000010111
0010011111100010100000010001001010101110010000001100101100010000
1000111100001100000100010101010010000110010001001111100010111001
0110000110001011101010111001011101101001000101001100111100001010
1101001100110010010011011100010101010111011110101101001100100111
1111100001100101111101111010010110011111110010100111011111000100
0010010010001000000000100001111011110010000101111001000101010011
0010111101010011111000001101100100001101000001100111000111011001
1011100110000001001011111010110100001010001011110010001010011001
1010111100100111110011110100010011110000000011000111000110101011
1100000010100101100010101010000110000000101101110100111100110010
0011010100010101111100000110100000011101001110010001110100101010
1010101001101000101100010011001001001011111000000111000101101010
1010001010101110001101001110010101001011110101110011101101111000
0101110101011000011111010111001101000011010100010011000001010010
0011001110000010001010010010100110011101010011101010011100010011
0110010000101010010110100011000110100000111000011000101110010000
1000101100000110100010110100011110111011100101011001110101100101
0111000010011101010001111011000111011000101001111101100101010010
0111011000010101010111000011010100011100000000101110010111010101
0110100010010011001001100000011110001001010111111101111111010001
0110111100110110011001101101111101100011111101110100001000111010
1011111110011111101010110011001110111111011100010000011111010000
0010000000000111001101110010001010111011111111110110110001001101
0010100010000001001101001110000110110110000101101011100100101101
0011000010010110110110010110101100111110100101000000010101110010
0100000100001011000110100001100101101111110100011011110110000010
0011110110010000110001000101000101111101011110001010000110000011
0101010001000101010001000001000110001110000110000011100001100111
1100110101000100100001101010101001001000001100110100101000110001
0101100001110101001111001010001010000010110100010000011001111001
0110100001001111111001001100111110110011110100100011001100110101
0110011110010110000111001111101101000000100100100001001010001110
0011111110101011100100101100011011101101011001111010001010010000
1000011110011011010100111111111000110001010101100110100000111000
1001001001111001110001111011101111010101001100101101010001100011
1011000101010101100000001000011100110111110111101000011000000110
0000101011100110001011010001100111010111011010111001111100000000
0011001100000010100100111100100111100100000010100011001010101010
0010001100101101110011110001111100001100110110100111001111111000
0001011111011101100110011111010111101100110011101110111000100111
0111101111101111101000101011001101000111110101011011001101101100
1001100010000110010100100111111011101010011100100010001011011010
1100110010001000010100011111000101111010010011111001100111010001
0011110010101011111010110010110001111111101000000010011100101110
1000110100100001000001010010001001000101100101111101100111000101
1001001100000101001101100011011000011110100100011101101101111101
0100111100010111001100110011100001011001111010110110110010100110
0010010101010001101110000000110101111111110001011010100011011000
1101000111101100111110100010100110010001111100100000110110100111
0011011000010001111001010100111100111001010101101100011101010100
1100010100010010010001100000010000110101001011010110000100100011
1110110101110111001000111001000110100110010100011000111111101010
0100101001000110100010000011000110110111111000111000010101111111
0010010110000100111110011101100110001010011111111110101110100000
1000001010001011100111111011010010000001111101100100111001011010
1110101111100100010101110000111101010011011110110001000011101100
0001011010110111000111110011011111000111001011000011110111101010
1011101001100011101110001000010101000011011011100101100110001110
1011110100001001011110010111100101100101000011111000000100100100
1111010110010101001011011010100011000111101001100011000111101111
0001100111110110010000001010000011101111101111111110000010101010
0010010111100100101111000110111010110110000101100010111000010001
0101100011111100101010010010000001100010001101111010010011111001
1101101100000000000000101100110011010010010111011100010010010101
0101110000101111110101101010000101100011001000111011111010111111
1000010000110111100000011111111000101011110111011100001000001110
0011100110011101100000010010110001110100111011000101101110000011
1110001010011010011000001010111110000001010000101000000000001110
1101000011101001010100011011101101010100001011001010001011111000
0110110010011010011000110110011101000001100000100000011000011011
1110011100001000001011010001101110111110100010101010001111110010
0010000010001000000100100101001001000010000101000001001100001010
0010010011110011100111011101010011010101010100001011011010100000
1111101001111101101010100101000010001111001101101011100000000011
0100110101010100101100101000110110100111110010110100010011011111
1101011100000110011010001000110011000110111101010110010001111111
0000111001001100010011111011100010010010100110001111110111001110
1111110010000001010001101110111110000110110101110011000010000101
0110011011010101001101011001100011011001011111100000000011100001
0001100010111000101010111110101000100011001111111000000000011001
0101101000010100010000000101001011001011100111001110111100111101
0101100011010101010001110001001001001001010101010000011111101001
0001110010011010001000110000011101110100100011100110011000111111
1011111010000100111001000011100110100110111111101001000010101100
1010001001000010111100011111110000111010011101000110010000001010
1101001111110100000100101011110111101111110000111111100110110110
0100010110000000010000001111011110010011010101010111101010001100
0101010011101101110000101001010100010011100000001101100000010101
1100110111010100010101011100000000000111111011010100110000110000
0000100100010100001101110001010011111001101001000101111011001111
0111111001011011010111101001110101011011010111011111101100101011
1010011100001101011011101100100001101100001011010101101100101010
0010001001001111011000001100011110000100101110100101100101001100
