1011101111101001000110010011010101011010110000110000111000000000
1111110011010111011101010101101101001111100000001110001100101001
1110101111011010101110011101010110110000100011010001100111111100
0011000101111001110011011110001011110111100010111100000010001000
1011101100011111100101100010011011111110000001100110011000101011
0011001000001101010000000000111101111110111010011100111100010111
0011011011110110100011001010101100000101110001100101001000000101
0000011001011111001110010001011001110100100110001000001100001101
1101100110110100010101101100101010011110100100101100001000000100
0000001010011101000000111000010110010001010101000000010011000100
0010101100101010000000110100010101001111110100100110000001001100
1100111110100110101110111000010010111110101011011010110001011100
0110101011110111110110101111001000110111010001111111010110011010
0101011110110101101010111001101110110010101100010010100011010110
1101110000111000101111011010010011110011100001110000010110101101
1110111101111000111001001111011011100110110011110000100000100011
1001110011110110001001111100010011100000111100001010101001000101
1101111101010101011111001100010010011100011110011111010001101011
0001010110101010101111011000111010010010011101011110111000100100
0000111000011000111000100010001101011110100111111111000001111100
1011010111111111110110010011101100100100010011111111000111010011
1010101111110001011100100011000111000101101110000011000011110110
1110111000110010010100011010000111111111111101111000010110011010
0100110000001010001110001011010111010000101010011011111011000111
0101010110011000000010110000101111011101101000100011110010110110
0001100011110001110001101111110101111110100100100010010111001100
0110011100010011011101111001110011101101111100101010101110001010
1010010101011001011101100110101100010100111011100101001110010110
1010010100101101101110011101110011001011110010111010010000000000
1101101110001010010110110110001000101011101101001001100101110010
1001111010110111101010111100001001100001101101010111010101011001
1110010001110100111001011110101011111111011100111101110110100001
1010111000001000101010101001001101100001011001000111110101110101
1011100111101111101110110100011111010000011101001011100100111010
1000001101111110010000000111100100001001110001101101010010100000
0100010010001101001111100011111010111101111000001111111101000001
0000011011011011101010100000000001010100010100010111011111000110
1010101000001000000110001101000111111101100010100111100010011111
0111000001000101011011100101001010101100000100001011110110100110
0110110111101111000110010011000010010011000111110010011111110101
0010010010000101000011101100101101000011111111111110100011000000
