0001101011001000000111001001011010101101111101011010001111001111
1001110010101011110010000101101001001010111101100001010101010001
1000010101100000110110011111110011110001011001101011001101010110
0110101000010111011100011000110111110001111100011110111110001110
0000010010010101110001000000111001100010100011111001101101101110
0100110111011111101010101010010110011100001110000100010010000011
1000000111010110001111111010111111010011001111001000010010100010
1101010010000001101110001000111111011000110000000001100000011001
0011101000011100101100000100101111100100110010101110000010100100
0001001100111011110101111110100100001000011110000000111010001111
0101010000001100000101111100101001110001100101101111001110010000
1111011011000110101001110100111011111110110010001011100111011010
0111101010001001001110011001000110011011100001100011100110101101
0010000010100010110001100101100001001110000001101111111010000100
1000010001111011110110100011101000100001001111010100010010111011
1110011111100011111011001110011010001100111110001010111111011110
1111101100111111000000101011110011100101001000100011100001110001
1010110100001110011111110001001001001010010110101101101110111110
1010101111110100011011000100000100010000111110001101101000111000
0110011010111001010011001000111100010010101001110010101111111110
0100011011111111001101111011101011000111100111011110010101110001
1100010100110101100111101101000110101001110010100111101110011010
1000101101100000100101110110001110100111011010110010001101011001
1000000001100010111111011000001100101110111110000010101011000111
1111101011101110001111110010010011000010100000010010100000110010
1110101011100000110110001011000001010111110010111110111101101110
0001101001101010110001011101001011110011110101010110110010101011
1100000000110110111110000000001111000010010100100011001100111010
1000101000000011000110000011110101010111011100000100010101101010
1111011111100111111010011011011000111010100101110010100111010000
0010101111001101011100111110100010100101100001111000011101010110
1101111101001100111101101111111010010001000001011011100011100001
0011000010010111110110100010100011110001010101101001110101100100
1000100111110011000110011110100101011011100101100101011010000000
0111001011110010010111000000011111111011111101010100100100011111
0110011111110010001001100000100011010000000110010000111100101110
1100100011100010101000111011110011010111001110110011110110100001
1001101000000100100110100111001001110011000111101010010000010001
1010111100011001010110100011100111000001100011111001101011001101
1011101100000010111001001110110100001000101111101001101110011010
1001100101001111001100111111100110110010101001011000100111110100
0011000011001001000101101011011111110010000001000010010010101011
1110100111001011100000001101111010010100000000001111000111100001
1011011000110111001010100101000001010010110111000101000110001001
1010011011010000100101011110001101011010011100100000001101101000
1010100001000000110001100110110011001011010010101000110101001110
1111000001101111100111111000110100101011111011000110000011010001
0001010011111011010101101100010100001101100001101111111110101100
0001111110001000110111111111101000110110100010011001011000010011
0000101100010000111101110110101101001011111100010000010101111001
0100100001000100000100010110101111111000110000100100011111000110
1101001111000000011011110111010010010011110100111001000011001000
1010010101010101110100011101110101101110111010100000010110101011
1111110111010101101011100010101100111100110111011011110001101111
0001011110110011001000110111110111001111110010000100110110011111
1100010101101110101000111111111100011101100100001010011110111000
1110001000000110000011100001111111000010011011001010010011111000
1101111110010110000000001100000001001001111110111001011010010101
1111010111001101010110010001111010100100001010111111001100000001
1000111111000101011111101000010010111011011100111001010000000110
1000100000100110101110100110000000111001011000000110000101010011
1110001011111111001001101011111001110000000011011111001111111010
0101101001001110001010001000000010001110110000011101101111101100
0011010000001110011110110010111010000100100000011101001000100111
0110101001001101011001000100000111111101100000111010111001010110
0110001100110000001101110100011110011001101000101000001011100011
0111111100100011011111000111101110010100011100100011101000010101
1001010101000011101111100111111100010110000011100011001101111110
1100101000011101011101100110001000011001101111101111100001000001
1000010011101111001000001010001110111110101010100101101110010010
1010010101011001110110000100111001001101011111101011101000001000
1111111100100000000101110101101100100111010110010111010101101100
0011111111000111010110000011000100010110000001011100010011101001
0100001010000010010111101110001000100111011011011101011000001000
1010110011011110011110001110111011111110011111101001101011000100
0110000011010111001011011011110010111001000000011001101110100000
1000000111001111110100010100100011101110000101100100110010000100
1100110101001010000001011010011100100000010010011001110101010101
1001111000000110010011011110100010110100101111001101010010111111
0100101100000011000000011010010011100100111000110100101100111011
0010001000010001000110101111011011000001001000000111111100000011
1111010001000110001101000110001100010010101001011010110010110000
1100000110000111101010000111001001101100001110010000000011001101
0100110101111101111110010011010110111001000000100001011011001100
0010101110100111101010110000111101001001011111100000101010010110
0010100000110101111110010111110101110101110110010011010011100000
0010011101100011111101001001011001101001110111110001011101000100
0001001010100000100111101010000010001000101010111001100010100111
1110110111001111111011001100011001111101101101101001011101111011
1001011101100110101101110001101010011000011111101110110111011001
1101110110011101100101011010001000100011100101110010010101100000
1000101010110101111000100110111110101000110011000010111101110001
1000110000100001111000100011010010011011011110111101110110101100
1011011010110011010110011110001000011001100011111111111000101101
0100011111010011001001110111111000111100001001011110010101011110
1101001000011000111110000001010010111010110111010001001101111100
0000011100011010100010100000111001001010011110100111010011101111
0110011100000101000110011111100100001110001110110011110110101110
1101001000110011101110010111111110111000011100110101110001010101
0110100110100011100110100111100011101010111101000110101111000101
0100110011100111111110111111000001010111110110111010111101101110
1111001101111101001000111000110000100001011100000111010011001011
1101100011110101011101101001010100110100110000001001100001110110
1011100010111100011000110010101001100101111101010100100110100100
1000000001101010100001011011000001110000101101111011001001001101
0110011110001110111100111011110000111000001111100011011011100110
0010000000100001000100000011010100111111001101000111010110001111
0111100111111100101000100111011111000100101011010100111010000001
0010110010101001100110011101111100100000111001001110010100111100
1000011100110010101101001110010111110000001110110010110000000100
0101010100110001010000001010000011101101100001110000010111101101
0001111101100000011101100100101010100100111110011101110000111110
0111110110100110011110111100101010110011111010010100100000111111
0011001010001110001100000001011111001001001010011001101110001100
1010111000010001101100100000101101001010110011110011110111101000
0001000010111010011011001000100001011110110110100110111101001110
1011100111001100100000010100101001011110111111100100010100001111
1111011000010001111111001111010100000100001000100001110001001100
