1001111101001011010010100010001001110100011010110111000011100110
1001010011000111101000000100010101101001101110110111110110110101
0110000101110101101111010010001010110001010011101111110110101011
1111000001000100101010100010011001101100001110001011001100111101
0010111000101000010011011111000010000111110101000100110000001110
0000001100010001101111100100111100110010101110100011101001001001
1000101001100111010000000001101001110110011100010100001011110100
0100011001001110001010100010100101110001011101010110010101101001
0100010111000110101111000101100011000101101111110000011011101110
0110011010000011110001010001110110010001100110101100110100100010
0011010111010000010010000001011110101100100100010110111011111100
0100101110100111110000101000000101100011010100110110010011100100
1010010010001000110111001100000100010110001011100110100110001111
0101011001101011010010011110011011110110000011010011101100000111
0000100001000001110101101001110010001101011011001011101111100000
1100101001101001111101000001000101110011100111100000011001011111
0001110100011001010011011010011111000101000100110111000100101010
1011001111000110111100101001010100011100111100111100110010001110
1000101001101100010110000010110101110001010100000110111101001101
1110100110011111001011110111001010101011101110000000001111010011
1011000011010111110001001010000001110101010011001100110001110110
1111100001101100111111111100101000011000000011100100100100100010
1100010001100111001000011101111110010100111110110000010011101010
0001001111000111100111100110011111111110000010110010010001001110
0001110100000010000101010010010110001110011100111111001000100001
1111101111000101110101010001110111111011000011010000111101101011
0101000110111100011001010100000001110010101010101010110100010101
1101101100101001010000111110100110111110100011001111011010101101
0101000110011010000010100000101001110110011110100101001101011111
0111110011110100001111001011001011100001000110010100001010101000
0011001010100001001100010101000011010100001010011110111011111001
0111100110100001000111000011111011011001101110110100110011011001
1010000011000010110111111000101011000000110111101011100100011101
1001100110011101011101011101100110101001111011001110001100001001
1000011000111100100000000001011000011100001000010000101110011101
0101101010101000001110011110101101011001000100101000011001000001
0111101010100011001110100100010100101000110101110100110000110101
1001001110011110010100100101011101110101110100110000001110010001
1100101010101100101110011100011000010000101111110110100000100000
1110111110000001001000100110111111110011010111111111110011000010
1101000010000001101110010010101100100101011011001101000110110110
0010100010110000111010110011011010001100110110000000010000111111
1111101011110101100101011001011111111111110011000100100111101111
1000001110001000100011111000010100010100100000011010001001001001
0010111010101010110101001100001101111001011001101110011011001000
1100111100110111001000000110101101011101000011111011101110101001
1101110110000001001100001011001010000011111011011100111001001110
0110011000000001101011111100011101111000010101101001100110010100
1111101111110001000011101101011001001100010001101010001100001001
1101000100101010101000101011101001110000110111011010101010000101
0011010111010111000100011101111010001011011110111111000010011001
0000011111101000110111111011100000010111011100111011010111100010
0000011111111001010111010010010001000101000101000100100110001100
0001011010010100010111111101000011000010111101110001101001001100
