0100111011100101011010011110000111110110001000111100011001100100
0111111101100010100010111001001101011100100000000111011010001110
1001110010011110101000001001110100111011001101010010111110001100
0010111101011010001100011111101011100111101001101111010001011000
1110111011001110011111101000000001101010011000000111000001101010
1010000101100011101111111111000100111001001101100000010000010010
0111011010110000101010001110001110111001001011011001001101110011
0000000010001111010110110001001111110111010001001000000000101100
0001111011100000110011011111000101110000011100001001010111011001
0011010100000100000110110000111110111001100001111010100011011100
0010011110111101111000100011011101000010011100110000010101001100
1011100000011010000110011111101100100111001000001011101111100011
0110011010101100111110100001010111010101011001000101100000011011
0000110011111001100000000011100110110101011011010011100011010101
1010011001000110110001001010101100001100010001011100111110010010
1011011010111001111010011011001111010001000011101011101100011010
0100110100100100000000110111101010101000011110010111000110101111
0001011010010101100110111001001101110111000010000110100111001010
0000101100001001111101101011111110100000000111011001010111010000
0010001111101110011010101001100001000001000011000010100110101101
1101000001010110001001101001111010010101000000011101110001010100
1100001010101001010010111011010111100001001110111111100001110101
0001101000010111010010010011000100100001101000100010011010000111
1001100111000110110101100000001000101011100011011000000011101101
1111110001101010110111100100111111110001111101111000010001111010
1101011010100010000110111011011010011011100010010011011111101010
0111100000010011010110100001100101100001101000101001010111001000
0111000110010100011101101000111100110010011101010101110100010001
0110100111110011111000010000111001111111111111000000000010001101
1000010111100001111110011101100000000010101010010011100101001001
1001101111001010101110111001011010111100010100000011110010110100
1101001000111111101110001010110000010001101000101000110011010101
1010001101000100010011010100111110101000011110100110000101011101
0100110100110100001010000010110100101111111100101001110100001111
0001000100010110000010111100110001010111000010101010010100011011
0010101101110011011000000101000011001100001111110011010011010101
0010000001010000000010100110100001101110001001100010110100001010
1000100111010111101011101001001011010000010100111110110011101000
0001000000101000101011101100000010100010011101110111110110111100
0001010100111111111101011011011000000111100000010110010001100000
0111101110000001011011100000100001101100010100011110110110001110
0010110100010100001000101100100111110001010110111001111110001100
0100000000001001001110010110101111110100001110111101100000000101
1001111001000011010001110111001100010000000001101110001110001101
0101001111111100011111101110001110101010010000111110110101000010
1110010111011001111001000000000001001111110110101011010000110000
0101101110011001011100000010110101101001110001001000011101001110
1010001100111001001011010111001001010001101111000001111101100111
1101100001111000011110110101110010100011000010000111010010010101
1011100001001101111110101100101000010110111100011011110110000001
1101101001011011100011110111011001101110110001101101011000101001
0100000001101000001100111111000111101110011011000011000010001101
0010111111000011000011111011100001011001011011101100100111001111
0011111001101100000100100100011011101010101011011100000111011001
1010110111000011110001010111100000110101100111010011011111001100
1111110000100010001101000100110110001101011111011101111111001000
1110011110000110011111110100010010000101111001110001110111110110
1100001100011001000011011111101111000111011111111100101101001010
1111010011000000100100011001011001010001010111001011001011101101
1000001001100010110111100101110001010101101011100001111100111010
0000110111111001010010010010011110000101110101000001111000000010
0100010110100000010111100001011110001001000111110010111001010001
1100001101110110001000001111111001000010100111001111011000000010
1101111011111100001001110011010011001110101000001101110101100111
1111100101011010011010010000000111000001110000100010110000101011
0000110000111101110110110100010000011000100100111111000111100101
1011101100110110101001010011011001100001100011101001100011110001
1001001101000111010011000001000001101111111000010000110010100000
1110101101011010100010100001100101111011100100001001100000000010
0100000010010110000000111100100001001011000001101011000011000110
0010000010001101000010011011000001100001001100011110111011100010
1001000001101001010001111001110011110100011101100101100110001011
1111111100010111110111111100111000110010101101010111000000100100
1101011000111101000001101001010110011100000011110010101010110111
1000010001010011000010101011001001100100011101100010011100111111
1110010011100001100001000011001101110011011100101111111010101000
1111010000001000101100111011111001011011110001000110100101110010
1010001010101011101110100100001111011011011001001000001100101010
1001101100000000000111010000010010010011111111000010011111010000
1110100100100101111011011110010101111110011000000000100001100011
0000100011101010011010010101000000100100011100100110100000101001
0101011010001100100110110001010000001110110111100001001111100101
1001101110100000011100111010100010111100101010010011001111000110
0111000110000101011111011001010111010000110000010001001000111100
1101010110001110110010011000101111100101111100100000110010000000
1001000100110101010011101101000011000100111100110001100100010100
1011000001011101110011001111100010010100001101011100001111111010
1011001100001010101110111111011100010001100011100001001001111100
0110110000011001100010010101010011111111010100110110111011001000
0110000010111101100100101000100100000100010111011001101101011011
0001110000101001110111010010101110001011011110101010110111001011
1011110011100100111100111000111001010011001010000101111110000000
1010101011111011111101101110000010100000001001001010100001000100
1100000101110110010111000011000010111110110010000010110110110000
1100011010110001100100101011000000111011100010111111111100010101
0000101101111000100010110010101101111011000000001011011111100001
1100110000101001000110010011110001110011101000100101111010100000
1110110001111111110000010011000101111100011100110000110101010001
1010000010011000101101110110011001000110101001010100111011001111
1000110110001010000100001100111101101000110100100001010010011010
0100011111100001101111111100101001000000000111000111011111110101
0100110111110000110110000110000001000101111100001000011011010101
1101100000011011001100110100010011011000111000010011111011011101
1100100001110011111010011110101110101100010001101011000111101010
1001010100101001101101010101110001111000100011000001111101001101
0000001101101001111001110000011101101100010010010110101010110110
1011011000000010100100010010110000110101101111111101100100011101
0110001110010000001101001011011001001001010001100111000011011010
1010000111000011101001100101100011011000010110100111010010111111
1110101101010100010101000011111010101100001001001010010110011000
1110011100010110011100111010010110010101101100100011111100011000
1000111100100110010100100010000000011100001100000100011101100111
1111100110100110101110010001101000100111011110000111110001001101
0101000100101101101000100010111101001011001101000111100101011110
1100001010111011011111011010101011110100110111010100000010000111
0101111100100010110001010100011100001100110010000000101101010001
0000010101110010011001010011000011111110011100100001010110001110
0101101111001000001001000001111100001011100110110110111011100010
0000101111101000111010000000000110011011110101111001111111111010
0011110100010011001100000010110101000011001000010100100000101000
1001011010110101001010100100101100011010011011111000010000100000
1111100111100010110101100001001111011101110010110010111001001100
