1000101010001110111100011111100000001110011101100010101110010110
0111101111010101110110110110010010001010111110101100110000100110
0010011000101110001010010001110100110101110001111101101001101011
0010001101100101100111111111010100011101000001011100100011000011
1110000111111000111100111110011011011000101001110010010111110011
1000100101101010101001010101110100001000111010011111001000000010
1011000101111101000110010111100101010011010101011010100000010000
1111101000010100001110100000010011111010100011100001111101110001
0110111000111010111110011110110100010111000100100101001110011001
1001001011110100100001000011101111011110011000100110110101110111
0000000101011101011101111111111000110111000010110110001010011111
1110000111111110001111100000111000000000110001011000110000000101
1000110010001101111001010101010101011110110110110101100101010110
1010000101100011101010000010010010001100011100101001111011011001
0000100000010101101010110100111011001010010000011010101100011111
0111001001100101100100011111011010001011001110011001111110101111
1000001001111100001010100011011100101111010110110000011101110101
1001010001001110101110001101010111000111111101010110100101010111
0000011010111010110110101001010010010011011101111001001110100110
1100111000010010111000011000011000101001100011101101111110000100
1000110110011101010111100100011001100000110010010000111101001000
1100110010001110011010001100010110100111001111000101111001001011
0010011000011111111011000010111011010001010001100011010011110101
0101011111100011101100011001100100111101101010110010010000101101
1010111010100001101101100001000101100010101010000011000110110010
1000011111011011001000010110101100001011101010100001011000110100
1100101100100110001101110001101110001000010010101000111010101111
0100111101011011110101011101000100011010000101011000110000111100
0011110010000110101101011101111100110011101000000000001101111110
0110000100100111111001110101011111000111110110100001111001000001
0011101110100011001111101001110010101111110110011001111100101000
1010010111101110101110110100011000000001101011101100101010101100
0100011010011110101111111110110001110110101000100101001011111111
0001100001011000000001111001110111110001011010111101111101000100
1111011110101111011000001100100011001110010000111111010101111011
0101010001110101110001110010010000000110100010011000111100010000
1100000011011011110111001100011101001100111000110010000000111100
0110010000010111101110110111010101101111101001111101010001111000
1001011010101000000011110011101011010100110010100110101100110110
1111100001100110111010011111100110011100000111000010110001111010
0111100111000000100110011010110010110110100000101101000001101010
0101110111001000111001110100101010000001001111101001110011001101
0011011110000001011101011101100100101011110110111110100101111010
1111100001000101100010000010001000111011010000110111101000011111
1110011111010000011000010101101000000011011001111100011101110111
1001111000011100101011000010000100010011110010101010101011100011
1010000011101100000010100111001111111011010011001100100110100111
0110101001110101010010100001100001010000101110010011101010101010
0010111001100011101001011011110111000110001001100101001111000001
0011101111101001111010010110101001110010001111010101011111010111
0101000111000101111111011101100010111100100100100011101011100000
1110011110000101001010000101011010010010010110001011000011000011
0110011110111101101101111001110111010101011010000111111001010111
1100010100110010011010010101001000110011110000010011011010101110
1011110011010011101011111001100101000111111011001001110010010100
0010010000001010111100001100111110100000111001001011010011001000
1001010001101110110110000101100110010110001011000100101011110111
0001000110110001100100111110001101001011111110100010101100010111
0001100000101101101100011111011011001101100001011010010100111001
0000011010011011010111001110110100001010100111101100000000000100
0111101001110011100111111010100011000111111011000110111010010011
1100000011111000010011011010100110111001111011011100101000011010
1110000101111100001010011110100010010101000000110100010110001010
1001101000110011110101010001011000001101001111011010011101110001
0100111011111010101111101001011011001011011111111110001011110011
1001001100100010010010101101010101111110001000001101011111011100
0111001110101100110100100000001100110001110011010100011100001110
1111000010111111111000100001000011101101110001000001110000100101
1011101111101111011011101110011011101110011010111100101011001010
1100101001011110111011001100110100010010100010100101000000000000
0111001000111001110101110101101010111111011011011001101000111101
0100101100101101001101000000110110111111110110101101100111001011
1011100010010111001011101000011011110000000000100011011111101010
0010010011100010100101000111111000101000010000000010001100011010
0101101110110110110111010110101110011001111101110011001001101100
0011110101111010110100010111100011101010010001010011110010001101
1111001010100100110001000001101010000000000010101011011101110110
1011000100011100011111001101010010111001100110001011111100110111
1010110100110001000111010000101011110101001110010100000011110010
0001000100100001100000000101011101101101011100011000100011110101
0100100001100010001000110000001111000001010100011101110110011011
0000011001000010101111010101101101101100010001001100011010001011
1111001110001100000011111111011101010101100100111001011001001000
0001100011100101101110010010101001010001010010111000101001101110
1100011110101111011101000110111011101011100011000000011111011010
0100011001100000100111101001011111110000000010100101100111001100
0011001111001010010001000011110100011011110110101011011100001111
