0010011000011011001101000110100100100001000111000000111110100010
0101110001110011111110010001111100101101010101000101010110100011
1100000011001101000100110110100001110101000100100010011000100000
0001110001010010001110101101010111111011111001100100010100110001
0100000100110011100110001110011001001010011001111011110100000110
0001100110111101011100111010101011011111111101000110011101010001
1001100101011111010001110110001010000111001100001001111100100000
1101001010011110001001011110001110101000011000011100000111100011
0001001111100011100100101010101100000101001011101110100110001001
0011011011100010010001010010010101111110110001111110000110110011
0100010100011110010000010110101101100000110010001001011110110011
1101101010000001011110010110111100011111001001000110001011101110
1101110000001000101011011011001010111000011101010000100001110110
0110110111001010000110001000010000100111000101010100001000111101
0100001110111100011111011010000000100000000001101110011001010111
1000011001001011101101101101011111001011010101111000110010111111
0010010001101100000011101110000001101011011100100000000110111111
1001111000001000000101110101000000000001100110011100100100010000
0110011100001110100111101001000010011010111110110011000100111010
1000100110111000001101111110011011111000111001011100000110101000
1100011011110000100011111001110110111010110000110111010101011000
1100100110001100101100111111110101100000000000001011010011100111
1000110010010001010100110101111000101101000110010001111100010001
1111100011010101000111000111111001101001011100110000101001101111
1111001010001001101011010001100101110111010100110110110010101010
0010000110011111110001010100101100110010001101110111111011111110
1001101000011111110011000010110001111101010101001010101111010011
0000100011100110000000001101011010100101111001101011000001101001
1110011111001110100111001100000010001111011010010110110011011101
1000011100101100101101100011011001101010110110010101010010001011
0010101100110100011101100100011001100110100001111110011010010010
1111000111001100010111100100000100110101110111110101111111000111
0111111100010110000100011001100000100001110100100000001100011110
1101011000000101010111010011001110010010011010101101001101011111
1010010000101000111110001001000101000001110011100001010010111000
0100100101000010000010011100110101001000001111111100100111011000
0000010000110101101101110100111100010010000111111111110000110011
0101100110100000001110100010100010010100100110011101110011011110
0010010010110111111101011000110101000100110001111000001110000100
0110000000111101000111001110010100000101001101100101001001100000
1010101001111101101000101001011000110101110110000111101010010000
0010100101011110001001011110010110001101001111001101000001001010
1001110100111111000111001100110101101110011000110111011000001001
0001100001000101111010111111100010001101010001010110000100011000
1100001101110001001011011001101111010100100000011110000010000101
1000011010100010101100101011101001010100010011000000110100111000
0111110001111110111010101000100010010001010100011001111011101001
1001100111101000111100001011011011100101100001110010011011001111
0000001100000110101000000000001000001110100011000010001110110001
1000101101001101000100000011111000000010101001110010011010011100
1110011111001000010111011011011000110100110000100110111101111000
1011111110010100100010000001101100010100001010110100001101010000
1001111100100100110010011111001100101001100001010011100001001101
0010110010011111000011101000000100110010111011101010101111001110
0010000000111110111000100010101110010010111011010001111010011101
0110101100101011010100001100110000010111010000001111011001101011
0000001011011110011110011111110110010111001001000101110011110101
0010001101111000011110111000001100110011011001110111110100010001
1001011101110001000000001100010001111110010101001110011000001101
0110010001100001010001111101000001011010010010111100111100101001
0001100100101100000000000111100111000110100000110000111010100101
0000011110111100100100111101100000010010110011111100111101101111
1000000100110101101111101101100010111010110000100110010010000011
