0101100011100000110100101010110011100111001011001011010011100100
1000100101100101111000111000011010110110100101011010111011001011
1100111001100000100111101000011100011010110110110011100110010101
1000111000100111101000111011000010100110001011100010110010110011
1100001000000111011100011010010101100111110111010101101011111101
0011000100101000001000001110111000011111101111100010110000101011
1001110111000001010100110110000101100001101010100010101101010011
1110111111111011001101011110011010100011011110011001111001111100
1110111011100101111000011010100000111100101100011110000100010001
1110010001000100010001000001111101101010001011111101101100111001
1110101100000010110011100001000000010010001100100101101011111001
1110001000000100000111011110000001100010110111000011010001111100
0000111101000100100001111110000001010000001101101010011011000111
0010000011010000011011010001001110000001010101000101010110010001
0000110101101100011000010111000110100110111001110100011010111101
0110110111110001100110011100000110011001001000110000000110111101
1101000000011010101111100111000101101001111101000101011000111001
0001110000010111110000001101110110110100110000000000101010101000
1000101001101101010011000000011110010001010000101000000001110011
1001100100110101010100111011101101111010011000001001101001011111
1011001001001000101101111100101000100001011100111100000011010101
0010101101110110010110101011110001010100000100100100000010001011
1001100000011011011110011001010000001100110010000111101111001011
0110010100110111000011011110011001110001001011001000001010000100
1111110110010100100000010100101000111010000100111000111111010000
1111101100100010111011001011111001100100011010001111001111100011
1101111101110001001110000001011100110010011100001000110010010010
1011011010001001101101100100000011110110110100110101101001111101
1101110111101001010001001000110000011011011100000101111100110001
1101011000101111100011100110110000111110111111111010101011110001
0100010111011000111010011000101011001000100000100111000100010001
0011001101001010011100100010100011011110001111111001101100101110
1000011100100111101101001010001111111001000101011011101001111011
1100011010001110011000011010011011011011100110010111001010010001
0111111110011011111011001011010111100001101000111111000110011011
0011001000011110110000100101111000110100101000111101101000101001
1000111001001001010111100000111110011100001011110001110011111011
1111001111011010111111000110011001011001011111001000110010011100
0000101110111110010110010000100111101010000001110100101101011010
1111011100100101111101111110001011101100000110101110001010010101
0011010001110000010110111011001100011100000101010010011110011111
0101011000100100011100110010111111011010110110010111111001111111
0110011010111011011001111101110111100110111010111111110100111001
1000101100110001111110011110010011011000111110111100001010110011
0001000010010001101011101100001100110101000101000101010110110001
1011101001011011100111101111010101000001110010001000000110011101
1101010011110101101010001111111000011110111100110010011100110100
