0001111100001010111011000001110011101001110101001000001011000111
1001001000011101100101101011001011000100010011010101110100000111
1101110000101000100101010111100000000100000000101000101000001100
1100111010100011001000011010011010000111011001110010010110100110
1111110111001111000010011111101101010001100000000010100001100001
0011001111000001110000100001100101001011101011111001111001010000
1001011100010101000001111111110001011000110101101100010011010000
0011110100000111110011000000111101010011000001001111111010110110
0000000100000000010110101111110010000100110110010010110101010000
1110111000101111000101001011110011110011000011111001011001011100
1101101110100111011000100111001001000010000101000100100111011011
0000010010111011100110010111001110001001100001011001011001101000
0100000010110000010000010110000110011111000101110100011111101101
0111000110111111001100111101111011101111101101000101000101000101
1011001010011011000100101010100100001011100000110011110110000010
1101011110010010111101010001000101000011111010100100011001101110
1100100001011001011111010010111101011001010000110110111011101111
1100011100101011000110110001110010101010100011000111000110100100
0101000110001010101111000110100011100001111111001100101001101111
1011101111101110000001101100000100110110001011110001100110011001
0101100101011000001100100100000100101110000001100001111000010101
0101101010011010101111001110010000001001111100000101110111111101
1000111101101110010110011110011000101111111000110011111100110100
1100101011010000010011111000101011000001001110100110110000000110
0001101011101000000000001111011111110011011111000000000001001010
0011111010000111011101010110011111101110100111100101001010101011
1011111011011110110110001001101001010100011101010100100010010001
0001100001001001110101101010010000110001000000110000001111101010
0111101010011110001101110111101110001101111111010000111100111101
0111110011100010001111100011011111111010010101100010111000100001
0001111101100101101000111100011111001100011101000111000101111010
1000000001001110001110001111111110011000010010001111001010000111
1011110011110001111000011100110111111111000110111001100001111101
1110100110100101001010010001111011111010011110111100000011001100
1000001111111110010000111111010101100010010111011111110111111001
0100010100001110100111001011001011100010100001111111011001000110
0110001110001101110110010011111110100111100101101001100000001100
0010000001110100100001011010010100100000011000011110101000110100
1010100101000110010001111001111011011110100011111111010100001111
0011110011001000111101101010001001011110100000011100011110011100
0010101110001101110000110011111001110001011101110110000011010000
0011000011110000100001011010101001111010101101110011001110000010
1011110010111011100100100101111000100010000010000111000110111110
1111001000111111101001011001010011001011010100101101000011011001
1010101101011101111110110111111011000101111101111100111100000111
1001100001111000110001110010101010100111100011010110011110011101
1011001101001000010111010111110001100010101100010001111110110001
0010000100011011010011001010101111011010011100101101000011111011
1100001101100001110111100001001111011011100010000100111100101110
1110011001100000101010011110011111111100000010101010111011010110
0011011011000101100001100100000011100000001101110010010110011011
0001110111100010011101110000011101001010100001000110011010011110
0001011100101110010101111101011011001010111100010001111100010000
1000001110011110101101000100111101111110100000100111001101110001
1111111000100011100010000111011100101100101010110010011111101011
0100000010110000110100011101101111010001111000111001101010001100
0100100101111001000101111000101110101101111001111100010100011011
1100000011110010000101101000110001110111000110101101000110111110
1111010011110110101001000011010110010001111001110011101000111110
1111001001010010000111100011010000010111010011111101001101001000
0111000110100001101001000110010110100111011110111001011111110000
0011000100110001100010001000100001101001000101001101001010010010
1000100110010011001010001101111111001110000101111010000010010000
1011100010011110000101011001010110011111000110011111101101010111
1001100110000010001111110010101110101001000011110001110001111110
0100000010010100011100111001100001100111011100110011111110100101
1001011100100110000010110011001111011111011010111111001100100000
0111100101010101100111010101001000000111101011110000101101011111
1111011000101100001101111010011111111010101111000000110101000001
1110011111101000101000000101010011011101011010011000010000010001
0001111110110100101000000100010100010001000110110100101011101111
0001010101011010010000100010011100010101111110011101101111100011
1101101100000100011110000000000011111110000010000010001101100111
1011000010111001010010010110110001111110100010010101111010001000
0100010110010000000111011001101011101010000101111111001001001001
1101110011001110101010001000001111100001001111010000110101111010
1011000010101011110101010101010010011100001010110010000000000000
1011011000000001001101011111110111111000010000000101100001111011
0001011100011010100001111100010101100111110110001000001101110101
0100101001111110000111010101001010110011011011010111110101100011
0110100010110011001000110100111110000011100111000010110010111001
0101001101001101111001011000101000100101110011100101110100010110
1010110011111101001001110111011100101001001001011000111001010001
1000101000101000101000011011001011000111001001000100111011001111
1001011011110100110101110000111110000011100111111111000011000000
1001010010101110011101101011100010010000001001111101111100000111
1010011100011010010000111111010110010111101111000100101001010101
0101111000010111000001000100010100111001001101011101101100000110
1010010011101100110000110111111011110000011010101101110001111010
1001110101011101011100111111101101001100111000101110000001000110
1101011001011101001011101111000101110000101111101011011111011000
1001011100110111110010010110100001000111100001110110010011000100
1011010111111000000000000010100100001011111010101001000101000011
0110011111101000010001101000110000010001000101100001100111001111
1100000110100101010001010000010101010101110110011110011111001011
0100110001111001110110100001001001001100011001110010101010001111
1011111110000010100101101010101110011011010001110000111111001100
0011010101010001101100100100101101000010000000000100110000001010
0111110100110010100001100101110011100011010101011001101000011011
1100110010111110110000101111110101111001000000000100100000010110
1001111010001110100001110001011000001100001000011100111010101101
0111111001100011001110011010110000011011101011010100111010010011
1111101101110110111111011011111110001111100001011001010100101010
0110011101010010101111000110110101010000111101100110111010001000
0010000000011000100110011001000010000000000011011100010001100100
0111010010100011111110100010011110001010111101000001010010111010
1011011101110101110100000001010011101101001111000111110100011010
0100111101111010100001111110011110000010011100011101011000000010
1000001001000111111111101011111001010001010011000101011111110110
0101010110000001010111011110111101101111011110100101010010001101
1100011101101011001111110010000010101000100111100111000110101101
0000001000110101001111110100111000101110100101010001110001001001
0001110111110011011000000000101001110101100111100100010000001111
1100000101101011001011011101000000010111001001110110101111111010
0100110111100011000010010010001000011001011100101100001001001100
1000010010100010111101001111011100000011110001110011011011101000
0111010011110101100000001011110100111100110011010111101110001000
1100101111011111101111010011100100001000011000100111101111111001
1100100101001111100011000100001100101111101000110100111011010110
1101010100101001100110100011110000000010101000100100011111001100
1101010001010101110100101110000100001010101101001000000000001100
0100011011001001101100000101000000011111111101000110110111100101
1110001000100111110000010010001101010100010110110100011101000111
0000101101100101011011010101000110100100000001011000000110001001
0000000010110010111110101011011011001010001011110111001110101010
0110111101110101000110000111011101001111111111110010100101001101
0110011100011111000011110011101000101111110001010111001110100001
0000011110011000011010001001001001010000011011000111101011010110
0000011111111000010110010000111111011100100001101111101000010011
0111100001000001100000101110000101111001111111001010101101010011
1001111101111011000011010011110011110011010101101000011100000011
0101000100111001110101001010000011001010011110101111010111101010
