1111100100100010111111000100010001001110111001010101011001111010
0001011110111111101001101001000011011100110011000000001100101011
0011101101010010110110000110000110001010101010101110000000000011
1110000100011100011110010100101001010010000111001101101010010000
0101101100110000111011110111101011001101100000111000000110000101
0010010110000111010001010001011110111100110001001110101000000110
0001010011001001100010100001111110010110101100001011001010000110
0001111111110110010001100001110110011001100001010000100011110111
0100111111101000111110010010010011000100100000000100100100001111
1110101000011100010011101111100001101000010010100010111000000101
0011110010101110001101001100001011011110100011111100111101001001
1000010000001111100110000100010010111001100111010101010101000111
0110111011110111101110111000111011101000001010000010010001010100
0011111011000011011110111000000011110001001001010110101010101100
0000110101000100000110110011000011100110001011110000111000111000
1010000011110111100010111000000101001011100000100100101100001101
1111000011111001111000001111010110110011000110011100001101001000
1010010101000111111111110100000010000001000010010101110111010010
0110101110100001010100011111110000111001001001000100111001000001
0011110000001000110001101010101101010000010000111111111101001010
0001101001101010000110100000010110101111010111010010001110011010
1101101010110111111000010110101111100011111010000000011010111100
0001001000010000101111001100011110110110011000011100101101001010
1000100111101110100111000110010100110110010100011000011101011010
0100011010000011110111001011100110001100100111000100001001010111
0011100110101001110011011111101101011011101101000000000101110101
1101111111011000101101101101001110100100000111100100000000010101
0000010001010010110011010011001010011001111001010010011111100110
0010011110111011110111011011001100110100000010011110111001110000
1111100101010100001010101100000100101101010011011101100001010110
1101010011111001100100000101110010000000000100011111001100000100
1010001111001101000100010111101101111011011111110101001110101001
0000110001001100011000111011111001100000101100000101000010010101
0001011000010010010001010000010011100001001101101100011100010000
0110110101111110110001111111111010101000001000100011010101010101
0111001001011011010111101100100010100111100011110100001001010010
1001000101101011000011111010110011100110010010001001000010111101
0100101110001110110111001101010101001000110100101011111011110110
1111111000100000100001011110110010010010110100000111011011111000
1100101101100101011110010101111101111010110110111011100111011101
0100010010011101111010110110110001000001100100000000011110110011
1100101010010100001110100110011110011100100100111100111111101011
1011001110001010011100101111100001110110011111101001000111111000
1011111010001100110100001111110101011101001110011100111011011110
1111110000101100100100110100100011010110001101111000100110001010
1110101001110101010101000010011011100011001011100010001011111000
1111110010001111100110000011100011001101110011000011101100100110
0100100100111010011111101011110000101110101000010111000100110110
0010101010000011110010100110001001000101101101010001100101111011
0101011100110101011110000001000100111011111100111110011000101011
1100101001111111110101000011101011001101111000110010000111110111
0001100011101001111010110101111111001110110100110100101101011001
1101010111000001011011011010011101101110111000000010111101101111
1110011101000000010001000011000010000100110010110111111100100010
1011101111000011101001101010111010001110101010101111000000100010
1100111011011001011110100000100101111000100110001001001001110000
1000110111010110001100000011101101100110110010001111011101101010
0111100011100111001100111100101100101101101101100001011010001111
1110100010010010010011011100000010111110110101001100010101011011
1110101100111010000011111010011111011110010011001110110101011111
1100110110100110100110000101101100000110100000010001010011000110
0000111100101111011010000101110001100110111100001010010010000101
0001010100111010101100001111000001011110010001101100100001111111
0011111101101100000100101101000101111000001100001100100011000001
1110011111110001100111101100010000010000011010011000000100000011
0110101111110100100011110000110001101010111000011010001111011101
1110111010100101111100001011001000010011111001100011010111000110
1110000101111000111100110000000010110101110101110110011101010100
1001110000100000001011101110111011000110001101101110001111100101
1000000110111100111010110011110010111111010110100010000110001000
0010001100000000110011110001010001100011100101100001010111001101
0111100111000111010111001111010110111110011101100101001011101111
1001000101110001111101110011001101001101000101000000000000101001
0110000000011101000111100000100011000001001000011100111001001110
1010110111010110001110010011011110100111010100110110011101001011
1100110001111111000011110010100110010110001010001111010110001010
1110001001111011010101101110111100011100101100101011001001010111
1100100100101111011100001011010111001101110011100101010011100111
1011010010000000110011100011000101100011111010110100001001000010
1111000110001111110100011111010101010111010000100011011001000010
0010010000110101110010110111100100111011010011111101101011001000
1101111100110000111001011001010001111001110111110100001101110111
1100010100100001110110111001110011001011110000010111110100010001
0000100010110011101001010100001100011100111111001110010000010001
1101011111110111101011111101100101011101100010011101001011101100
1010011010010111001001001000010100100011001010101011111010110101
1000101111111010110111000000110111100100101110110000101010101010
0111011110111111011100001010110111111100001010101110010101110011
1010001010101001110000011001001110111100101111011100110101001011
0010110111101010111011010010001111011011101001010011101010101000
0110000111011101011001101100011001010100001101110111000010101111
0010101111001010001011011000110101010010000110011101010001100110
0101101110011100101110110000101010011000110001010101010001111011
1100111001001100110100111010110000100011001110000010110000101001
