1110000000101011110000111010000101001011010100011000010000000101
0001000000110010001100110011100111011110000100110011011000110100
1110011111100110010111001100010011101100000111100110000100001111
1001010010111011100001100101111001110011000110111110011010110111
0100100110101010100001110000011110110001010011110100001010100000
1111101000110000000101101001001000001000111011110000110001110010
1111010011100000010111011111011101110101111101101110100101011000
1011011111100010101001100001100001100000100101010110100101100100
0101001110100100111110010000100011001011100111000000000111011101
1001101111000100111000000100111001000100110011100110011000110100
1011001111110010101011011001000100000001101110011110111111011000
1110011110010011101001101100111011100110100011110001000111101011
0010100001011101000001010110010111110110111101001000001010110010
0001011100001010111101001111111111000100011001001100001000001001
0101000100011110111011010001001010000010111101010110111000000100
0101001101010100011110110000101111010100000001010110110100011100
1101111101001111101001011111100100111100111011110011010001011100
1111110100000010011000111111000011100011101001111011010001001110
1011010110111101101001110100011001110011100001111000111111101000
1110111010011101110001110001100001101101011001111110010110010100
1011010011101010011011100010010011110111110111011001010011110101
0011101110101110100000111101110000011111011100010000000111101101
0000100010011111001110110010110001101101110111110100100011101110
0001011000001000011100000000000101101011000001010100000101110100
1101110110000011011010001001100101111001101010010110011101110110
1010011010010110110010100100101110110100010011010001101101000101
1100001110000110011101011000101101101001000010100000100101111010
0001010100111101111001111011011001000111110010011001010011001100
1010110011110110111111000101001000010000100101011001011100000110
0110001110010101011000101001101111001010000110011101110100111110
1111100011110110101101101000011101110111100101100111011010100000
1100001111011000111110011111100111001101001101001001001010010010
0000010101101000000000110001100011000011011100101100101101010100
1001101101010110000000010010111110010001011010000101110000000000
1011101000001101111101000101100110011110110001111001001010100111
1101110101101001100110010010111010111010111101010110100100011010
0010000001110110101000011101111110010101000011000100111001000010
0011101001101100010111010110110110101110000110111110100010101001
0011001111111100000010110101100011000101000100010011111000100000
0010111010110010111000111000010011111100110010101110011101110100
1010000101101110000111100010110001010011110111010111000111010000
0000101111001010101110111001110100101110101000111100000101000110
0000000001101010111111001100110000010001100111100100011111000011
0110000101101011000111010001100110101101000100001100001001001100
1100001100011001011000011010011011111000101101010000101011111011
