1111010100110011111101010010001111111001100111101000110100101110
1001100100011110111101010110110100100100011110100011101100111010
0010011010000110011001010111101111000010010011000000010001011001
1101101100010110100011100001001110011001001100010001101000010110
0001100001000000100001001110000010001101010101100110011100001011
0110110100100011101101111110010010011001001011111100111110110111
1100010001100001111000000110010000111010000101001101100110111011
0001011111000101100101100100101011011001101001111101001000100100
0010111101010101001000100110100001010001100000010011000110101110
1110101111110110111001000111001100001100100111111010000100110011
0111010001000001000100011001010110111000100010000101000110001101
1000111100000011001101100101100010100001100000101100000011111111
0000101101100001100100010110100011100010100011100011010010101001
0011110110000011011011100111111101100010101001001111111001000001
0000110111111000000101010111000001111100101101000111111001001100
1101001100000001001000011010101000110111010100010100100001001011
0010000101000001000000100011101001100100010101011011100111010101
0110100101011111100010110110000001100010101100000110010101000110
1010010111100101101111011100110000000000100011100111101001111000
1010001011100110111110111010000111111000001011000110110101000010
0110100100101101100110010000101100001101010011101101111001001001
0011100100011011001010101110011110001000100100001110010111101010
1011010101101110100011000110100010111111010001111000100110101101
1010010001111101111010011010110010001011110010110001101100011010
1010110101010010011101111011100001110000011011111100110100011001
1000110011001010000001110011111011001011011110111100110111011111
0101000111000010011001111110110111001001110000001100111001011101
1010010010110101101011001011110010110010001001001000010001011110
0100111111011110010001001100100110100001100011100100010100111100
0101000001000101000001011110010011010111110011100110001011111010
0111110101011101111010110000011110011100100100010010001111111010
0100110110110101001000111110110011110001000111111001011010101110
0100100111010000110111110101001001000010101101001111111100111100
0001110001000011001110010111001001110000110010001000010101101011
1010101011110100111000100011010011101000110010010010110011000111
1011101000101011011011001100100010111110101010000110001010101101
0001100111100010010001010100000001010111010010100011001100110001
0101011100101000111000000011011000001111011100111101001000010010
0011110011000100010101010110111010000101001111000011100101110011
1111110110111001111001011101110001011000100100011001101000011111
1010101010110100111011110001100010110100010011011111111010011010
1101101011010111010101100011000100111111001000101001111110100111
1100110010000010111010010000011100101000111000001110011001011001
0110111101100000010111010011110000000111101101010110001100110111
1011011111011001010111010001010001010000000011010001110010001001
0011011101010010100011001001110011100101001110010011101000110111
1010100101000001110111011001101101100101100101111001000011011100
1001101100101000010101100100011000101101110011011001111110011110
1101100101001000001110101111000011101010101001101011100110010001
0110101011101100101110101100110101001100001111010100100010010101
1110011101111111100111110011100101111110101111100111000100000011
0001010101000100110101000010101111010111101010100111001111101101
1010101100101010100100101111100101110010101011011111100101110010
1100001001001111011000100100101111001000001000000110010100000011
0000001010010101100010000101011010100101011101000001000111011001
0001101000101000100011110001010110011101111110000001010111100101
0101000000101001010110011110001111011011111011110001111010011001
0010111001010000011011100110011100001000100111000010100001011001
0101010010000100111111000101001000111010111110111011111101001110
1001000101001011000100000100010011100011100101010111100110011011
0110000011010101000100010101100110100010110011001111110010111101
1100001101000101011011110011101010001110001100001001001010101111
1000010101110100100100101110101110001000111110001110101111110001
1001100100011111101000000001110100100100000100000011100000111001
0111101010001011011001001011100111111111010001100010000110011000
1101001110100111100101101010001001101101001101000111000011111011
0100000101100010100101100011100101110010101001011011001010011001
1111100000111110100101101101001010000101001010100010110000100100
0000000011100100111000100000001011110110100010111101101000100010
1101101001001110100010110001011110111111000101011111111010111010
0010101100001010000011010010100111000010111100001110111000011001
0010100010010100110011001111111011010111010111010011110100100011
0111111110101011011101011001101011000000110110001100111011011010
0000100000001000000101110001111111110010100100001110110100000000
0101011010011011100110100001000011101110010000001001110111110100
1101111010101000011011001101010100001001111100011100010101100110
0011000110010010010110111000011000001010100111110011101001010110
1001011010001100101000001010111001111001100111010101111100100111
