1010111001001011001001000110011110011110101110101011010101100100
0101100101010001111101000101101100111011111010100011111101011111
0011000110011101001110110110110001010100010100100111010001010000
0111001001111000010011100010110010011000010111101101010011001001
0111111010101001010000101101110100011101011001111001011111100010
1001100010011011110110001110100111111010010000101000101111001100
1111110111110110001000100001111100010110110011011110000011000101
0000000111100010110001011011100011001110100101111000011001101101
0111001101001000011111101001000111111100100011110000111001000111
1010101100000001110010001101001110100001110000111100101001010100
0100101111101110001001011001110001010000111001011110100100111001
1111110001111101001001110110000101101011111000111011001111001010
0010101111110010000011100110111000110011100001110111111111000100
1110000111000010001101110000101110010010110111101000110111100011
0000100110001111000011100101010011011010001111100011110000000111
1010110101110011111010001100001010000100010111110110011000010000
0100000100010010011000011011001001101101000000001010100100110111
0010011001010000101101000100110101000110111010000101001110010110
0110011000100010111110100011001111010111010000011011111000101010
0100111000110100001001100100100011111110001101000001001111010100
1100010100011111100000010011001101100010010111101100001110001101
1101100110000000101000110000100011100111001110111001001000011111
1000100101101001000110101110010011100010111101001111010001011001
0011000101001010011001011101100010110010001000001001011101100010
1011101100111001101000000010011001001101111001000111011001110011
0100110101011110100111001011100001101101110111110010000011011111
1011110100111110111010001101011111000101101011001011101110011010
1000111111110010000001100110101011110010110110001001000110111100
0010101100001110011110111011101100010000001000101111101100001100
0101110101100110101010010000110101111011101101111000011110101000
1111110011010000110100001100000101101010110100101101000010000111
0100110111101111001101010000000001101101110101010000011100000011
1111111101101110000001011011100100000001010001101100101110111100
1110111111000000011011101110011110001001011111011111000111110000
0011011010100101000110100111000110100000101101011100111010010001
1110101011100111010010010000111000111111101010110101111101000101
0101111011011111110000000011000000110010101011001101100010100011
0011101100101111111011011111010100011011110010101010001101100010
1110010010101100000111100010111010100101011111100001011001010110
0100000111001001101001000001001101110101011001111101111000110111
1000011110010011000100010100100110111011000001100011011011001001
1010011110011101000110001110011100101000111111011000011011000010
0010011010000011110110001000110101101101010000101111011110010010
0001111000101100011010011111001101001010101001001011011100010110
0000010111000100010001011111101010011101100010011100000110110111
1111010100010001010011000101001010010011101111100100110110010011
0111000111111011011001101000101010001100000001110000101110011101
1100101100011101111111011001101010101110010001100010100100100111
1010000100000100011111001100001111000001000011101101111000011001
0100111010100110101000000111110100111101000100011100010011111101
1111010000010101001101100111011101000000110100101100110101000100
1011010000011101010110111011011100101011011110101101010110000110
1100110101010011111110110011010011010100011000001001101100010110
1010011111111110011010000000101011101001100111100010001001010001
1101111101100010111011001000101010000001110010000101111010011111
0011101010111000110110010110100010001111001000110101110101100000
0101111101101000001101001011010011001100010110011001111101001000
1100110101011000110011110001100001011111111011010101101100111101
0010000110000011111010111111110010011010000111000111111011000110
0011100011101010100101000111011101001101000010000110100111010011
0000001110100010111001101110100011011011010111101111101111011110
0101111100010100000111111010111100001100010110101111010000111111
1000011110010100010111001100001010101011100111011101111001001100
0001010001111000001001000110100011110111010000100010010000101101
0110110111001111100011100011101001000010111100100100111011001101
1001001000101100111110011000001001101010110100011001110010111110
0111010101111001110000110010100101000011000100111111000010011111
0001011110101010000110111010011011100001000111001110001101000001
1011000000011000101101011111011011010100110010000100001001001111
1000101010110001011010011111110000100110111111011011101110101011
0001101111110100000100101100101010011100011111111101100011011000
0100100000110000011001011110100001101011011111011100010001011011
1100101011001111110100010001001101110111100011010001110100111000
1100010101100110100101011111010010110000010101001100100110001111
