0011110111101111111010010101011110111011100010111111001110010001
0010001011110010110011011010111011000000001111100110110000111100
0101111111000101111110000011100001110101100111011100001000101001
1001100001011111011000110110111010110110011100101100110011001001
1111110101010000010001000110110100111111001000011011001100101100
1110001010000011111011010110000010110110100110111110111000000010
1110001100111010110010111100111010101010100110011110010010010011
0001111001111011010000110001101001001100100100001011000110100001
0001001011000110110000000101011111111100011010000111011101001011
1010010000101000111100000010011000110000111010111111100001111011
1001101010111110100110111010010111110011101100001110110011010011
0001000001100001000111111011001100011110010110111010100111001010
0000110001011001001101111100011100111011111001101110111010001101
0110000010010101110101011001010001110010000111011100110101100110
1110001011101101111101100101010011100110101011001011101111011010
1100011000010110100100100000010001100000101011110001000010011111
1000111010100000101000110100111111111000100010100111011010110000
0101100010101000000101011001001010010000110111111010111001100110
1111110000100001011101000111101111111100011111010100011110011000
1101100111010011101100101000111101111111100000100110100111100000
0010011001101000010010000001001110011100110110010001101101001100
0000101100010100000110010110111000110001011001000100101000110010
0100101101010000001110001110111001011010110010100100011010001000
0111110001000110001011001001110000011111000001001100000001111001
1100010101101001110000001101111011111111110100000100101000000000
1110001100101001001001011000010011001001001100001100000110100111
1010011111000100001011100100110110001001110101100000101011011010
0100100000100110101101011000101000011111101101001010110110001110
1111101101010111010100010001010011101011101010000101001100011000
0110001010011001011001110000001111010000001010001011000111100011
0111001101001101011110010000001000100101010000001111001010011001
1010010011111100110110110111100000100010010000101000101000110011
0000110110000001011011010110010000110000110111110011010101111010
0010011110010100010101101001111111110100010001100000110011101101
1110011001010100011001111000110111000000000010010010101010010000
0001001111100011001000000001001010100001010110000100000111100100
1011110100011100110100101010000000000001001111110000110101010000
1000000011001101001011010101010111010101100110011101000011101111
0110010000010101110011110000111010101010101000000010000101001010
0010011101100011010101011000110110010001111100011101010101100111
0011111100010000111000111001000110000011110101111000000110110010
1000111100001100101110100001010010110110110000110110111101011010
0000110011000111000110100101100111000001111010001101001001101111
0110010111101110111000100000100011010000010000001010010111111111
0111000110110010011011100000101010110111101110010001001011011001
0111000111101011010001101001001101111110001101001110010110010101
1011000110101000100110110101110001110010110010001000010010010110
1101100100100010001100010111001110000101011100111010011101011001
0000001111001001101010010110101011111011111100011111101001100000
0101001001010100111010000110111011110011101010000001101100010000
0001001011011100010000101001101101111100110110110000000011000111
0000101111000110010100100000110001001000101011010100011100100011
1100111010110101000001011011110000001100111111100111010101001000
0101010001101100010001100000111010001101010000110000011101111110
0111000101111001110101001100001100110010110011100000011001100110
1000111010001110010001001010100011101010100110011101001000110000
1011011011010010100001011011011111110010111011010100110010011011
0111111010100100100100010000000010110100100111110111100010000010
1010001111011110100111001001101010110001101111011010000011100001
1110001100110110011111000110000010011010110000000101111100101010
1101110101101011101011001110011010010100010001010011100010011010
0100000001000010111100110100000110111001000110110011000011011110
1000110001100010010111110010111101100010011110011101111111010111
1001001010011000010100110110100001100101111001100000001101100100
0100111110100001011000001010011100011111111110001000110011110000
