1101011010011101100110011000100000010111101010010001001100001101
0101100010111101010111010101101010011010011100101000110110110111
0001011010100010100111111010011001101001100001000010100101010001
0111101000001111000000010110100111011111110011010000100110011001
1110101110101011110000010001101111110001111110001000111001111001
0100101010001001101110000011101101101000001110111001110000111000
1110100100011010000111010000000101110001001111010010110001101101
1101010111001100101011110100001101111011111000001100110101110011
0000111101100011100101100000111110011110111110000101011011111110
0011111001111001111100101000000111110100001100100001001000000000
0110011111010010111100011100101111110111100010000001010001111011
0010010011110101010111011010100111010011110100101111011100111111
0001001111110101011111110110001111100100010000011000011101101010
1111110100100000101110000110100101110101011010000111011001010000
0010110110110000001111011001001110101100001001011100100110001011
1111010111110010011010000111100100011110111000100110100100001100
1101011010011100101101110011110000111101110001110110111111101100
0110101110001010000110110110101110101010011100111100011101001001
0111101001000011000100010111001010101001101111001011001000000011
1110100110010000100001001110011011011000110110011111100000111001
0101010111110000101111100100110000011101110110010001110110000101
0110111100101111110101100111001101101111101111111000011111110010
0011000110001001100110001101011000001010010100111110111101111011
0010110001110000100111000001110101000011111000010101101100100011
1011111000010101110011101100010011111101111101111011000101111110
0100111111011000110000110111000111011010111011111100010011101110
0111100100101011001101011101000001010101100100111001011001100111
0010010000010110000000110011000011110001011001110000011000110110
1111010011010101001101011111011010000110100111011111010100101011
1101001111110010111010100100101000110110111001000001010110111010
1101011111000011110000111011001101111101100000101000010111111000
0001001100101001101000010000010000101101011000100111001100000001
0000011100101010111101001000010110101110000001110010000110001110
0111101110000001111010100100011001110110101010101001110110101011
0101100111001000011010101110101000011001010100111000110111100110
0010011011001011000010000101101111000111000001000000100110010010
1110100011010100111100001000010100100010110110100000111100000101
1110100111111101001110001110100010111001001101001101111011110101
1011110000010010011001111100010000111110110000111100001010001001
1000001011000111100101100101011100111001010010100011010100000000
1110010111010101001011001011111110001000001100110111001100000010
1000011000001101111011011100100011101010100011110101100111000101
1011010101111111011101000011010000011111001011110001111110101011
1010011011111111001011110011111010100000100000010010111000011010
0111001101110110111111000111011011011010000101000111001001000010
0010100011110010011111111001111110100001000000111101011100111001
1011100111101000111111000110000001000110010110011001010101000011
1111111000111110000011010000000000111011001001000101100111111001
1000001000001010011100000010010111111111001000010110001100001011
1101111010100000010000111101101111000110111100001110101011010111
0010010001000010110110101010110000001111100100011000110111100010
1100100011000000100100101010010010000110101110001010011010101111
0111010001000101100011011010011100010001110100110101101101101000
1011111001000010000011011010100110001101110101000111111111000100
1100001110110000110110101001100111001100001110111011110001010110
0100100010111010110111010101011110110111001011010001100100000011
0001001110011100000010000101011000101110001001110011101011101011
1100010010111010010001101001111001000011011110011010101110010111
1101110110010111000010101111001001110100000100100111001111010000
0010010010011101100001000111011101011100101011011110111011010101
1001001110000011000011100101100101100110011111011100010111010110
1110110110100000101110000001010100110100011010011110100111110100
1100101010111100110001010011010101001111001110010001100000110000
1101101011101100111101110101011000001010011101001101111001110001
1000010110000110000101111001100000101000101001010001001101010101
1110111111000000110100000111111010011111001011010110011110110010
1101110111101011010011101011110110100110100101100010001001010101
1101001111011000001011101000110110111101100100111000010100110001
1010111001100000111111010011101110111001001100101101101100000100
0100110010111000100001111100000101100100110101011000100010111110
1101111101110111011000100100001000001010000010011100011110000011
0011011111011110110111100001100000101110110111001011101100111000
0001011001000001011010000011101111001011100010110100011010111110
1011100101001011100100000010001100001011100000101100100100000000
0000010111010100010011110011111110100101100010001010000110101100
1111010011110000101111000011100100101011000010110101011011001010
0001101111010011011000111110011111101011110010101111011010001100
0011101111100001010111100001000001000100001110001001100111101100
0100010100111011100111010000101000101110000111110001000011001001
1110111001100100101101001100111100000110110101100101100000111010
0001001110010011110000000000110110110001101000101011100001000100
0111000001010001101011010111010100100000011001100110111000100100
1111011010100101111011011011000010100001010110111001100111000001
0011110111010010011110010000101010100011110001000100011100101101
0111011001000000001101001110110010011110010001010000111111011101
0111010100011011110110010000110000100100110001101111011000000110
1110001110110011011001100101101001100001001010001000000000011111
0110011010000100101101001101000010000101101100000000100101111011
1100101111011010100001110010110001000111011010001110110011101000
0010110110111110100011001010001000110010001100111101000010000111
1010110001100111001101111110100101011010110010100110110010011110
0010110011000001001010100011011110111011101000001010010111010110
1110111111010110011101110010011011101010010100100101111101001010
1000010011011110001001111001010010111011101110110011010000110110
1110111110000000110100010110011010101010101011101111001011101100
1000100101101001110110001101101011001100111010010000111000100101
0010010101111011101010111111000110101101000111100100011011011100
0110111001000111110000111011101011011100000101010000100100101001
1011101110011010101100011101001100100110010101010111111101010111
0010000011110011000011001110001001110100110101000100101111000100
1101010001100100101110110100101010001100001101101100101111110010
