0110000101101011100100101011111111100001011010001011111010010111
1001011000111101010100100111000111001001001100011111111010100110
1100001110111110110010010011011000101100101101110100011111010011
0000010011001100000100010101010011110000010001000000001011010111
1001111011100010001100001101010011000110110101110011001011001100
1010001100001010111111011101010010100101101001101001110010101001
0110011000100001000011011101110000110111011100101100011111110100
0100010001010010110010111111000100111001101101110100000111101010
1110100000101101000010111010001100011111111000001101001001010110
0100111101011001010010010110100000101000010011001001111000011010
1001100111111011000100111111110001100110000111110000010010010011
1001101010100110110111001100001010011000011000010011000000111010
1111010001010011000001001100110000001111011011001100010000000101
1111010000001111001110101011100001110000110011001001000001111111
1100111000111010011111110101100000011001111001110011001111001001
1101110111100101101111001001110001100111001101011000100011101010
0110101100011010100000100110010111010000110001111000001111111011
1100100111101011001110011100100010101100110011000111010100110011
0000001010000110001000000111100001111111001001010100001011111111
1110001101100100110001010101000010101010101010011011101101111110
0111100111110101101010111010011010100001010011001100111101101011
0111000100110010101111111000010100100111000000111011110100110100
1000110010000111000110000100000011101101011110100011101000100001
0110001101101010111001001101001101101110101011110110010110110100
1000101001111111000111001011110100101001110010100110100101010010
1001110011111000110000001000100011001000111111011101100010110111
1010100110001011110001001000110001011100111011100000111000111000
1001001000110100000111000101100011100100100110110111000011110011
1010011110101001111101010110000011001011011000100110010110101101
0000100010011101001001011000110010111101111100101110101110110111
0100110011100110001010011001100100011101000100011000101111010001
1111110111111100000001100001011100000111011011111010100000001010
0111011100011000000000111110000011100110110111111010100100000011
0011100100101001101011110111110001100001101010010111010011111101
1110101001101010001110110000001101010100011001111000110001011101
0111110010001110010100110111111100001010110001100111111000100100
1010100011000011000111011100011010110000110011010010111111100111
1011100110101100011101011001010110000000010111110011101110110110
0111101010101011001111111011100100101011111001000110100010001000
1110111001110111010000010111101010011011111100100101111011110101
0110111111000010001010000010100010011000000110111101011100100100
1111000100101111001110101100110000001001011101111000001010110110
0001110001111100110100111010011101000101110001110001011000100000
1011111111011011000100011011111000011010100000010101101000001011
0110100100000100101110101010000000110111101010101111111011110101
1100010011010011111100001101101111110100001011001010100110100010
0001011011111011011010111110011011000110110101001101001101010100
0010010001001001110101101000100010111110000111101110011010010111
0000110000101011000100110100100000110011100011011100101100001101
0111011100000001100100100010000100101101100100100001100111101100
1011111000000010110111110111011101010001111111001110100001101001
1000000110001100000001110011000111000100001110001100010011111010
1010110100111000110011100101111000010100010001110101010100001001
1010010000010100101100000001011000111100000101111001000010001100
0100011100100101011101001011110011101010100110100111000111111000
1001011000011101011011110000100001010011010110001011011000000100
1001010101001011011110101110010000001101100100001100101100101000
1000100010101010001110010001001100000001001011101000110001100101
1011101000000000011011111101000011001110000011100110100010100100
1101000010000010101111001111010110000011010111100111110100100110
1111101110110110000100101010010110110010000111010100111101001100
1011011111010011011111000100001010111100010110001111001010111100
0011100101000010111001101011001111110100110000101001001001111100
0100111101101111010101100011111010010101000110111110001100001010
1111001001011101100000011101110101101101001001110101111101101001
1000001011110011010100111000111111011000001110101100000110101111
1111101110100100101001010101111000101000111010011110110100000011
0100101001100110111110001100010010010001110001011100000101111001
1100001011100100110010001111011101010110111011101101011000010101
0110111000011100001111011100010000010111011001011110111011010000
0100011000001000110000111110001101111000011011110011110101010001
0010000110101010100000010011110100000000101111010001100100001111
0100101001000100001110111110011101010010110100011001000001000001
1100110010101001111111110010001100011111011010110000100101101000
0110111000010010100100101110010010110101110100011001100111000100
1011001001011101100010111010111111010011100101110110101010011010
1001010010110100001000011000000001000101011101110010101111100010
1011111100100011110100000100000001110111110010001010001011111011
1010010010101010110010100011000111010100000101000100111111011111
1110101110110010011111000101101111000001111101100110110111000111
0001101100000110000010010101011011110001111010011111001011110001
0011110101110101010101100010100000101100001000000000011111010101
1100000110100001110110110101111001001011010000000000110001011100
0011000111101010110010000111111111110110000101010011001010000100
1101100000101011110110001011000000010111110101000100011100111110
0101111011000011000000110001101000101000110010111001001000110011
1001000000011001101001101000100101011010001001010110000100110011
1111110111111111110110011110100100000100111000001100101110010100
0010111101111100100001111011110000110110001001101101000010100001
1011001101000111101010000000001111111001000111010101100100010001
0000100111010000000000101011001100000100110111011000011000101111
1001010011101101010111000110011110010010011001001110011000100001
1000101011110111100101000110111000000100000001010100100100111110
1100100010101110010000001110110110101011111110010011110101001010
1011011111001101101110010011001011011111100001111010001111000110
1011001110111000010010001011101000010100000101010110001001110111
1101001010110111111011010101100110111111001101100011000011010001
0101011110001111000101101100111001000111011101000111110110011101
1010001010000101111100001101111001010101001111011110000000101111
0000001100100010000000111000011100001110100001001011110010001110
1001011111110000111011010000110111110111010000011101001110001111
1010111110001100111100001001011011100111011000010100010011101101
1110001011100011111011100001000000110001011110111110100111010100
0010000011010101111111111010011010010000101110101000010110000000
0111110001110001011100111000101111001001101110100000010000100010
1010010000111100100101000000010011100011000010011010110100100001
1001010001011010110001010000100000010100101011001010101101110110
0111010110100011101011111010000101100111011001101001000111001100
0111001100001001101111101011000010000011010011111010000010111000
1110110001100111001101010110110110011100101100010010011111110101
