0001111100100011110000011111111011100010000111001100001010011001
1110111101101111111001110110010101110010000011000000010001100111
0101001001010010001011100010101001100111000010000110111100101010
0010100100000010111001000101101101000111111111010101101011010001
0101101001101001010011000011110000000000110110001101001000100001
0011010000100100101111001110001001100101110111000000111110000001
0010100100000011101001100110110110110101110000000101100111100010
0111011100010111000011110001100011110101001001001101011010010110
0010001101100111101011001011101101100000110000000000001100010111
0110111100001101011111111011111101111100110010100011011000000000
1010111001000101001111101100101100100111101111110100101011011100
0100001100000001001100110100001001100111100100111010100111000000
0110011000110110110101001101011001111100011111101011000001010100
0000110010100101000010010001010010001010011100110011001110110000
0100011110110000111110000101000100110001110101001100111010100010
0000100000111011000000011010001000110110111000100001100011000000
0111101010111010001010100000111010010011000000100100100001100001
0101000110100010011111011100001111101010101000001111000111000000
0000110111011001001111001111010010011110000100001101101000001111
0101011110001100101000000100101100111001001100111100100101110011
0101100100100011100101101111000000111010111111001001010111000101
1101100110011001111001000111010111101101100101100011001110011101
0000100110111110100010000001011010010010001011111111101100110011
1001010110110010001100101100000011001101000011111101000100110111
1010011110011000001100110100110001110100001011111001000110111101
1000110101010111100100000101001011101001011000010101100010001010
0000110101001001001111111100010000011110000010111000010001100111
0110011010111111110001100101100000010101100111000101011100001110
1100100000101000010110001000001011011011011101110011011101001111
0000000010000010111101111000111011101000110000000001100011001111
1101101001011011011100001010001100000111010110111011000101100100
0110101101010110101101101111110110010100010101000111110001001000
1111000010010111000011101011110011100100100111000101010101011000
0000110011111001000000000000001011000000110000100011011000010111
1001001010100101110110000010010000001101010010110011011111100010
0010110100010001100110011000011001010000110001110011010010011101
1011011110011101000011001111001110001001101111100111011001110010
1100011110000001001010111100101110111011001101101101110111111110
1010111010101011110111100001000011111001101110100000110000100010
0101001000010101000101110010110001111011110111010100101000110010
1010000101100001111101011110000101101100001001010010000011100011
1000001111110101101100100000100010111001100000101010100011111011
0111000110001001000011100001101111110100011110010110010101110010
1000100110100000101101100011000111011011100111011111111000000111
0100001111110110111001001000110111101011000000000101000100111001
1101011110011110001111100111011100111010110111110110101110001110
0010101101000110110000110110000110111111001001111100011100110010
1000101110111001011111010111111110110001100011110001001001111100
0101100000101100000100001111100010100100000111111101110010110000
0010101110110101110111111110101110111101110010000100111001100110
1110011010110110011011010110011010101001010011010111011010101110
0100101000101111100111101011000100110110100101100101100101110011
1001100000011001011101001111110101110101111111001111011110110011
1100110111100111110101101100110000110110100000011011010110010111
0001010111001010111010001111000100100111111011101100000001100100
1111101001000101011111001111010101011110000000110101011000101001
1001011010101101010010000100011101100001001010000110111101110111
0100011000100000111111010101010010101100010110010010001111000110
0101000001100101110011010001111111100111011010010000001101100010
0011110011100001111111100000111001010011101111010110011110111011
1001011100101101010001111000000101001100011010100011100111011011
1011100111110010100010011101111000001011110010111000111101110101
1000000111010001001111101110011001010110111110001110010110010101
1001011011101000101010000111111111110111110101110001010100010011
1100010001110011100001001001000110010101011010011011101111111110
0101110100101111000111001010111001101100001101111011011000000010
0101000000110010010010010011011000001101101001010110100100010101
0111111100010111101111001010011010010101011100111101000001101111
0000011101001110110110000001111110101110110111110000000110010001
1110000101111101011111101010011110100110001101110110111110111001
0110101000000100111110101001000001010110010111000011100110101001
1101011100000110111001000010001101101011110111111101111011110001
0010010001110010010101010010101110111011110011110001010000100010
0111101110001100011110000011000110110101111000110010111000000100
0110011001101111110000111101101110010110101110000001101111101011
1111101010010011000101110011101011100100000001111011000010101111
1000010000001011011001101001100011110110111000100100011111001010
0110000111010110010010100100000110000101011010100000101000000100
0011011010111100000000011001110011001110011010110111111100101100
0011100000000001001101001000011101000100011011001000011110100101
1011010011001100000100100001010000101101111010101000011011011101
1010000001100000111101100110100101001001101001111010000011111010
1111001011101000100010111101001111000110001010111011010000001100
1101001100111101011011000010101010010101010100111010111010101000
1101110000101010110101100000011101010010010010000111110000010111
0110111110001111110000000110110101001001111001100100100111111001
1010001000101000001101110010100110011101101100110100101110000100
0101011001100001101010000001100010100001011010111011010011111010
1110010100001010101010101011111101011011101000101001100110101111
1101110010000111110010111111000100101011011011101001000110001010
1111100101111000001100001111111111001110111000111000101000101010
1010101011101101011100011111101101011110100111101101110110100010
0111110010101011100010001001111111011011110111001100000111100010
0001010100111000100001001011011000111111011011110001000111001011
1111000101110010101000100101110000111110001101100111010001010010
1111011110110101111100110010011001111100011111011100101011101000
1100000000010111101101000000010111111011000010000101011100110011
1100001011100100110100010010001100100111100101011010010100010001
0010000000100001001001011000111111101011011011001111010101101001
0110000110001011001101011000101011101101000001001110110000000101
1001100001110001101101000110101111000001001001001000000010100100
0011011110100111011100100001101110000111011100011100001111010000
0100110110101110100110111100101101010110111101010101110110001000
0000010110001101010001110110001110010110100111000111000010000100
0011000100110100011110001001111100100010000000100110100110100100
0111001001011100010110111100011101100100000110100101000110011000
0011101000111111001001101110111100001000001110101100010010100000
0010010100100001001011110100111100100100010011100101000110000101
0001111000010111101010010010110010100101001000111100111001101100
1000110001101000101000110101111111110010110000100001110001101011
1001001110101001010101010110100000011011101111111001001110011011
0101010010001010110111001101111001001001111010101100001100010110
0111111110001101101100010011101000110000100011011110000010010010
