0000100110101111000011111110110001001110011001100111110000101011
1000100100010101110000101010000101100001100010101101010000001100
1010101101011011101100100000001011111100000001010111001010111101
1011001010100011010100110000001100101100001110111001101010110100
0101110111101111110111110010010011001100011001000001000010110010
0111100100111110011001010001010000100101011110001100100010011100
1100010111110111000101101010000000000110100000100000101011011011
0010010111100111000010000011100000001111001011101001101111001111
1100110110000110110101000100101101001001101111011100011100010100
0111010011110111000001100100001110101011111010000101100000010110
1011110101000110110101000010101100101101101011000011101011101101
1111110010011100010000011101101000110000011000111101011001111111
0000110111111101011111010001001001001011111010111101111101100110
1111110101000000111011111000001010111101110010000111100000000010
0000011100110111000001001101011101000100110101010101001010001101
0001011010111100011001001110001010111001100100100011111011001010
1001011110101011100000010110010010000111001010010001101101110001
1111010000000110101011010001011101001101010000111110101001001000
1001110001111001010001010001100100110110100010101011100000001111
1101011100000101101010101111001000101111110000000001001010011100
1001011011010101000011100101111011000100000011010100110001000000
0001110010001011011100101010100101110001010101100001100111010000
1010110011011011011100101110110110101010000011010010101100111010
0011011010110110101110111100100011100100101010100001101000000000
0011000110110101010110000011000011101000011010011000011010101100
0000101010011110110111010000111011010000011100000100101110110101
0111010111010110010101001000011000011000101010010001010110100001
1001111011000110001110111011001000111000000000101111101111111001
0000100111110010001110000011010000111100001110110011001001000001
1001101111010011111101000001000000110000111001101100110001101100
1110010101010011100111001101000011000110101101000001110011111110
0001001111011111111100010010010101010000000111100001111101110000
0010010110000010100001100010100100101000000000011111111100111011
1100000011010001000100101100011101010100001110001110001100111011
1110001100111110111000111010001100010000010110101010100010000111
0101010110100010011101110010111111010001101110100110010101011100
1000110001010000110000100011000111110101001001111010010001100111
0000100001010110001100011011101100010000100000000110000010011101
0100111100001011100001100011000001010011010111011010000011001000
1001110111000101011101011101000110101000011110011011110011000001
0111010111001111110010000010101001001110001101000001101010000011
0001010010010110010011011101101001001101101010101010001111111001
