1111101111101111101001101101000110100001111000010100001010111110
1010010101011010110101110100000101001000111001001010010010110001
1110101000001010111101010100111000000011111111110011001011101011
0100100100111001010000111100000001000011011110101011111000110100
1111001000100101100011011110000010101111000100011010001111111011
1111011100010011110001100100110100011111010110010010100000111000
1000011110111100101111011100000110100011111000011101101101011100
1000100000100010000110011010010101110111010100011000011000110101
0110000101111000011011000011111000111100001011011101010100111011
1110010101101101101000100101001000011100101100101100101100001000
1110110111001010010011000000000001000110111001100011110101100110
0000010011101011001101101001100000000011111100010111011001110110
1110010110110010101000011011111010011001111111010000110100101110
1010000001000110001110111010100111001111110111100111001100111111
0100010111101100011110011100011110111000011101111100111111100100
1011001101100110000000001010001110111010011000101101001101011100
0100101000001111001010101111010110100110001010111110101100010010
1111110010010011111110111000001101100110000111000000111000110110
0100000100001101110101010010001000100110011100110100000100110011
1001010001001000001110101110001001101001110011000100101000101001
1000111001000110010110111000011001011111001110111001111110101011
1001100010110010100111101100101100100001111001000110001111001010
1000000010101110001001101101111000001111000001011011101111001000
1011010000110000001011001001001100100011010000001000111100000010
1100011110110000000001011001001011111001011010010011100101110001
1111101010101100111101110011101011011100110110110100010111101111
0100111101100101011001000110001010011111100100000001101010110100
0010010111111101101000010001011000010110110110110011010101000100
0111000101011001111111100110111100001100111001110100110011100110
1101111011100000111011110010100101111001010110001010001101011111
0111100111110010000011000110011110010001111000011101100110111001
0011001110111011111101101010001100101000111001001111000110100010
0111001011110011101011011100111010001010010100110101010101101000
0100111110110001000011100100110111010111011101000101011010100010
0110001100001001100100011011011011001000110010110000010101001000
1010101110100000100100100000001000011100111110111100110100011111
0100011011111101100110010010101010101100001010010001111101000010
1101101110001010011001100011111000011000111001110010001001111000
0100110011001111001100110011010100010010001001010000011101011110
1000000001001010011101010001011001111011011110110000000001111101
0110101010011000001111011101010101001101100100100011011100001010
0000111100111011010110111000111101000111111000111001110001100001
1110100111110100011011101000100001110100100011101101101001101000
0001010001001110111111011001101011000110111000111110111011011111
1110010000000101011001010110010010000110101001011001100111111110
1110100000101111100110010111100110110010111110000000101100110100
1100000000010000011001111100001100001010111100001110010111110000
0100101000001000110000000100100111101111100110011011010000101101
0111010111110100001110110011111000110010100110000000110001010010
1100110111101000101010000110000000100110100011110111000101101100
