1000100001011000011110111101111110000000010110110010111011010111
0011000010101000001101001001010001011011100100110111111110101000
1011110001100011111111100110101001011011100101001110111101111000
1010011101111111111001101011100000101010111010110111111100010111
1111011011111000010110011110001011111010010110101001101101110100
1000100001001101001000000001011001100111001000010110111000111111
0010001111100111111111101011111001010010110000011000110001000110
1011001110000101001111011011111000011010100111111111010100000001
1100010111010000111100111000010101100101111110111100111111000010
0011110100101111100001111001101110101011001000000110001110100111
0001000110001010000001010111101000100101101010111000010011010000
0011101110001100100011111100100001110011011101111000001101111001
1111100010011101101101110100011001111100010011110110111011111011
0100010101111101111011000111000110000011010101001011100011111000
0011110001101111100001011001100111100001000011001100010010100000
1001000101010111100100101101101101001001100111110010010110110111
1100001111010001010101010111111111011101111010011011101011000010
1101001110000111010011010111011110001001001010010101110000001101
0101110111100101111111101000010100111011011001101010000001101111
1100011010101110010010011011111000010011111101000011100110010011
0000010001110101011010010110010000101110010010101101000100110100
0000101001110000111100110110111010110010001110111100011110000001
1011000011011101000011011010100001110101110011100010011011111110
1101011011000101100110110100001100101101101001101001001001111111
0010101111110000010111010101101111001100010100010010010110100101
1111010011101001100001101000110010010010010110010111011110000000
1011101001100101010111011101011111100000001011000000111010101011
1011111111000001001011110100100110001001101001111011011010111110
1111001000000100011110110011001010100111010001010111111100001101
0110110111110010100001010001100011001100111110100011111010110110
1000110010011101000111100101111101010011111101000000111111100110
0110010001101101100101010001111100110011001001101000100000001101
0000001001000000101111101100101110001000000000101000001111011000
0011101100100101111111000000010111100110100001111101110100001000
0011010010101010000111101000110011111101010101010101100011001101
0100101001001111011000110110111010011110011111001001001100101101
1110101000110011100110000110011000001111111111000000110011110010
0111001101001011011111010101110001110101001010110111100001000110
1010111100100101101011000010110011100110000010110101011000011110
0101101110100101100101100011001101100100000001100100011000001101
0000110110100111000010100011001110010110110011111111000111110110
0010101001011100100111110101110010100100100110010111100011001001
0000000100010100111101100011110011111101111001110111010001011101
1101001011100111110010001110111010011101001011000011111010010010
0111001100010000001111011011011000101100110001111100001010000100
0101110000101001010001101001011011110101100111111001100010011001
1000111110110010101000011100100010011000001011000100110000011111
1000000111001000010100000100000111010001100110011101100000111010
1111101101101000000111110000110111001011010011101101011100000100
0110000100111001000010011101100000001101000111001001011001011100
0111011100010001000010111010011000111001000000000100101010000011
0101111001111100011000010100100110100110101010000101101110001000
0000010010001111001010011001000000100001001111110111110010101011
0100100100110010010011101010010010000011110110000011000110001100
1000011000010111011101101011110000111111010100100000100011101111
0001010101111101001111010000001100111100001101001110001010010111
0010001110100101000011010111010100100001110001001101110110001110
1101010001100000011100100110011110111011101101100110001010100010
0001100100110011110010110000111001001011111111001010001001000111
0111001110010010111110011010001001000010110010111001111110101110
1001100001100100100110111101100101000011111011110101111100110101
1110000010011000101101010111100010101001101100011011110001111010
0110100111110001101010011101011001010001000111011100011001110010
1011101011110100001100001100110110111110111010100001111110110010
1111000111101011101000011100100001000010111111011010011001011001
1010111100001100011010101111000011111111011000000101001111001100
1100010100010000111101000101001010001111100110110010111101101010
1110011110110010000001011111011010110000001110010101100011111101
1001111010011110010011100010011101100111001111101110111010101100
1101011100011001010000000110010100111101000010100011000111000010
0111101010010101110101000100110011011101000001000000101110010010
1110011110111011111110011001111011000000110000100110000010000100
1101000001011101111101110111001100010001110110000011010110100011
0101001101011110101000101111011011100000010100010110001000110000
1101111110110110110101110101001010010010011010110010000111111011
1101110000011011110011001001000000100011010001101000000111001101
