0111001011010000101110101101011011110011101010001111010010110110
1100101101110010000110100001000111100100110010010001011001101000
0011101011000110101100111110000111011111000101100101111110101000
0001001011000010101110100010110111110011010111100100011111001111
0101100101000101000011000101100010001111101101100010110111101000
0010101111101010000110100100111000011100010110010110110001101110
0111110100111111000100010010110111010110010011111000001011100011
0000110000000100111100111101011111100101000000010100110100111100
1111000000111000100010111110011000001001000100000111110001111010
1011010100010100101010000000101111001010010011010000010111011110
1011000011000100001001001011111000111101101101001111110000100110
0110101000001000001011101011100100111000111000101100010100111001
1010001101110001010011001110100110010110101111110100011111011010
0000110100001111001000100010001110010110011111101111111110010101
0111100101011001000100101010010111110010100011101110001011110010
1111111010111100111010001001001000100110111000010110001100111011
1011001011000111001101111100010110101100111010001110101010100010
1011000101101000100000000110010100010110001101100000000111010100
1100000010011001101001110000001000111100101000111101110000010100
0111100101011101111011010100011110011001001011001100010011101010
0100011000011101000010111001100010100010100111110011001110010010
0010111011001000000111100000100111111000110001001111001010010101
0000011111111011101001000011000111001110011110100101000001001111
0101101101000100001110111100011001101011101111110111110110110001
0101001110001111110010010000100010001110000110101011100111001100
1110010010000010101000011110000101011100000100111001100010010011
1000111011100000011100101000011111110011100000010010000100110010
1011000011101001110110111001000001110110110011010111001011111000
1101011001000110110111110001010101100100100011111001011100111011
0000111100001101010110011011111001010111100111100001100010111001
0001100110100111111011000010101000110110111011101110000101001010
1101110100100100101011101011010100011000010000001010110101111100
1110011011001000000000010111101100110100000110001100111101111010
0010011001101000010001010101110100111000110000111001011001101110
0110100101101110011101011001001011111100000011100001111101101000
0000100010000010001011010110110010111010010010011101001111011100
1010100101111110111010001011011011001010010000110101111001000100
1100010010101001010001101010000001101000100111100110010001001001
1001001000000001110000011100011110000000001010011000010000100011
1110000111000101110011101110001111000111010011110111011100111101
0001101010100000110110010011011111100111110010001001010110100001
0101101101001011110101111001101010001110010001011100101010111011
0100010011000010011100111110001001111111011100011001110000011110
1000111110100111110011001000001101110011101111101110100110010011
1101100000010001110000100111010011010011101000001110000011001001
0110011101110100110001100010100010111101010001100111000100110101
1111111100101100100011001000000111001101001000000101010101000101
1110100100100111000111010110001010110011110100010001001001010101
0010111011111011001010001000111010101110010111001001000010010001
1110011111000010001000001000000101101000000101111011010001010110
0000110000000111010010001101001100010111011011011111011110100111
1001010010100011000011110111100110001010011100010010001001111010
1111010110111101011000000011001000110100011001111010110000000010
0000100110011000001101100000111011000001000101111011001001010010
1111100101100001000100100111010100010111001110001001101001110110
1000000001101101111001110010111000100101011100001101011010100100
0010100001001000011110100110101000011010001011010001011111000110
1101001000111110111111101001110101010110000010010011110110000101
1011110001101100011011001000110010000001010100111101011110000111
0111100100110101110001000011001110100001110001100011110111111100
1110110000001111000100010100001110100100100100010111101101101111
0111001111001111100011101000001110001001100111001010010101110011
1000011111110000010101101011100011110110111110010011110000101110
1111111101110101010001000001010000111010111000111000111011110110
1011101011110000001011000111001010000011010000111111100110110110
1101110111001101100110101001101110111101011000101101000111001010
0011011010101111101100000110110011110111011000110001110100010011
0000110101111000001101101010010110100111100010001000111000101100
0011100110011011100101111001011110011100001100101110110110001001
0100011011001100001011000001010100010000000111111110101111100111
1101110110101000001100101000111011011000000111110011111110111010
0001001011100101111000101010001110011011110001000101100101110001
1010100101001000011110111000001110011111110110101011110010110000
1010110011100001000001001001010111010000011001001000100000101011
0001110000000110100110100111011111011000010101111000010101011001
1101110101011001110011110111010000000001100111011001000001100110
1010011000000010100001111000000000101110101110010001010100011100
0100000000111111010010010011100001010011111000110001011001111111
1001000110100011101100011011000001111110010010000010011001100001
1111010110000101111001101001001111000101011000010001011011110001
0110110100000101000011111110100110010001001000110101111101011100
0101010001001001010000100100101101011001101000101100001011000000
1010001011110100001100111010001000111010001011001011111110010101
1000010111011111011010101111011011011001111000010000101010101111
1000111010010100111000100101110010011110010110011001011000000111
1010111010000011011110011101000110011011000110010110100000011111
0010100001110101101110100001110100011100111010001010100010111100
0110001011111111100100111011111011001100000110001001001101100110
1111001111011001011101000011100001110000010011101100010001100110
1101110110110010100100000111000000111110110111001010000101110010
1001000111010010101100111101011011110111110110011101001110011110
1101010101110110101101011010010110111010011110111100101010100101
1001010001000111010101101000010001001001101101100000010100101100
0100001000101111011100010011110011001110011001010011101011010010
0111001011011101110001001001110001100000001111001100011001100010
1010001100110011000111011000100100110011111000111011101111111001
1100000010101010001101100101000011001110111110111101010001011000
0001000110111000111110111110010110110111000010010010110011101111
1011001010000111100110111111000110110001011001110111010010011011
1100001010000001011000011010111110111000111011100100000101111100
0001100110010000001010110000110101011100110101001000010111110011
0011100101101111000100100000111110111000011011100100100101100100
1011011010111000010100000001111101011010100110100001100111110110
0000111101111111101010010101111000010101100000001100011111100011
0001111001011010011010101011000011111110101001110100110001101001
1010100011001101000001001011001111010011101100111111011110001101
0100000010110011000100011011010010000001101001100110000100000011
0101101101110001001100011010110110101011000010110011001100010001
0000000010110011001000000001110100111010011101010001011111001111
1100101000000011101101110100110110001100001011000001111111011000
0101000101011000011100110111101101101111010100101100100101101100
1001100100110110100000101101111011010101100110100011010110110000
0010010000001110010101110000110011001010111101100011011010110001
0111000010100101101101110000101011011000110101000110001010110110
1111100111110100100111001010111000111001111010101010011000011010
1011010111101110110100101110010000001110000000001100101010111101
1011000100001000010010010100011001111101010001000011110100010010
1100100101011101011000101001100111111110000000011000010100100101
1000101100011110110010100100100001011110111000000111110101000001
1000011011101111010110001111001010001000011001010001010011101011
0101010010110010000110100011101111001110111001001011100100010100
1010001010000110011011111101101100010010101111000100010100000000
1111100011010101010001110100010111010010111001111011011110110111
1011111000111000010001000110110011110010001111110111000010111001
