0100110101001010110101100101110000011000000010001101001111001011
0011001110101111001000101000101100010111110110011111010001011101
0000111101101000101000001000001100010101110101111100000011011000
1001110100100101101101010010011000001100110111000101010100111001
1101010000101010011000000100101111010100001000100111000011100101
1100101100010111110100101110011001100101000000010100001111001010
0000000010100110101011000011100011100001011010101100010010101011
0100110000010111110001011111101001000110111011100011111110001000
1101001001111011100110110011101100010111010001000010100001110001
0111100111100000000100001101011111010101001011010111010001011011
0011010110001011011100100000100001110111000011101000100100011111
1100000110101000111101100011011110000100011001000000100000111110
1001010100111011000011011000000000010100111010101001011010100010
0100100010100100101001000001000101001101010100100111000110011110
0010111011000010000011100010000010000000111110101101110010111111
1010001011111011100101011100100110010000001100100001001011011001
1001111011110110001111110010000100110100100001100000000000101011
0111101000110010000010010010100100101101110000101110000010000011
0000111100101100100000010011100000110000100111001111111111000101
0110101101101011100000010100100001011111011001000111100011011000
1011111101000011011101101110001101100000110101110101111110110110
1100101001101100101000100111011011111010011000110011010010110111
0011111110011000001110100100101010111100101101111110001101100010
1001100011001011110010001001101101011000000001110000000100100101
0100011110011100110000100110100110011011001010110101111000111111
1011111010111010011110100011111001100111101100001101010110100001
0110011011101001011010110110111101011111111110111010010010011000
1100100101111000010010011110000000101110111000110000100100111000
0011101000111001110011011010100100100011111011101010100010001101
1100110110111001110101101000100101000100110011000110000111001111
0111100100010001000000011110100000110111111100110001110011010011
0111010011011001000111001110010010000000100100010011010111011000
1011110101001111001010011001100101111000101010100011100001110100
0000100100011110000001111001000000001010011010100000011100001110
1100101010011000000101110011100011111100001101101011000101011110
1101000000001001110110100010011111111001010010101000110011111000
0010000000100001110011011111010000110111110111110101100000101011
1100101101111100010111100101000000011110011110101100000000100000
1100110001011001000011110101001100101110110110100101111100100010
0000100011000011111010101010010010110100110010100100111011110101
0010001111101001011110110101101011111100110000101001011000000101
0101010110100100101011111110101010001000101101000000111100011110
1010011111010011010001001101000001110001001101000110110010111100
0101110000011010110101000001000000110100010011111011011100110000
0001111111011101000000011000100011001010101011001010010111001111
0101100011000101110001000100111001100001001000111111110000000001
0010001011001010001111010100000101100000011000010010001011011100
1011010110010011010111111010000011110011001001100101111111111010
1100011001100010101001100011101110110010110101011000011100011000
1011110001100100100110011100100000010111110111001011011010101011
1011100011001001011111010110101000011000110001111010111110111111
0000101000101001111010011000110110010011011010011111011001110010
0111100101011010000010000111100110101111011011101000100110011010
1101010011011110001011001110001001100000111000111101111110101100
0001000101111000110000101011011011011100000001101111111110011111
1101001100001111110100101000010100101101001101000110111101000101
1010111000110000110101100110110011100111111100010001001100001001
0011101110110100000000101011101100111110001110011010110100100101
0000100010001010011000100000101001101000101011010011011100101001
0111000011111011110100010100101000010110010000100111010111011011
1111110110101010101100010010010111010010100100010101101101011010
1101111101000111010010000111001011000000001111000101111101101101
0001010100100101111010111101001100110100011111010010101101011101
1110000010010010011000100101110010110000011000101110101110110110
1111011110111101011011010110111001101111010100011110101011110110
0001011101010101100000001000111100001000010011111011010110011101
0000110000011010010011011101111001000100110101011110101000000110
1110111010101011000110010011100111001110101000111110000100101001
0000000110000001011011100010001111011111100000000010001011101010
0101110001001011010101111000001000000101100000111011100001011001
0010111111101000100000010011011010000010000010000100011111001000
0111110011000101001000110111000001100011111001000010101010111100
1000011000100011010100001011110100011100010101011000111000011111
0010010000111001001001100111110011010110110111010111000000011011
1100000010100101000101010001000001100000110101011111011100001011
