1111100011111001010110000100111000001101110010011101011100100101
0011000011001111000111101001110100000010110111101000001011111010
0100111011100010100001010000100000100010010101011100110101001001
1010100101111001010110001110011010000000010001110000100100001001
1110101011111100011100110011101100100000000101100110011011110111
0000101000100100110001000000111010000110000101010101101010111010
0000001111001011000011100011110110010101010111011100100000000011
0100100100111011100110111001100011011110001110110110011010011110
0011011101001110101010011100001100001010001000010010111111110110
0000000110011010010010001011101111110101000101101101010100101100
0111101100100001000100110110110000111001010011000101011100000110
1011001001001100111010100100011111111111111111110011011100001100
1100000101010000001001100110110001100001001011111010001100000011
1101001001010010001110110101110110011011100000110111111101001100
1010110001010001100001101110111100011100101001100101100000000110
1011100111110111101011010010001110010110110000111100111111111100
0111001010000000010000011100111101000100110101111110001010001111
0111111001000111111001100001001001111001100001100010000000011011
1110010101100010000011011111000100010101110111110000101000001101
1110101000010100000001111110010111110111001110010110101101001010
0011011000010000111101111000001010100110111110101001101100101010
0100101111000000011000011000001111000101001010111011000011111010
0010100011001001000100111111001001101010101011110111100101011110
0100101111100100100111110111101110111101111111000111010111010000
0101011001001010111000001011101110110010011000000101100011101110
1011101100111011011111100000101100101111100110010101010100101000
0101010110010101101100010101101010111010110100100010101000011000
1110000100101111010110110000100000001101001110001100111101100110
0100110001011011001111111010110010001000110111001101100010111101
0010101011001100100111100010110101011010000000011011011111110111
1010100010011011110110100011000011011100000111010110000010001001
1011111010111011011011101010011100011111000100100101000111011110
0011001001010001011101000111101010011100000011111110001011110011
0001011101011100101010100100000011001111010101011010001111100010
0111001001000101111100110110010000000000000101001000000011001000
0001010010110101110101010001011100001000011111111111001101110000
0011011111100000101000110100001111111110000011110011111100101001
0011001100001001101110001111111001000010100101101010111101111101
0110001111110101100100010001101011111111110100001000101111000100
0101010111110011111010001111010000000001001100010001111111110101
1010111011011000001100100111101010011101000100101110100011110011
1100110101110110110111110111001001011001101101100111110011010000
1111011100101011010101001100111110001000110101100001001001100101
0000001111100101100000110101100011000001110000111001000110010011
0111111000010001001001010111010011110111000000000001011110000100
0100111101000000011001011000101110101110111100011110111110110100
0110110011100100011110110111101110011010011110000000000010110100
0010111010010100110100010000000111110010000011000100011001001000
1010010111101000000011100111110001100000001001111100010000000001
1100010000000100111010001011100000010001001111111100000100011111
1110111110100110000010011110011010110111000000000011001100001111
1101111101100100101011010101110011011101101000110101011111100011
1010001011011110010010010110010000101000001011110101001001110100
0100100110011010010110110001010101011011011001011100101001101010
0110110011010111000100001110100000000101001101111011100001110100
0010111110011010010100110100111010111001110101101100011110100101
1010001110011101001001111001111010111111101001000011001001010101
0100110000101000101101111010011101000011010001000101100000101100
0100101111000010001100010100001100000011010111101001110011100100
1101101000000011100001111011101100010111000100111000000010101110
0010001100001000010110000111001011000100111101011110101001110000
0111011011001010001010111011010001000110110100111100011111010011
1101100110010110011001101011000101110011011101100011000101001110
0010101101010011011000110110011100110011111101000000101000111011
1000000000001010100101100000000110100001100111110100011101101001
0110010001011010000001101010101101101011100101000001010101010101
0101001000011111000101100000010001110111001000000111110010110111
1101101011001100011101001000011100110110100110010001001100000101
1101101010010010110010110101111001111101010111000100111101010101
1000011110110011111010011101100001101101000000101010111111111101
0001001101010001011011000011110110110100101000010000110110111000
0000011011000011010000000100111100011000011001001001001010110110
0101100110111110101100110111101111110101001111101110111100010111
1110011000101000010010100011111111110110001000011010100001011100
0011111001100001000010001100010100011010101110010010111101101100
0110010110111100110100100011010101001011011011101100101101110100
1010101100101110111010111011010000110101000011011011010101011101
1111100011010011010011101101110011101101010100010010011011111011
1000001111010010000101101110011110110100010011011011000110001101
0100001001101010000001010111000000101010011010010111001110011011
0111100000110000010000110000000001000101100000101110111100110000
0010011010111000001100111001111001100001110011111100111101010111
0010011000101011110010010101000100000011011000111101111011110001
0100001000010111000101100101111000010110011010010010111010000010
0001001001111101100010110101010010111000001100000011000011110011
1111010010111101001110010001101001010001110010110100100101000010
0110011111011100011010000101010010001101101101000110001110111111
1111100111110010011110011111010010011010011011001111010100011100
0000111011101001010011011101110111111011001100010100001110111100
0101011110011011000000001010011000010110101110001000111011001011
1101111010100010101110010101110001001111110110011001100011001100
1110000110100100101111010110111101101001001111100000000100101110
0100111100010101101101100111100110101010000101010011111111010001
0011110000010001011110010001100001001110110100110100000111100110
1101010010100000000111010100111100010111001100011110001110000000
1111101001010110100100000110111010000110110100100010011110000011
0011110101001110010101001111101100101101010001101001110110011111
1111110110110010111011100000101110010000011100111010011111111110
0100011111111111000011110101001001010110110001110010100101010001
0011011111100111010111011010010110010001000010110110110100001001
1000111010101101110011000001100100000111000100100010100100001001
0100000101011100110001010111101000100110011011101100100001010110
1100100101101101111100001010101001110110110011010010100011111101
0101001110000010010011000100001000110110101000100101101101000100
1110000110010110110100001111000101100101101101111011010001101100
0110010100111001101001011100000110011100011010111001111111100101
1110100001000011100111100100011101011101000101110101100011100110
1010011110000110101000011101011110100001100010110000100100010001
0011110001001000001111000101101001111111100000101101111101010111
1110110101110010001000011100000101101001000101010011110011011110
1000011100000011111110011100000010111110011000010111000100000100
0000001111011000100100001110100000010000111001100100001110110101
1001101000010001101111101100110011100000010110100000011001100100
0101010111000001001111111100000100000000010101100110011101010011
0001100101111001100010101000000111101011100001100010010000001101
0100100100010101110101011110101011100100010000100000100010000001
1011111100010100100101100100100000000011110011011100110010000010
1101011011011111001101111011101010011111001100101000101010110001
0111111011100001101000001011000100001101010011000110011111111000
1000111111001011111011100100111101010010111001100100111011001111
1100011111000111100101010011110001100001101100000111110010000011
1001011011001000101111001001111101011001011100101001000100101001
0111011111010010000010101100111100101111010000011001001010100111
0001111110111110001111000000010011101110001001110101011101111010
1010000001010000010101000111111100100010010010100101100100110000
0100000101000000110000001110010001000000010101111000011111111111
1010011110100010110101110001001010000001000111110101001001001001
0000000010100011101111111011110011000111001100100010110000110100
1111010001110111011001001110001101101001100000001010100111110010
0100111101001001000111001101010101001111000011101010100001010101
0000000101100100111010101100001101100101110000100100111011001011
1010110001001110101011111000100010000111110011010110010011100101
0010010110001111011010100010000100000100001101011000110110010111
0001111111111111001011101000100110101111111011001110101011000100
0100100101010011011100001100011111000011000010111110101110011010
0101101001010111110010000111101000010100101000001011100100100000
1011101001111101010110100011111000101101001010000101000000110101
1100000101110001100001000100011010111010000111111001101010111000
1001110000010011110100111101010111100101011101100110101110011010
0000101100010011101101000100001001011000000001111001111001000110
1100101101010001100010101011010111111010001011000110011010101101
0000110001101001001000100110001000101110000110101111100011111110
