0000111011010100001001101011010011010101011100000001000111101100
0011000101001010001000100001011000101111110011000001001011110111
1011110010111111000111011011100100000001011010011001110010101001
0111110110100010100010001011001010011111010000101100001111000110
1101110001011011011100100001001111111111010001110011111001001010
1001011011101010100011100111011000100100100011010101101010101001
1011110010000001100111000011001110010010000111011110100010010101
1111001000000000111000110110101000111011100100101100010010111010
1110100110011011100100011000110101111010001010000010101011110100
0001101110101110101010010010111011101001000111101001111100000010
0100100010001111000101001001011011101001010100010111101000001101
1011101000001011000100001101001101011111100000100100110001010001
1010111010001011110000000011000100010011001011110101000010111010
0011000001100011110010000010000010111110001101111010100001000001
1101111101100000101101011010101000010110010000000001101001110011
1011100011110100101010100110001101000100001100010000111110010110
0101101010101100000101111010001001011100001101011011011000010011
1110010000000011010101011100101011100111111111101010110110110010
0001000011000001110010111100011101101001101111111100010110001010
0110000101101001010111100000001011001110110011011101011001001011
1000001101111111000111011110000011101011101011111100101001110000
0001000111011110110011010010110101110000010011011000011101110010
1110000010101110000001011101111110101100100110110000000111000011
1011010100011010111101101111110111111111100000000101100000001001
1110111101011111100110110001111101111110110001100101000001100001
0011110111011110001011110010100011001110010111001001110100001010
0101001010111000000011000010101100110101111100010101110010110000
0101001010111010111000100000011011001011101111110010101011100000
0010100111111100000011101100011110111001110111001100100110010000
1110111001000000000100101100011011110011011001111101111101011111
1000011010010011100110010110000010111000100111011100101010000101
1010111100001111110100111111010001110110110100011010000011001111
1110000001101001101000101011001110011010000001100110010000010100
0111111000011010001011110110000110111100010011010101011011101111
1101001101111100000001001000000001011110010000011001101001100111
0000010101011010011010010111111010001000010001101000011011000001
1011111010000000100101000110000111101100000100111000110001011000
1110111001011101100110010000100011001101001010010110000011100100
1010101100010011111111110101100000111100011101001110010010111100
0100100110101011101111101000110110110000101000110111101111111000
0110100111101110010100110000010010101100001010111001100111110111
0011101101000110110011110111011001010001110010000010111010101000
1000000100010000110010111101111011101001001010111000001011011111
0101010100010100010011010101100011101011101010110010110001000010
0001100011001101001001101111110101010111101110011010110000100110
1010010001100000110001011001000001111111100100000011011010111010
1010011111001110111000010001010010010100110111010010001011110011
0000001101101011110101111111000000000110111000000110000101101010
1011011110001010001110010010100000011010101111001001101001101010
1101011100110001100001001001011111110110110010000010111101101100
1001101110000100011010100001001100101110000001111001000000001000
1111011011001011011101001111100101011111101100000000110010000010
0110001010001011000110110111111101100101001110101000010010001100
1110101001000100101101111011011011110100110100110110011001101011
0000101110001000001101000011110101111111000110001001111100110010
1011011111001111110001011000001000001110000110100110110000110010
0011100100110100101000101111010010000110010000000000101101101101
1110110100101011010111010101000100000001101000111100100100001011
0000111011100001000011111001110101100101110110001000110101101101
1000101011111000011111111001001001100010100000010100100111011110
0100111111111011100110010000010010110001000000011011111010011100
1111101001010011000000110000111001100010110101001110111000001101
1111111010011110000101100000100010110110000011000001001100101001
0001001010101110000000110100111001110001100111110011101000011011
0101110011010011110100000101011010111010000010110111101100011110
1110110101000011111001011010101111101110111011010011010010111111
0000001100110010010001110000111000000110100011011101110011110000
0110011111101111011011011101010100100011100010110100000001010000
0011000101011110110101101111111010100001000110010001001100101110
0100011101110010011011101010000010001100010110010011101110100100
1010100000000100101010000101010010001101101000111100110011000100
1001001100111111010001010100011110010011001101000101100101001100
0001111011010110100010001010101101010111010110011100010100100011
1101101110011001111100101110110100111011110110011011111000111100
1100110000011110110100100110001111001010110010111110011011110100
0110011011001110000110110110011011000111010111011111100000100010
0100110111010001110001001000001000100100000001110101101101110001
0011111001001100100100101100101000001110110101001011111001000101
0011110110111100111001001001111101100011101101110110011101101010
1000111000010000110110111000001001011111100100011100001001111100
1100010110111001011101001001110110011011000110110110101010101011
1000111011110010011011011110001100011100111010111110000110000100
0111100101001000111110010011100010001000111101100111100110011001
0110010001100001010001001011111010011010001110011000001000001010
0101101100000101001010011000001110000011000010110111011000000001
1100100111001001101001100010101111110100001100011100000011101110
1001011100011110011110110100001100101100000000100111111000101011
0010000101100010001111010100010000100111011011011110101100111100
0000111101001101111001100000011000100000010010101001010111000100
