1110011110000010101000110101011000010011000001101101001100100010
0100111010111110111110101111101001011101100110000000110000111000
1000010010111100101101101111101001100010011011111000100001110110
1111100110000000101000001010010000010010011011010110001010111110
1011001001011011101100010011000010010100101101110010010000101101
0001100000010001110010111100010111110001011001111011000010111011
1100110000001010101101011001000000101011000101000010010001000010
1111011001101011100100100010010100100111111001101011110001100000
1001001111000001001111111101001111110010111001111100010110110001
0001001000000010001010001010101001100011011010011111100111010100
0100001100111010100111011101110001000111110001011000100001111010
0110011001100001010111001000111111001111101000111111111100011000
0111010111000100101010100011011000101110110110000100011010001000
0011110001100100111000000100101000000110111101011111101110011001
1110110110100011101111111101111011110111001011001111100101001101
0011101110111010011100001011111001100111000011000110111011001111
1000001001011001100110000100000001001001010110001100111110010110
1111110000100011011000010001100001101001010001100110001101000010
1011100010101110100010000100011010101010000111101101110110000110
0101110111101000000000011000001001001010011011000010000000011011
0100010110111001000010111000001101100001111010011110110100010110
0110101110000110101010001010000010111011010110000001100001000100
0001110011110101110101000101010101010011001010101100100011010001
1011100000110011100001001100100010001001011001101101001011001110
1000001101011001011111000111111000011001001101101011111110111110
1111110110000110111000100010101110000000110010100101011100000111
0110000001000011111000011010001010010100101001100101011111101000
0110011010110000111011111010010010100110110111001110110000100001
0101010011011011101111101111010110011101111100000100010110000010
1100111000010001111011100000000011100011000110100001101011001110
0001001010110110001100100010101010110000100001101101101000000011
1110000011001101011101010000110000011001000110110100101111100000
0001000110101111011110100110001011101101100010101110101001100110
1010101110101011111110000100100101111101000101001010110101111010
0011001101001101110000101110000010000001101010100111111110101010
1011001100001001100100010101000110101110010101110001111100111101
1101001101100000010100001111010011010001010001011010010011000101
0101011001011011101000000000110011101001100011000011010011001110
0000011110000010101010001101110010100101110100111000010001100001
1101101010001001011111001110001111000100000110011110000000100111
0001100100110011111100000111001110110110101000101101001111000100
0111110111011100100010100010100100000000110011000010100111101000
1010001011110010001011001101011111011010110001110100001101011111
1110101000001100111010001001000101011001110011001101011101000100
1001000110001110111111110001110110100001011000000010000000100011
1110100100111101010001111100000011001001101010000100011000100000
1101011011000010000011011011010000100001100011100111011000111110
0011100001110101001100010100100100110011001000100110001000001011
0110010100000001100100100010010001101011010111000111000000000101
0001110111101000001010000011100111011110010110010101110000111011
0001111101001000100101010011000011111101101000000010011010011010
1010100100111011110011000000001000000100011111001010111001111011
1101000001100011110001100110011000110011001101101000011001100011
0110011011011100000111111011011101010101001110111011101000111001
0011001001110001010000100001101000111000010101101110010010101001
0111110011010101101011001111110010001110001000010100010110011111
1011000111111011011000000010110011001000000101111011110011001000
0010000100011101001111110010100000010000011110010101000011111011
1101100111001101001001110010101101101010011111110110110100011011
0001101010001100000101001100111010101000001010011001000101000110
1110001010111100011111001101101001111100101000111010001010110111
1101010011101001001110110010100000001111101111010000111000101000
1000011001111010110010100011011011110101100001111000011110111000
1111110000100101011100000111000101100011100010111010001010100100
1110111110010100110001011001101010001101110110110100111010101011
1011110000110001010011010001010001110101100101000110001011010110
0011001110011001011100110011001110101110111000011001100010000011
0001100001010001000001010100110100001000000101011110001010111011
0001010100110100011001011011001001101001101001101100110011100000
1010100101110010011101000001100011011100111000111101110001111010
