0000111011001110110110010100110101101101010111011110010001011111
1111010111011000100011010111011110011101011111010111100111011001
0101011100010110000011000111001100001001001100010101100111111111
1001001010101000111010100010110011100101010001111101011000101110
1001100111010100111110010100101001010100011101101001001010010101
0101010101011011100101111000101001101000000001010000111000111110
1001100011111001011010000001101000000110001010001111110000000111
1100000001100110001010011010001111110111101100101100100011100010
1110110111010001110111011111110100101111001111001001010111110000
0110000101110001001000101110011110101100111010010110110000011111
0001011111101110011000110101011011001010010000011111011101001010
1101100010111011111100011110010001001011110000010101011101010010
0011011100110010101100100000000100011111111110111111101111000000
1110110010001100001000010110010000111011110010101101110101000100
0001000011000110010111000110001000110101110110010011111100101000
1110110111010110011011001100010011010100000110111110001000110111
0101111010011010100111100011001111010100000010011000010010100010
0111001110100010010101010001110111110001011101110001000001010101
0101001111100001101010000011010011000001001001011100010001011001
1101101111110110000010011010010001111111110110101100000010001110
0100010111000111110100101111001101010101100110001001010011010100
1000111011110111111000000000101000011000100101101001000110000001
1111110011101101100001011011000111011111011100100010100010001100
1010001010101101000000011100010011011110110010101111100110101011
0110000100010100001000001100100000011111011100111100111110111110
0111111011010001000010101101111000000110011001110100100110010001
0001010000101000001110011010100101001101011111011000001110110111
1111001101100100010010101101111000011010101100111100001110100011
1000011010111100100000011101010001110100110010111000011000011111
1111100101101101110011110001111001101011110010101101100100001100
0111010101000110100100001101111110000100001011000101100101001101
1010111110001011001100110000110101001111010000100001110101111010
1101101001100001001101000001010101110110001110110101010111110011
0011110011011100010011111001010000011100000100000101010011101011
0001000010000011101101111011100101100111000100011000000111000110
0101110100100011110101011011011110000000100010000010000100110111
0011101110000001100111000001010001010011000100101010010000011110
0011100100101010011110111111010011001100000010100100101001001001
1101100101110000100010110000011111011111110110111100101000010111
0010110101011110110100011111101000101001010010010001100110001000
1010101011001100111110111110011111000101100011000111010011011010
1010000010100011000100001010001011010001000010001011000001100010
1011110010010011001110100110001100001000111011111110111110011101
1001110001100111100000000100000011110011001000100010000010000000
0001110011100000010110100101010110100011011001011010010111001010
0100001100101011011010101011000010101111011100011010001100101010
0011101001010100111010011110100011110100001111100101110101101001
