1111100101001101111110111111001010010000110111101010101000100101
1100110110000100110111000111111001011000101011000011111000000000
0110100011001111100110100010110000011011010111110011101111000011
1011101000000111010101001111110111110111111100110111000000111011
0001011111101001000010001000101101101111011001011011100111100110
1111100000000100001111010001110000010110001010001100001000110000
0111001111010110111110000111111111110101000110000111100011110101
0000110111001001001010000101100111101100110111000101000101010011
0011011111000110011110010110111010010100001011000010010010001110
1100110000010110110100010101101011010010000101101000101000100010
0010110001111111000000101000010011110011000000100011011001101101
0010011011101111010110111100110100001101011110111100110100100110
0111000010111001001011101111111001111101011011111111110110011001
0100000001010101110110101001001101110100001010000010100111001111
0110101111100110100000111110000101000000001101110111010010011000
0101011100011001000000000111001111111101011100000010110001110011
1010000001110111001111110010100000111011011110010111100110000111
0100111011101011010010110011110110011100011000001110000101111111
1101111000101011000000101111100110101111111100001101110101011010
1000111111010010010101100111100000101010101100010010111001101000
1100001010011001010110101001000100011111001100001110010010110110
0100101000100011100101000110100000111011110111000010010011000001
0111010101101010011010100111001000011101001000110011011010101111
0000100110010010100110010110010011100010011101111110001111010010
1100110010010010101100011010000111010011010100110101100010001011
0010011101011111010100101111100000111000000101111110011001110000
0100100100000011000001101111100100101100111100011101110011100000
1110110101010101000000011001000001111001100111001010010001011110
1111111010100100101010110100101100101010001100010100100011111101
1101010011001110000100110101100010111110011111110001100100010101
0111010110010111010100100110110101010000011100011101101101011110
1111101110010011000010011111110110000101110110110000001110000100
0110111110011011000001101011101000110100100010111110001010111001
1101000111111011101000010011110100001001001001000111011000001010
0000010110110100101001000100100101011010110111001110000110010101
1010000010101001001110011001010001010000101101100100011001110000
0001001111110111001011000110111010001100110001111010111011110000
1101100011011001101001001011010000011001111100011011011011010011
0011100000101000000011001001111001000111001100111101011001100100
0000110101000100011001111100100011011011000000011001100110010100
1011011101001010101010001011100111110000100101010001001000001100
0111100110101110000000100101001100110111111000111110110110011001
1110100001101110010111101100100000000100100100010000100100101110
0110001001001001100011000111011010111110000010111100011001001100
0111110010011110100001100010110011100110010101111100001001110101
1010101011101000001010110010001000111010010010111111101010001100
0101010100000111000011110110110001100100111101101000101001111111
1000010101101111110111010000100111010111100110100111101111011011
1101100101000011101111101110110100001100111110101001011000000101
0110010100110101101100010010111011001111010101001001000101111000
1110000110100011000111010111111111000011111010000010101011100011
0100101010101111010100010110000010100100100010111010010101010001
1011110001010000101100101000010010001101001011100111000100110101
1110101010100001001111010110100111000111000011000010001001010100
1100111100101110001101100010100111001101000111100100100010101010
0111011011100100110101001101001001000010111100110001011101011011
1010100011001110000010001101001010010100001110001100000010100110
0011000100100000000101010110000010010010101100111110100000110111
1110011111000001111000101110000010110010110101110000011100001101
0011000000100011000111110100110101110010011100011101101111001111
0110010101111100100110010010001101001111010111000000101000000110
1111001101100000000001000101110100000001011111000001001010010001
0000010101001110101110110000111111000000010110110110101101100100
1110110000110100110111000011101001000101110101101001101101001001
0010001110111000111101000100100011100000101000110111100001100000
1110011111010101010110010010101010001100011010011001010110000101
0011000100110010101011101011110110011001110111001011111000101110
0101101011110101111101011001011110011000100001011000010100000001
0101011111111100000100001111000111100111010001111111001001110110
1000111100011101001100110001101000011100001101100110101111011111
1010101110101101010101000000100101101001000110100110100010000010
0111001101100100111001100100110011000001101010011010110100011010
1011110100001011011000011011000100100001010111101011001110001111
1101111100010000111100110100100101000010010001110111101011111000
1000110011010000010000101001110010100011110100100001010101000110
0001111001000011100110100000011011000011101010100010000110101000
1001001001100110000010001100000101111111101101010100000100101010
1101011110011101110000110010111100000001110011011000010100010111
1100110001001110000010101100011111100011110111111111100010101010
