0010111010000000101011011010011001000001101010010000111000001100
0101111000101001110011011110100101001111001010010111110100000010
0100100010100100111001110100111000010111010111111011000010010111
0100111010000001110000101000111100101001011010011000100111010011
1110101010001011011010001000100010011011000010111000010001110001
1001010001001000111010000011011010101010010011010101000000100011
0111000111111111110001111111101100011001111011001000110010001100
1010100111010010111000100101111011111110010111110011100001010100
0001010010110110101101111111100000111010110110000100000110000000
0101000001101001011110000101110001110011111010100101100110100001
1101110000011001110001001010000010011010110001011100000111111100
0000010110010010010111100111000100001101110000010101111001010100
1000100000110100110001010000000011001011111100001111101110010001
0111100000111110000001100000101010111100010100010000000110000001
0101110110101101010100000111010010101111011100110011111000100011
1011100010010110100111011100111001001110101010000011001010110010
1101100111110111011110011000101000110101000001111111000001111101
1111001111110010011011000111000111100100101010100010101000010011
1000001010010000110001111101011111001101011100000101010101100110
1010000101000001011011010000010010011101101011111111110100111010
0011001001011000011011010111100010000010110111001001111111011110
1001011011111111110100110010010010011000001011111010000101111010
0011111100011100101111001010001011101010110110100001000110011010
0101110100001011111011010101110000001111100111011000001111010011
1101101101010001001101101000000110110100101000000011110000001001
0110110101110000111101101010010111100110000101101011010101101100
1100111110110011111011010100101001000111010001001010011110010000
0100000011001110000100011101100101000110001101110001001010001011
1110100110000101111000000010101100101100011100111010100101001011
0111001110011000000100110001011110111000011101101000000110101001
0101000101001001110111011010100011111000000110000100000111010101
1100101110111100101000101010010010111111011001011001011010110010
1000011110110100110010010101010101110011110100011110000110000110
1100110111001010001001010110001010110001111110110111110000101111
0110101001110001111001011010010011110001001000000001101100111011
0100011110000101101000000010111001001100110110010101101001101001
0101000111010111110001100100010001001100011010000101100001001011
0010100110000000011001010010010010000100001110100011100000000111
0000000001000000111100100010101101010100110100111010111111101001
0010110000010100011100000011010100010111110111100001100001000101
0000011100001000100000110000110101110000010111100101110111100111
1010111100111111101111101111110110001110010010010000101000000101
1010111011001010001110000110100010001010111000011010000010100000
1010011000010000001100110011110101111101101000110111110101011101
0001101001010011011001101011001001001101000101101001000000011111
0010110001111000110010000010101100010011101110100101100011011101
0111100000001111110100101000111100000010011011000011100111010101
1110010101001101001100001111000101000010110010011111010110110010
0001111101000011110010000111101001110000111011011100011110001000
1001111010100111100010111010011011010000111010010100101001011001
0110011101011101100001110011010110101100101000111111100100011111
1110100111101101011011100011001011001011100010100011010011011100
0101001110001011001101000011110100001111000010111100010000111111
1001110001100000110101011010010111011000001011100010010100100111
1010110001001101000001110101101010100000001010111011100101001101
0110110011101001011000011100111110010000110111101010110110111111
1100111000011110001110011000110010111000001110000000100100101001
1100100011101001001100000010110001100011011011011010101000111011
0101010111010000100100000110110000000001011110001111010000111001
0010110001010010101011101000011011000010110100011001111110101101
1111001101100011010110101100011101101001011111100100000111100000
1110010111110011101000001110110111111110100000110001000000011010
1011010010110001011101010011001100001101110101011110110001101010
1110100111111011011001010011110001001110111100011101011011101011
1001100100010000011100111110011010001000001100111000011110001100
0011010011110111110001111111101000101011001100001001010001100111
1011001110010111010010011111000010100001011011001001000110000110
0110000001001110001110101000101110001111010011010011011011000000
0001101001011001110000010100101010100111111110110101100001010110
0100000010001100100010001011011011111100100011100100100110110101
0111110001010001101000011001001000111010001100010101011110011100
1000101111111101011110010000100100100100110010010100000110110111
1100110011101001010110000001010000101000001000000010111101000101
1100010001000000111001010111001111001001011100101011000000110010
0010101110100000110100110100110010000000111110101011101110010110
0000001000001010000001101000000110101011101111000111001010001100
0010010101001001110010111000101110001000111010011000100110110011
0101011100111111000100101100001011010111011010011110001100000001
1100100100000110001110000010111111100001111010011101000111100010
1011001110100110111000111111010111010011000011000000100010111111
0111001111110010000111011010001001111010010110100000011000010100
0111110111011000111000101101000110001001010100000001011010111101
1011100110000100100111011100000011101001001000001110000011000100
0010010101100001100101111001011001110110101000100011010010111110
1101100101010110000100000000101101110001101101100011001111110101
0010110111100100101110111100101101100000101000101110101011011111
0001100001100100000000100010000011011110011001111111000101011101
0100010110010011010001101000001110100011110111001100011100000000
1110000010111010001001001001101111011000101011000110101110110011
1111001010111100110010101011110100110001111110100101011100011111
0101110110110011111001011010011100010111111011110000010101101110
1011000011000100111000010010111100100010111010000100001110101000
1111101000010101111001000011000101110001000110011101101101111111
1110100011000110000011001000000010010010101011100100100101001001
0110101110000100011000100001010100001000101111110101001101000001
0111000000000101111001011101101001110011110000000010010011001110
1110001000110011001011101101100011110111100010100010101111101010
0010001001011101100011000010101100110101001111001100111010011010
1001011101011100111001000101111101101100100110001100101000000010
1000001001001100100001001111101101111101011100010110001100101110
1010010111010110111101001000110111110100100101100101100101001000
0010001001110000110100100111000101001111110000010011000010000010
1111110001111000111111000110111010010110000101001011111011011001
0101101110111111111010001001010100010100111100010101000100110100
1110101001011011100111000111010100100111110100100111001101011100
