1001011111101100101111001111110001111100011010000111111100111011
1110110110001000100010111101110110000010100000101000011110110011
0111111111001001011011001000011001010100010110110111001011110100
0010000111101100011100001111001001111000000110111010000001011101
0111001111110000001010010100011110100001001110110111110010111100
1111000010100110100000000100011110101001101110100001101001000100
0111100111111110100001010010010110010000010010101110111110010110
0000010001000001100010001000111010000101110001111101011111001001
1111001110011110001110110010000110011010110101010000101010001011
0100110000011100110001000010010101111110111001111101011011001110
0100010011001010100100001111010111101011011101111011011100010110
1001101001110010110101101001110001100010010110101011001111110000
1000111001010111000000101011101111011110010110011011001010001100
0111011000111011010010100100110000101001100011111001000000010111
0100000101000000111011100010010001010111010100100111110100110011
1111110111110010101111100111100001101000011011101101001010010000
1000100111000100000011110000110001000111110001010110001110000100
0001111101011100001011000000010100011010000100111111011111101110
0110011011111011000111000100010110101101001011110111101110000010
0011000100011111010111111010011110010011111010010110110111100010
0100111001101001100010110010100000001101011011010000011101101110
0000010011100101001000010110001011101111101001000110110101101000
0111110110100000110110100101000000000011111100010101001000110000
1010011101010100111011000100101000100100101110110000011001001110
1010101101010111011000001010100011000111101110110000111110000110
0001111000111111101110111000000000111101110101100010011100100100
1000110011010010101101001100111011000100111100001001101010111000
1001001010000111001111100001111101101001111011111111100000110001
0110000101101001101000001110111100011111010001110011000000001110
1001100100011100010011101010000110100000110000010100111011010010
0001011001110010111001100110100001001000000100011001110100000001
0100000100110101111101100000110110011000000101010101001111100100
0000110011001100000100000101110101110011010100011011110101110011
0000000111110100001000011111110001010101111001000111011100100011
0111011000100011111011000000001111100110011100011010011100110100
1010100101101010000000011001110100111100101100010000001100101000
1111000010101110001100111000101011011000100010101111111110000101
1100001101101110110111011011111100001110100001010010001101000001
0010111010010011101010111110001100011001010001000100000011000101
0001100011000001000111010000110011111011101111110011001011011111
0011101001100001111000101100000000000110001001001010010000101010
1110001000101000111101110100011110111000011001110110100010111011
1110010101110110110010111011010110000011010000011001110101101101
0011100000010011110101110000100011000011111111101110100011000001
1110101111010001000001101111111100001010110100111100110111010100
0011110111001001001100001001010000110101010111000101100001101111
0001001010100000100100111101111010010000101110010111000010011011
1110010000110100000000001110100100010110011100011110111001100010
1110010111101000010101100101100110110101000010101100001001110100
1010110010010000001100100011110111101110101111101010001111001010
1100101011100101100001011011100101111010001100000101011110110111
0100111101101000010101100111111100111001101010010011010000010000
0111101111100111100110101001110110100100011100001101000101100100
0111000010010000000010100110110110001110010110010110111100011001
1111110110000001010101100010100011010111101100000011110001110101
1011011001101101000001011011000110011000110110100100011010100000
0011100100000111010001001101010011110110000010111000000111111101
0011011001110101111001001110110011000111010000011100101000011100
1011101101010100100010101111110101000011111011000101110111111001
1000110110010110111101110000001110100011100110011000100010101100
0101101000100001011010111011001110110111101100001011111100110010
1000011010010001101001111000011010100000001111111111001111000111
1011111111101100001100100010001011011000100101011011000110001001
1000001100010110100110000100001100001010111000000101000010101000
0000000101011000111101110010111111000101110110111001100111011000
0110001110010100001001110001011100110100111001110001001010100010
1000011101100111111010111001101100001101110111111100001010011011
1110100001101010011010011011011011101110010001010110011111011100
0000011001010110100101101111111000011001111110010010111010010010
0010101101011010111101110001011010000100111110111001110011000011
1001011111011110011001111000010010011110100110101101100010000100
0010101101111010001011000000100110111111001000000001101011011000
1101000011000100011111101110100101010111100100011001011011101110
0101101010000111011001100111101000100110110111011110000000101000
0100010101011000001000011011101010011100011000000000100010000101
1000011000001100011001101010011110101111010111010001001000000000
1100101001110110000011000000011000000001111100101011011100111100
1100000100000011100101101101111110001011111101001101010110110011
0110100000001011111000010110110110100000001001001101001010001101
1111110001101000000110110011010110001111101111101100000010000000
0001001101100110101101101111000100010111010011110000111000011111
1101111001001110011110101011111100011010110100011111010101011111
1001001000010101101111110100100000110000000011001111000100010011
0001011101111000111000011111010001010110101010010100000010111010
0110110001010011001101011100110110001001000100010101011001110101
0000100111110000001101111110010101010000110101101111001110001111
0010101001010101111000111000010101010001011000101111101000100010
0011010011110101101101011000010111101010000111100110111111011110
0110111110011111010110100101011101011101011011111110100010010101
0100101011011110010110110011110011010100001010101110011010110001
0101010001010101100001011111100100001010001010100011111101111001
0111110110101101000010010000000110110011101011010010001111010001
0000010010011011010010011100100010001101111100100011110000111011
0101001100111010000111011110000001011111110110111101110010011010
1111111111000000111100100100110001110111110111101111100011011101
1100001101011101011100011100100101001011101111101000000111001000
0101010000010001000001001011100100111000011101001011101100000101
1011001111000011101111010001100101100111011101001110110111110011
0111011100101110001000100000110100011001000101010000111110100111
1011100110101011110110001000011110011100010011010100111100011100
0111110011110100100110011010111010101110001111010010010000101001
0110101100001100011111100011011110011000100010111110110110111001
1101000101001110000011111110010001111010111001010100100011110111
0010111100000111100111111101011111101001100001011101101000110101
0110001011001101100000010101111101011100101111100110100101100100
1101110100000011100000100100110110011101011110001011011101110110
1111100100101110101001011010001111001010001111101001101100100001
0110011000001011001111000010101100011001110101101100111111001100
0111010011111010111011010010011111001001000110100100000110011000
1100100101010101011101101111011101110000110111101110011001111001
1001110001100001111111110010101101101001001101010010001010001100
0111011000010010111011100000001110100111011001010000000000111110
0111101101101011011111000101011111101101100000111011111000001000
1000011000000101110110111010001010000011001000111000101100110101
1100011101110011010000100010011100011100000001010011100001100011
1001100000010100101010100000010001111101011011011101000000111000
1001011100111101100011010101000110010000001100111111101001011101
1000101101110111010001110000100000010111110011011110000110001100
0000100000000010111101101010011011111111101011011011100100000101
0011100100110010011101110011011000010110010100111110100011010100
1000010011011001101010111011101001101100110000100100111001111010
0011010110111100111000100111011011111101001000110000101001101110
1011010100011000000010001000101110011000011110110000101001001001
1001010110101100000100100110110110110110011100110110001110010111
1100111100110011111000001111101100011111010111010011001100001101
0010011101111011010011010011010101111000110010000000001011111100
1111100110001011100011011111100010111111101011010011001111000001
0011101101010001100110110110111111110011000110000111101101110100
