0101010000011010111101111010111111000011100001110101011011011000
1010001001001111110110001000001001110011001001111110110010110100
1111101100011111000010000000010010101110101111101111100000011011
1011110000110011100100010010110111100111111001001010011011100001
1011111111110111010100101101011100010110100010000011001111110010
0100001010111101110100101001100001000011110001111011010011001011
0100011101010100011110110011110010001011010011100010000100010111
1100000110000100011101111101110000000110001000011011111111001000
0110010000001000111101101000011001101101011011001110110010000001
1001110100100000010000111111000111011001101010011000101111011001
0011001010100010100101011010001111010100001000111110001110001111
1100111010001100101001010101000001010010111110010100010000000000
0100001111000011101000100001011011011111100011010111001000110111
0100100101010110010010110111011011110010101011010001100010101000
1000110000001100101111001111101001110100111001111110100000010011
1110110100111000010000110110000110111010111011011011101000111101
1101000110010000101100011111011011101000010101011101000011110100
0001110100000000001000110000101101001011011111001010100110101001
1101111101100100110100011110100101010000111110100011011011011101
0110001101011010011001100100001001101011101100110111111011010110
0001011000000110011011010101111010110110010000001000101000111100
0000011111110101001110110010100111010001010000101001111111111111
0111110010011000110000100101001111001110110010000000001111111110
0100101000110000001101110101011011111001101001010011010000111011
0110111000110100011010111010001010011101100011110111111001110111
0011100011111010011011110000011000100001101111111011011010010010
0010001100010101100011010001111111110100000110001111101110010101
0010100011101001000000111010111011010010000000101101001000001010
0100101010110001011010011001010110000000101100110110100111000101
0010011001000101011111000000101111001111010000001011111100010100
0101011011001011011110010001111001011010110110111111100101110110
1011010010100011110010100010000000000111010110010010101011000001
0001110000111110011110011110110110010100101100110101100010011101
0001111111111110000110010000010011011001001001110000101011001110
1001110001001110111011111100010011001011001001111011001001001001
0010101010101010110000100001001000000110001010111010001101001100
0011111110101011000111010110001111101101110101100100010001100011
0001101001110111100001000110010001010010001101111011111110000100
0110101000011001101010111101010010100000000101011110000110111111
1010001111010010110001111001110010111111110011001001010000100101
1000111111111010001001000001101110101100001100001100110011100000
1000000101000011100111111010001000000001111100001101101110011101
0111011110110010100101111111000110100011101111001111100101011100
1010100011011000101110010110010101001110011100101000000101110000
0111111100111000101100110010101001000001010101000110110010100101
1000011100000101100111111110010000000011001000100001010100010010
0111101100001110001110111010100100100101100101111101001001011110
1000110000111100010100001101100111010001001001000100101011101011
1010010111110110111110100010011000100000110101010110110111001100
1111111001110010111011110011001010011101011100000100000101010010
0000000001101110101001110001000011010000110101100011011100010110
1000111111011001101110111100111000011000011101101010100011110010
1000001000010000101000010010111001110111000110100101011011010110
1101111101111101111011110100100110111000001111111110100010011000
1011001001111101011011010100001010111001010110100110000110101011
0010001000001110100110101000011101111101010111001010001110111101
1010001101011110000000011110011000000100101110010001110110101001
1000011100001010000101010110100000010111001001010000100001000110
0111011110010111101000111110011110000011000110101001011110111010
0010000110110110010101100011000101001010101111010010111110000001
1000000010000001000000010001001001011010100011011001001001100100
1110010001011001100110111000001111100011011010110010000100100110
1111111101111111110010001001110101010010100001001011010001110010
1010111100011111100001110111000110011000001010100111101001011011
1110110110011100010111110001011101111010011111000101111100100110
1110101000101110111111001100101110110101001111100110011110010000
0110111111111011110110000111000010100100100011101100110011011011
1011110011100000101001011100101000100001000111010011101101011101
0100000000011001010000010000101000001000011001001110100111001111
1101011010100111000011101011000101010001010111110100101110010101
0101011010001001000111100001011100010111011010001011100010010001
0011110011101010001010111000110111000101111101100011101110010001
0100000001101100101100001000011001111111001111111101110011110000
1101001011011011110001110000001001101001111001101100101110100001
1000111001100011010111001011001101110111100110001010110110011100
1011100101101110000101100010000000111010000010001011000111100000
1100100101001011011100110110010000111001001100011100011000100010
0111111110011110110000011000111100101011000111010011101001111100
0110011110000001011110000001010010011100101001100011100001110100
1011100100010110011011101001100000111001100011101111000111010100
0001101011000001010101110001011000011110000001001101110001101011
0111101111111110000010101010101011110010101111011011111110111101
0100011111001011100010011110101100011100000011010100001100001001
0000101000110101000110101110111010011111011110000111110111100000
1001101111011000010110111010001000000110011001010011001111101110
1011111100111001001001010100111011101010101000001111100111101100
0100001000110001000001100001001101100011011001110100010110001100
1001011101100111000011010111101110101110001110110101110100000000
0110000011010001100000011110001011100101000010000000110000100110
0010010111010011100110100110110011100100011110001111001001110111
1011011011010111000110011010110000101010100100011011011010111000
0010011001111000001100100110110110001111111001110110001110101011
1100110111111101010011111110011000000101110011010110110010101101
1111010010001000000010110010010101100010111101100011010001100000
0101000110100001011110010001010101101111111001000101011110010011
1110110011011011101010110010000111110110011011000001000010100010
1111010011110101010100110011001100110000110111010011110101001100
1010110100010111101111000010100101011101001101010101100000000001
0010111000001011100000110100100001101110110010111111111110101111
1101011101100001000101100111111010111100111100101100110000001111
1011001010101111110010110010010101100001010010110000010110111100
1100010111111000100000000010111101101000110011111001001011100000
0001101010011101110100110100000110101001100001110101001010111000
0000010110111100010101100000001110110011011010100000101010000101
1001010111111101001000011000011111110010100101011001011010101001
0100110011001110100010000010000101101001100110111111100110111010
1101111111111000110000100110000010110011000110011100101010011110
0001000000100011000001111001010111100110110100010000001110110111
0110011101010001110000010101011100010000101010011101000101010111
1101000101001011010011011001101110001011100100001101011100110010
1111101111100100111000110010110011100100110011100111111101101100
1111001100010000000100000001011010100100111000111011011011011001
1110001010011000111100111000001101000010010101100101100111000011
1100101001001001001011101100000000011110000111111011010010110000
0000011001010010001011101101110101111010100111000001101011100111
1010010000101101010110111011011101101110001011001100100011111001
0110101001101000101011101101011100010100001100111011000010011111
1100010111111111011110111110010010110101100010010111010001100001
0001100101101110100001101111101111011100011101101101110001011100
0100011001001000011101000011100000110101011011000000101111011011
0111110100100111101010111011101111111111010001011010010110000100
0111100001101111111100011011100110000000111100100100010000110100
1111100011110111101110101101000101110110101110110100101000001010
1000100101010001010000011001011111101001110111001110110101010101
0010110100100010001011000011010100110000001111010100111110011100
1100011010011110111100100001100110001101101101010011001111110110
0111100000001100110011011111011010001000101001010111000001101011
0110101001111011100110110010100111110110011010000111011001101101
0111000100010001001000110001011000111110001101010011100110111111
1111110111101000001001110110100000001100010000110011011111001101
