0011000010100001000101110100110000011101011000111110011010011100
0111001101000001011110011011010000000100011111000010100011101000
0001000001101011111000110011101100111110000111000101101001101111
0101111000100001000111110010001011100000011110111100111001101001
0001111110110100010010111110111111011111111110010000101111011001
0100110010101011000001110101001100010101110010011010001100001010
0011011011001110000111100000010111001101000000111010000000001111
0010011100010011110101111100100000010000001111100111001001010101
0000111001001000100000110011111000010101111000110000111001001110
0000000000110110110110111111100111010110010000001111000100100011
0101101010100011010000011111000111100011001101011100101100110000
0011101101000011100110101000000001011100101100101101111011011011
0011010110000010100001101110111001010100010100001111011101010010
1001101001000101010010110010110001111000110010001111100011011110
0001001100101111100001011011111010000111000011111010011101001000
1011101111101100100010000001110101011101010010111000010000100101
0111111101110001101111100000001110111000010010010000011111001011
1000010000110011001010100010010101010010111000110010011001110010
1111101100011011000100001011001010100010001101110101000100100110
1110110110011111000011001001101101000011011010011100100110010001
0001011110111011011011100010111001101000011101100001001101101100
1000011100101101100011001100111010101000001011111100011000100011
1010011111111011110101110010001000010010111010001110110001010001
1011011100110110110001010100010001111110111110110110111011001101
1001011011000100100001000011010011100100000101110011000110100101
1110101001010101011011010001111010001000010011101010011110011010
0010011101110110100101001010000101100100010100100011101111011010
0011011011010011101100000011100101101110000110110110001110111100
1100001000000111101001101100001101001010110001111001111111001100
1100100011010000011100010100110001100000100111001101110010011110
0010001001101110011001000011010100110001111010010000000101110101
1001000010101010100110101111101001111100011100010000100101110111
0100100100111011000110000011111110111111111011011001011001000011
0101101000010001110010100010000101000111100010100000111010100111
0100101100010111100011110100011011010110110100001110101001011101
1110100101110111101000110110110110100100010110000001101000110100
1001000000111001000001110000001111010110011101111100000111100010
0100010101000110000110000101000001110111001001110001011001001111
1111000001111000100110000011111001101101010000110100010001010100
0100100101010011001100101011111100111100010010110000001010000010
1001011011100000010110110001101110100100110010001000101110100111
0111111001000001000011001110001110001011101010000000100011100101
0111101011010111101110100110011001000100010000101010011101011001
0101001011100010101101100010000101100000010110011100001101111010
1001001001110010100110010011011101110000010001000010000111001011
1000101001101111101100010010010010100001100000001100010110000100
0000100001100000100001001101001101011010001110101010001000111010
0000010101011100010010010101101000000110011000001000010010101110
0101101111010111000001101011101111001101110110101001010110111100
0000001001011111011001001000011010001000100111100001010000100101
1010111110100010001111000001100100010111001110011111100111101110
0110100000000101011010010000010101010110011001000010000001100010
1101000101111000101001100100000101110111010100101011011011011111
0001010001011001100000100110010111101001111001110111011000100111
0011011111010111100110100101111011011110011111001101000110111110
1100111101010111111101000101111001001101110111100110101111010001
1110011101011000100100111000011111000111001110011110101100100000
1110111011000101110100101011000111010001011000110010001111110110
1011101010010011100001001010100111111011010100001110000111011111
0111001111110111101010001011100110010110011001111001100111010100
1001011111111010011100100001010101001011101111101010000000111100
1100100000101101000101011001000000111100110011110100100010000111
1111111011111010011100100000000010001000101010110001101100110001
0110111111010010111000011100001111101010011100011110110010101111
0001110001110101110110101101000011010001000100111010001110000101
0000010001100100010100010100101100110101111110000100011101001000
0101000000000010000010111110001000011011001111110110010101110100
1111010100101010111011110110010010110101010111001101000001111001
1110110111000111101111101101010110100010001001011101110001100101
0101010000100001110100110010101000000001100000010111100000110111
1101101101101110011110100011110011000111110100101101100001101011
0100010100110111110011000010101111001001000100111000110011110001
1001111110110101101111010000010001001101101011100011100001011010
1000110100100010100011100100011010010110000010001111000010110011
0010110100000100101000011011011011111101001010010110101011111100
0110011011011000011001111111111111010000110011001100010101100001
0000001000110110101000110101001100110001011010010001000101011110
1000000011000101100101001101011000101110110101101001000011011010
1101001111110111001000011010010011101001101101111101111011101010
1101101000000001101001111100000010110100000000100000101010100110
0001110111110010110001100010001101011100001010100100111101001101
0100100000100101101001100011100011101100100010010001001111001000
0110001111100110100100101101010000010010000111110010100000100110
0110001000011011110001100010100100011111111001100111001111101111
1100111111101010010101000011000101011010111100000001100101101010
1100011101011001010011000000100111011000110100110010011000110100
0111001100110100100100010000101001100011000001011111001011000001
1010101110101110011000000010110011010100111101010111111001100101
1110010110101011001011010100001100111011110111010010011011101000
1101000011110111001001100111101101001110101111000011001010101100
1000001110011101011010111011000111110011011010001101010101100000
0010010100110011100100111010011111110101000001010111101011001010
1111101001111110111001101010100101000000000000011011011110111011
0101101111001110110000111111110110010101000101010111010011011100
1001001010001001000111000001111100110001100010101101011011011110
1011010011111111110110101100000000110010111000000101100010000010
1000111100101000010111110101011011010101001111110110111010000101
1011000101101000010010110101010001000110111110111010001111010001
1000010011101100110011100111101101011100001000110010110111101110
1011100111110010011010001101011001100111010100000110111101001011
0100000011111001000100101000110110101000000000110010011110111000
0011001000110110000001010101000000111111101010111010111101011111
1111010111101101011011100010010001001110010010100010110011010011
0001011000101111111010001001111000000011111111100101101000010001
1111001101100101011100000110010111001010011010011111100001000110
0100101000111011001001001100011010100010000011010000111001000011
0100100100001111010101100001111011001011110110101010100011000000
0100011100000000101110010100101101011001101011100011111100111011
1001111010001100010000010000000110011100010000110111111011110111
1001101100001001010011001101110110110110010010011110001111011010
0001100111100011010110110110000011111000100000110111001111000100
1001110111001110010001010101000010011011110100011011111010110110
0111000000010110110101101001101011101111110010010011111101100011
0000000110101101000010101011101001101000111000000001111101101001
0010010000001000001011000010010100100100000100011100011011000010
0000000010100011100110001110110010011011100111101001010010100010
1111010100001011100100101010001010101000010000100100001111100001
0011010010000000110000000110000110110101100010010110101011111100
0100001000000001100101101000100001001000100001010001001000011101
0011011110110101001100111110111101100001000010001001011010000010
1000011101011000011001100010111011110110100011011111000001100010
1011000100110000000111110101110101000010111010001111101010100111
0000010011001100110101100000001100111011101001011111011110010000
0100111101100001011110011100001000001101001000011101010110011110
0100101011100010100001001000000001111101011101110111001011100111
0100000001110000011100100000010010101101101011101111100001110110
0110000010111110110000110010010011010011110110111001010101000110
1001001101101000010001010111111011000000011011111000110010001110
0100000101010110110100101101011010011110011010101000100110110010
0101101101110001101110100101010010010111000010111110101111011110
0000001101101010101000101010110101010110001000111101010100010010
1010000101011100110100010011101011111110000000000110010111111011
1000000001110000110101100000011100110011000100110010010011101110
1011101000001110001110111001000001001110011110100100101110000010
0101100111011100101001011111111011101000110001101001001011011010
0101010000101100110111100000101000001100100001001001110001000100
0000110010000011101000001010000010111011110011100011100110110110
1111010110000011011000100100011000100100110011100101001100100101
1100101101110100010100011100000010011011010111010001010010010011
