0101010011001000101011100110000011111100111101011100011111011110
0010101000100000100101001011100110100001101010110001101011100011
1111111000110110000000011010010110100111111101000110001101111011
0011100100010010111110010111000100000110000111101111000111100010
0000101001101110100100100100011000100010011000001100111111100111
1110111111111111100110100110011101110001101110010110000001111110
1110101001001110111000010110101001011101100000011110110100111101
1011001100000101010111100101010100011100010100000111010000011100
0010001101001010100000110011001011111111101000000110001110100100
0111101011100001001100110001110011111000101001001110010010100111
1101101111101111101010111000101110000010001001100000001001011010
1111011010010100111010010000010010001101101001101110111011000101
1100010000001111110100001001110100101110100101000100010001100100
0100001010111101011011100001100111100000100110101100100010100010
1110101100111000001110000010100111000111100000000010010110100000
1001110101110000111101101001110011010000100010000100111101111001
0100000001100111011011001101011011110011111010110000100010101011
0000100110111000101000100011001110001010010111100001111111100101
0110010001100110001010011011000100100000001000101111111001001111
0010000000111000010010010001000000101110111100001011001100000010
0000011000110010100010111000011100010000001011110000100100110010
1100110001011010100001100101010111001101001100101110011101101101
0111010100101110110010011000001111101001010111100100101111110010
0101011001011101111011110001001111110101101011001100110011001111
0010111110111100010010111000010100010110111110111100111111101010
0100110001110000111010100010010011001110111100110001001111000011
1111111011101010111000101011011011011000010011101100000001000110
1001101011010011000000011011101101010001101101010000001101000101
0011010001111001000000011110110111011110011110001100010111101011
0100001001110000111111010010100111001100110110010111101010001100
0001111001000001101010001001101101100011101100011000001001001001
0001101100001100001001101000100011101010110001001011000000011011
0001100010110100010111000000110001000011100101000101110111101111
1100110111100111101110011111011110010010100000010110110101100100
1001000000110011001101001001001010100111111010101101100111100000
0011010101000011110000011110001000000100110101000000011011110111
1011001100101000111011000010100001011111001001101011100011101001
1101000111001000001111001011101111001010110100011001110010111000
0101000001110010110101000010000010011100010010000001010010101101
1111001110111010001111110011011011001111110100111000100100110001
1101010000100100101001100100110110011110101000001001001010011000
1100111000001000110001100011101101010010101111111110101000011001
0001101001100000010111001011111111011011110011000000011010101010
1000110111010101000011001000101011101000000001100110010000110001
0010111001011001010011101100100101010110001010100001110100000100
1010011100111011100011111001110001110111001011101010011110101111
1100000101001000001110000001010001101001100110101101001011110000
0011000111000110100000000010011000001011110010110000000010110001
1010111000000001001100011001111110101001011011100001001110010010
1001011111001011010010111101111111000000101010001111001010010000
1010011101001100011110111001010101011110100111000110110110011101
0110010010001111110001110110101111011001001101000000001010101100
1110111110100111111100100100111001111111100101111010000000111000
1110100001000000011010000010001001111101100011010000010010010010
1100010001001001111100011101111010100101011110001001010101110000
0100101111101111111101110111100110100000111110110111111011100100
