1100100010100111000101111000100011000010101110001001100000101000
0111011110110000101110111010011001100110001111100101001010011100
0001100001001110101110010010000110101110101010111010010011011111
0111011100111010111100010010101001010011001011010100011000001101
1000010111101000010000100001111110101011000101011101011010000100
1010010011101100111011110001111110010010001000110001100000011111
1101101111100100100110101111101110000001010000011110010011110111
1100100100000100011100110010010111011111000111001010011000000000
0100100110011110000011000100010011010010110000000111111100010001
0110000111101111010101100111001101111000010000110111110010100011
1000000100010000111110111000000011100101001011101001010100011001
0010011110001010010010101100101001011001101101111001011111000111
0101111001110010011011111001111010000011101101111001100000001010
0010011000100010101010001011101101110000001000000001111111110001
1111100100000101001111100111100111111110101101001010100111010010
0011011101000101010110100101011011011011101011111111010000001100
1011001000001101000100001110010100000000101000111001011111110110
1111011101010000001000010100010111000010111011100111111110100100
1100100110100101011011001110110110100000110100010111011011000000
1101001111001010011111100000000111110100010110101110011101010001
1010000001001111101101011010000000011010000110001001010100011101
0100010001000010111100110000101100110101110001000000010111101010
1010000110001111000010100111110001010111011001111110111000000001
0011011010000111101100100100011000011111110110000101101011101011
0010010101010100000011100010011010000101100110100011101001100011
0000000001001111100100011110010101010110001100000000001101111011
0000101101111111110011111010100101001101100011100111000111010101
0101010110010111110100111101111110101111111000010010111101000101
1101000010111010110111101000010111110110000001010001101010011001
0010110101100101010110010110011001011001000001011001111010011001
1110000101000000111000001101100001101100001010111010001011001011
1010011010010001011010001110010110110011010110001011011011001100
0111110100010001110111100010000011110101100010111011011111000011
1011111001000011100010100110111001000110100110110101110000111010
1001101111001010011001010000111100011001110010100000010001111011
1000100101000011111010100000000101010100100100010101110101100111
0010110101001100111101111010010111110100100101110010000010101011
0000100111011010100111011111001111101101111010101110111011101001
1010011101111100101111000010101101101101000110110010100100101110
1011111000111011010101111110001101001011101110011001010000010000
1000001111001100011100110101100010100110000101001011000100101010
1101010001101011101100001110111101000111010111001001110110110001
0110011100001011100110000010001011011010100001001100011000101111
1110000110110110100000011011000011011011010100101011010011010010
0000011011010111110010000100001100111110110001001100011010000100
1001111111110011001101001111101111001100111100011011101001000100
1001010001000011011011101000100111101000001001001110011011111110
0100001001001111010100000010100000101110000010001000001000111111
0000110010111000010101000101011101010010101011101111111110111010
1100001100101110111111100100011010100000110000111101110011100011
0100101011100110101100001010111000001011001010001011010001000010
1000010101010001000101111100010100100110101100101100100000010100
1011000001011001001100010011110111000100111000001100101100000111
0001111110101111010100110000000110000110111110001101101101011000
0011101101000001010111101100011100111100111100001111000010110111
0000001001110011001100000011111011100110001110011011011000011010
0101000011011110110100110111010111100111100100000110111010011100
1101000101100011000100110010111110111111001010110010000100111111
0000001100000000011011110011000011111101100101101001001001011101
1011101011000111000011110011011001101010001101011100100010111001
1000010011111101101011110000111100010101111101010110110011111101
1110111000111111010011010111100110101011000010010111101000100110
0111110010001011100010101110100110011110111000001000100111100000
1100000010101111001100111000110001010010101001100000000010100110
1100011011000111110010000101110110010111101111101011010001101001
1010011010010001010101110011011100111100100101100110000100111011
0110111111010010000011100100101100000101110111001111101010000100
1100111010001101111011100100101001101100000011100010100011000101
0100011011100011010001101100011111110100000101011101001100001101
0000001110100010110011010010011011011000111001100100110010001010
1001100111110001000110101010100100011010101001000011101101111110
0010001001110011111010110010111110100011100111111010000111010000
1100001000101111101110110111100100000010101100101111111011101100
1100000100100001111011001010100010010110110101111001111010110000
0100000010001000111001101100101011101010111111000010001101100100
0111101111011110000101111011110000000100101000000001110111110010
0111001100001011111111011000001110000101101101000011000010100001
1010001100101100011101010111110100100100111110011011110000111100
0110001100011101111010001011000010111011001110001010111110101001
0010010110001101111011111010101100101000001010110001111111111011
1010011000011110100111100011000110000000110100011111101000010100
1000100101010110111110110010110111000111110100101110101001001111
1010101011011001001110010100100001000010010111001110010011111000
0100010110001100110001101011100110110010010001111111000101110100
0011100111000110100001011000001111001100011101001100101110111001
1011001010111000110000110000010001110010101010101011111010010101
0111111110101000100111010100000001011000000100000100111101111011
1110111110011000110111111110101111110001111110000010111101001100
1001100100111101001011110000001111011000101111000111001000001111
0011000000010011001011110001101110101010100101001011000101110010
1011000101100010101001010000000010010110000001101001101011101110
1111010101010110110110111101111010110011000101111100100010000001
0100000011110110100001100000100010111000110011001000100100011111
0010010011111110011100101001111111011001000100100000000001111010
0100111010011101111011011001000111000101110111110101011101100000
0000010001111110001101101111010101100000101101011110010100110101
1111011100011000101001000000110010101011000101000000110100111010
1001011001100000000011111110100011011011010100001001111001100001
0101110000010111111011110110110100110010011011100011001000000100
0110111110110010111010110101101001110100001100000110010011101001
1110001100111010010100111100101010001000111110010000110000001010
0011110010000100101010000101110010111000100010000111100000000001
0011011101011000011001101111001101010111010110100000010100100100
0011111001001111010111111001010110111110100111110111010110001011
0111111100011001111110011010101011011100111001011111001100111110
0011111101101111011111010010000111010101000111011011000010100100
1101100011101111011001101111101101011011100000000010001001111010
0101100001110100000000100101001000111111100010100111011110110100
0000100010010000100110001011001100110010101010110001010100010101
1011110100010101010000100100110100111111011100000111010111011001
0000001010111011000100111001000111101101001110110010110111111101
1010111001001101110110110101011100001111011000011011010000111000
1011001100000000100001001111000101010000111100111100011001010110
1110001000101011111000110010100001111010100101010000001110101101
0001011011110110010101110111111001101010000001110111101101110000
1010111110000001111001011000111111011101100011001011111110100000
0110011110000100001111010110010010001110101000110110111000010010
1110010000001000011011100000101101101010001111110011010110010110
1000001111111111110010100011001000100001111011010010011101111111
1001100000110001011110011111111000110011110100011010011110110100
1001100010000100011001011100100100110001110111101100100110011110
