0110001101001010110001010101010101100011110010101000011101111000
0111000000011000010001000110111100110001111101001011010100001010
0111100110110111011110110100001001100011101000010111001001001110
1110111101001111111100101011001101101111000001110110110000011001
1101100100000111110001111000101001110001100001001001100010000101
1100000001111010100101110011100001101001101101000110101001110000
1101001101010000111001111011011011011000000011111101010010001110
0000100010111011111010101010111011011010011111110010101110100011
0010100010110101101110000100010110110101000101100100011010100100
0001111110011001001010111010110111101001011100001010110000001110
0001100101101011101111011100100110110011000101100001111111111000
1110001001000100000110101111101110100101101101111111011110101011
1111101110000111001000110000100100100000111111101100101001101111
0110000000110000110000100110011000000010011010000011000000000001
0010011111110000101001111001110110011100110010011010111001110100
1100100001101011110101110100101001000110000111000011101100010111
0001101110110011110110000110111011111000100110010011011101101000
0011000100010001000110010011010101100000011110100110110011010110
0010000101100010010010010010000010010001100000000001010000010100
1100000110010011111101111110110111010100101100111110111100000000
1110001011101110110101000101011101001111000011001000110100101000
1010100000011100011110000101111001010011101000101111100000010111
1110010101101111000001000111001110101100001001010100100110011000
1011101011010101010011000000110000111001101111001100010110110110
0000110001001011111010101000010110101011001110110100111100100101
0111001110001100101010001011010000100101011101100000110010011100
1010101111110111100011010101100010000101110000001110010000111110
0000011000011110111011111011111111011001000101011001010011000100
1000111100010101000011111011010101100000011000110110011000111001
1111001011101000101001100110101101101000111110001110000000010110
0110010111000110001011000010110000101110011110110110011011011110
1111011001110001010011100010110100010001110000011000011101001101
0011110110000101001011010011010101000011101000001001010010101101
1110011100111100101010111111000011111010011011110001011011100000
0110101110110101010011010111001001111000111010111011011010011111
0000111101100010110000111001110010010101100010110110111010010101
1110110011011100101010110100111001010011110101111101110101010011
1011000101101010111111011001011000011001010010001101010110001111
1100100011111111000011011100010101000100110110000011000001111010
1100111010000100100000001010011000001110100101110010110100010000
0001100001000000001001111111010101010100010110111101011111010111
1101010011101110101011111011111011100111011010111111100011110001
1110011111000010101001111001101011111110100111111000011100110110
1101100000111000110101011100111101111001000010000111010000111110
0011010001100001001111010101001011100011110011000110100101110100
0100111101100000000010100101001100010100011100000111110000111101
1100111000011110000001000111001111100000011101111100110011010011
1001001111000110010101010001000010000110100111010000011111010101
0110100111000110100000100100110110101110001100111101110101011101
1000011111011000011110111100000101010111011001010101010010110001
1110001111011001000100110010110010101010100101110011110011101010
1011100110011110110110110111100010011000011101000011011100010101
1000100101010100000000001101010110101110011000100000011011100010
0001011011110010110111010101111010110010011101111001011110101110
1111011010010010100000010101111101110001110011111111010111011101
1110101100000101111111000100000001010011110010000010100011100111
0011000100100000100001001111000010000111100110101111001000011010
1001000111111101101100111001110000100101001001111011110011010010
0110000110011000101001111101011000111111000000011100101010001011
1111110010101000011010011100101011101111110001001111110101000110
1001011110101000110000010101110000110111010010111010111101100010
1011111111010111110000000000111110001101001001101101011101110100
0010101011011000001111110010000011100000000010000110000010101011
1000010110010000111001010010010010011010111001011100010011101111
1001010110101010010010101001010111000101111011111110000100000100
1000100101101001110001110110000110110111010000110001111110111100
0111100100011101011000100100111011000000011100101000100101010010
0000011110101001101100110011110010001010011111100111000000000100
0110001101000110001001101010101100101111100011100011111001000100
1110000100001011110100100111011110010110011010100100111001000000
0111010000011011110010000100001100110001000010010110101101001100
1101001101101011001100110100100011110001001000001100011001100111
0100100111100110110101101001110100010001000101000110010001110011
0111001010110000011111110010010100001100111001001111011011100100
1001100000111110100100111110011000001101011011110010111110000100
1000011101010100000001000100011011010100100000100110101001111000
1101001100000100100111101011000000000000010111101000000010101000
1000111110001100100011100001000000110000000010110101101111011101
0011000110001100000010011110011000011111001101111001001101110111
1010011000001110101000000000100100100111111000100011111001010111
1010111001011010000101110001110001110111111011011110100100111011
0000010001011101100111101100101010111000110111110101000010010000
1110011101000011010010101111011111111110110101010010111101101001
1001111011100001000100010001010010110100101111100001011111101110
0001011101100111010111011100000001011111100010110110100111011011
0011011011101111110100001101110101110000101011111110000101101111
0001111111010001010100111001100001101100001010011010011000010010
0101001010101001000100111101010110111101010000101011001101011110
1001101001110101000011010100100000000101110011100111110000011001
0001010111010001011101001011010100001001000110101111011001010101
0100110111011100011000110100110100101010001001110000000000111100
1101111001011111111101101011010101000110101011011111110010100110
1001010110111100001010000111011011000100001110011010101100010011
1101100000011000110111111010010101001111010001011101101100010011
1001010101011101100000000011100100100000100110010100010111011101
0011001011110110101011011000001101001001111011011011111100010010
0010011100100000010110110110011101101110011101010111010101010011
1000101001000011011110000110001110111111010100101000100101100101
0111011100101111000010100101110110001100011000010000011010000111
1110110000001000011100100101010100010010000001111110101000110111
0101011000111110000011101011001101001100011010011110010100011001
1111101110001011000000010011010000110111111100110100111110000010
1000000111001111010111110001101011001000011000110101111110101011
0111010011001000011101011101011010010110110001101010001111010100
1101001100010110010000111010001010001101001000000101000111111000
1011001111110100000001110000100100110011101110111010100100000101
0000110011010111111101111111110110110100010000111111101010110110
1100111100110111110011110010000000111110100110101000010101111111
0000000111101000010110100000111110101100100000010011010111110111
