0110000011101000011100111110010110100000010100110011011100110000
1010110111011010111111101101101101011101100110010011011001010010
1000110000111011001000000110111010111100110011101001101001001100
1011000110101011011111110001110111011101010010101000001100101100
1011010010101001000110001010000100101111110001110011001011000100
0010000100100101001010000101100111010011000011000101010011010101
0000111101111000100000011100111110010010101110010101111011011111
1001000000101110010001011100100110111010100110001110000100010010
1011110110001000100111000001111000001001011100111100011001100011
1110111001101110110000010010010101101110101110001011011100000011
1011011010010110100100111100110000010111001010001100111101110111
1101110110010100110011100010011101111111011011001011101100011000
1011010000110110001101000010111111001110011010111101000100001001
1110111110111001000110101000100111001110110001010110011000000110
1010110111011011111111111010000010101100110111100100111011011000
0001100001111010011000010001101000001001101001000001001100111010
1100101001001010100111010011110110011010110111000110011011001111
1111101100111111110000011110100111110000110011000100001011100101
0011111010000111011010101010101000110011101100100110100111110000
1101000001110111101001110101010011011101001101000110101000101011
0000101110100001001100111010011011001100011101000100000101000111
0100101101101001011110001110111010001011101000011011010101101011
1000110010101101010110111001101010000111110010001100111001100000
1010100011011100100100100001101110110100100110100011100111111110
0011101110010010001010011101001111001100100100110110111111001101
0010010100100010100111101000110011010000111111100010101100101000
1111110011100110001010000110110001111011101110011111001110110000
0010010101000010111011101111111100100111101100100010010110010010
1000011110110001111110100001111101101010111010001001011100101100
1010010111001110000111011001110010100011110111100110010101101100
0100001100111101011001000001111001011111100010101010111110000111
1100010001000101011100101001110110010110010000100110010010100100
1101100110001100010101111111110001100110100001000111111001000111
0001110010111100001101001100110101100001011101011000100001010010
1011111110000000111111110011010000100001001010101111010110000111
0001101100001100001011100100010111101011000100000110011110100011
1011000101011111111100101110010001000101111011010011000000010101
1101111101101111100011110101111010011011100110100111011111101001
0100101100111110010000011001110011101001001001111111011101110010
0111101111000001111100000101100000101011101011111011101000111111
1111111110000001011010111100110011001111000110111101000000010110
1010010000001010010000001111101100011011100111111001010011011101
0110010110001011011001101011101100000010010110110101000001001101
0010111111010110100010010101001001011011100110110101101010010100
1100001110110101001010100001010101010011101010111011110111010011
0100110010000101001101111110101000010011000101001010101111101010
0111010111100100001111011000111110000011011010001100110000110110
0111001100100111100101011010100110101010100110011000100100011100
1000110100100011110010011101110100000010011001011101010010111100
1100000100110011010100010011110110011011010101010111010011001001
0010000011110101010110000001111100001010110000000111110110001101
1011000100100101000010010011111011000111001110000000111011101110
0100111100111010100101110001111001010110001101101111001100011110
0111000001111101101100111000011001000110100001100100001011110111
0011011000111110101110000011100000011100010011100000111011011111
0101101101001001101000010000101001001000011111100000001001001101
1101111111100110000100011011110010011010011000001000011000110010
1101011111101000000000111000110110100110111101001110011001101111
0001111100110101011011111111011000000011001100101011001110001101
0111100011010111010011011111110100000100010100001000011010001010
0001101110110100011101100010011000100111111100101001101010001001
1000011100001111001001100100100100110111011100110001001100100010
1111010110001000110001010101001110101000011010110100001011110111
1000101111100101101111011011100010110011001110100000000110101100
0101110101100011101000110101111010010111101101100110000111010110
0010000101000001011110100110100100011110010010000011100011100110
0100101101101100010110000001110110111111000000000011100011100111
1100001101110000101100001111000110111000110110101111000010100001
0010101000010010110101011100001100110000111010001001010001010010
1101111101010010000010100001010100110000010101011110101111111100
0111011101111100111101101011100010100100011100010111000011100000
1000001000101101101001011000111101000011100000111001011100001000
1011011011100100110010010011010001011101100001001110110101011010
1101011000000010111100001010111100101111111100010110011110101111
0101101100001001000000111110100101001000111100001011111100111111
0011001110011000110101101010100010110001101010111010000011001100
1100010010111110010010001010011010010101110010010111100110011101
1000011110100001101111111101010001111110111010110100000110001011
1000001001001100010100000011000110010010100011011011000111111011
0010001011110000110000010110101100000110010001000000001010110100
0101100011111000101100111110011010100001111100110010011100101001
0010101100111101011111101101011000001001111111000001101011010011
1110110001101111010001101100001100101001110001101101010001111110
