0000100100100101010110100111001011101111011011111111110011111011
0111111100010010010111011011011011001000010100010011101111110010
0001001101010110100011011101001110000000010111111000011001011010
1000101011111011101001101110011001110010000101110110001100100101
1100110110010100100111110100100100100010100001100010111000010011
0100110001001111101011011001110000001100111111000011110010011101
1000010000011111000111100101000101010011001110110000010110100100
1101011100011101001100100010000011011011101100100111010001010001
0101000010010100100011101001001100110010010011010001001101001011
1101000111010111100111101011000111011000101000110000001101101110
1001101110011100101101100110111011000011101110100010001000110001
0111010001001101100110101100000110100001111010010100101100111110
0110010100001000011010100000101010101011100101111001100100101010
0111110010100100101000011101111011001000000110010010001000100000
1001010110010001001010111011110000000110000011010011111011100010
0100010011101100111010110110010111011100011011100001010001100110
1111011100100001111111000000110010001101001011001011000100101001
0000011011000000010000000001101011101100110011010000111111111100
1001011101100110111000100101110001111111000001001101111011110110
1111110010011110100001100111111010101100000111110010111111000101
1001111000110001110011110101101011100001110110001101110010000101
0001001011101111000010000111111000101010100010001001110111100101
1001110011001100011010011111001111010111111111110000000001000111
1010111101111000100111001011110101011111011001000101100111101011
0101001001001100111000011000100111011111101010001111001010100010
1000011111001001000100000100010000110000100111100010100011011000
1000101101101010011000000011101001100010010010101000010100100000
0010001001010000100010101011001001011111001110111100111100011101
1000010101000100101011010101100111111011011100011111101011110001
1100001100111100000001001101001100111000101111011000111110100011
0101101010110000000010010101000000011111110100001001100000001011
0110011110110100010110010000111110010111010111001010100111010011
1111000100111011101110010001011110100010100110000110110100001100
1000100011011000111110001110101110000101110101000010101110111010
0100011110000000111101101100101001101111101111001000001111101110
1100111100011101101010000011011000011101110111010001010110111101
1010100010101011011101101100001011010101100110011001100011001010
1001000101011001011000000011000111110010010011111100111010001000
1001010010111111010100011100101011010101010011100110011110100000
0100100111110010100111011111001011101110110000101100100111010110
0010010011000101000110101111011001101000001011110101010111000110
0100010110111000100111101001101101010011111001000001011101101001
0001110111001110110100111100000101000000000010010110011100110011
0000101111100110111111110001110000000011001111011000100010111111
1010000111100101011001001011001111111001101110001101000110111111
