1000110001001011010111000100010100110111110000100100110101111010
0110110110001101111001100100110001011111111101010011111010000100
1001011000010010001011111100010100110100100100001000000111011100
1001010111001111101111011001111000010001110100110000010011000111
0111001111111110011111100000000010100010100001101101110010110001
0110100001001100011011111011111001001010110001101011000000101000
1000001011110100111010010101001110111011100001100100111111100011
0000011011110111001001010101100110000111101010100100000001011000
0110000000110011110001100101110010010110110110111010100101000110
0000000001111101111011101010110010111000010111001011010011000010
1110110001000101011111111110001101010110010101000011000110100110
1001011110011110000001110011101001001101010111001100100100011011
0000000011100010100100111100110101010101011000001010100001111110
0000011010000110100110110111110001011011000110100000101110011110
1000000100101110111101101100111010001110001101101010010001110110
1000010001011010011100000110000000010101110001011011110011000101
1101000110100011100101100010001000000100000110001001100101100111
0101001111011111000111100011101111000000110011000010111000000110
0101101000111100011010101010110101101010001010101100110000000010
0000101110010111111110000000110010101001001111110011011010011101
1001011001100000011111100111001011001111010101110101100000110101
0111000101000101110100101111011110100110010011011111001010001100
1010100001111101110010011110001101110111000000101100001111101011
1111110001010110111000001010101010001010011011011110010000100101
0010001101011000011011110111001100001111100000101000011101001001
1100000000011001000001101111100001100010100000111101101101111101
1001110110011010111000101000011000000000000101000101011110001111
0100111111100011011010100101110111101011110111111011111100001110
0001101111101000110110101111101000111101100101001110111001001001
1100001011111110100101111100010011001101110111100111100001001101
1001011101011101000110010011111101000001011101111110011000011010
1110011011011010111110011111111000100100101110101001001000111000
1011101101110110101001101100000110010001001001010010100101100111
1100001011010101111101000100010111111111001001100111111010000000
1010001100011001011011010011101001100010010001111100010101101111
0100010111100111000100011011000000101001110000101111100101111101
1000110111010111100101101110010101010001101100100111001111100110
1011001101001001101100100101111101100100110110111000110011101000
0111001001110000001111000101010000010010101010000010111111001001
0101111111010000100001000010010010110000111100101111101111110100
0100011100101101010011010010011111101000101111001110000000010010
0111111011010000100111001000100101100101011111011011010100010100
1010010100100100010000110100101100110010101000000011011001111011
1011000001110000000010110100001110100110010110001001110001111100
1101100010101110010010000001001011001101101001011011111000000011
1110100011001111001101101110000010011000010011001100101001111111
