0111011001110010110110001010011101000100011011000110011000010111
1000111010101100101100111000100110100101110110110010000100011100
0010101010111011010000001110111000101101110100100101101101110010
0010111100110100011000010001100111101101010001010000100101011010
0000001010011001000011001101010000011001101011000011011000010100
1011110001110111100001110101111010000100000100111001010110011000
0001100011111010000010000011101000001010101101000011000110111001
1000001001000100010001100101000011011000011110110110100001101001
0000100010111111001100111000000111011110111100111010100001110110
1011101001011001110001100100010000101101000000010101110010101000
0111010111010010100010111000110110101011100110101101001011011000
1110101010110000010100001100000101101110100101110110010110011110
1100011001100000111000011110001010001111011000101001000001011100
1111011110000101110110011011000110000101100001110101011111000111
0010110010110100001101101001011111001101101100111100011111001110
0100000100100001110101101011110001110100011101000010110011001011
1001001101001110110100110011101010110001011001010011101011110000
1101001110111101000010010001000010000001010100110011000001110101
0010010101111011010011000011100000000011100001000101100001000100
1101110111110011101111100011110011010011101101001100100101010111
1010100010101110111010010100001100101110101100100000001101111001
0101110011001100011010100000011111011011000011010001100000011100
1011101111011001000000001010101110001001100001100000001101011111
1001101110101001010101010101001111111101010101001100111010011011
1011110010000101010111101100000111110000111101100110001111010001
0010111011101110001000101100100011011001000000000100101001111110
0110011100001000010100001000001011111000111100101000100100111010
1101100001110110101001101111100110000010100010100101100110000001
1011011110010001101101100000101110001110101010011010111111001011
0000101000100000000111001110101100111011010100110110011111011010
0110110100111011011110110110010001011111101011011101011011111101
0001001111111011010010111110101100101001100010000100000010011111
1111001000101101001101110000001000011000111100010010100100100101
1001111001111010000000001111011001101011000111111000100101001101
1101010011100010010000100101011101011111101110100110000100110100
1001001101001110110110011010001000100101011011001110110011111110
0010101110011101100100111101011111100101100001010011111001101000
1110101001101101101000000001111100000101001100111010100000111101
1010001110100110000110001100101100011101100011000101000000111110
1100101111011101100011101011011011011010001011110000111101001001
0011101001010001111000011100111011001110101010011001111100010110
0011100101001101000100101010010111111100001000010110000101101101
0110000001111110110111011110111001110011100001111000001100010110
1000011110111011010110111001110100001010111001000110111100011100
0110000010010111100010110100110110000001011011000010111001010011
1101011100011111101110000101010010110101100001111100101001001100
0101111111111100001111111000010011010100010111011110111100001011
1111000101101010111011110111011000101010100101100010000011001001
1000111011101101101001101110101010011101000000100001010001000111
1101100111100011010011101011001101100110101110010100101101110000
1011011111100001110010011100011111101101110011010000011110100001
0011110001101001010101010010100101111101110101000011010011011011
1100100010101101110110100100000101000001101110110111101010101111
0001110101011111000000001010100010100100010101010101011000110110
1011001000011111001011100100011010000011100011011000110011000011
1111100001101001001000101101001110010000010001010010010000000001
0110100010001101001101000011111100011110000110101010011110000010
0100111010001111001000010101110100000011111110101111011010010111
1111010100010010000101110010010000101010111010000111001110110010
0111111010111111010101001010101111100100110011111000101100100000
0000010110000100000111101110001110100110001000100001101110001011
0010011000011001001000011001010111100111000101001101110011111000
0101101000100100011110001011110000010101100010100111111000111111
0110111010101011010101000010000100000000001011010001011100100000
1110101010000000010010101100011011000000010001001100110101011001
0010111011000110001010001011100011100101101011010101100010101110
1001101100100000111101101000100010111000101111110001010011001101
0111010101100011100000111110011101110001110111110010010010111101
1011101110110101110010001010111101011011011100111100000001011011
1100000011110110101010010001001011011010111011101011001110101100
0110000011010000000110111100011100100100110010100011000110010111
0011110110100100100101011100111100100101111111001101000010110010
1110000010100010100011010011111101110001010111100100011000100001
0111101101000111010000110001101111101000100100100110101011101100
1111010101001010111110010011101100011101001010111100111100110110
1001011110110000011100101111110001011000001100101010001111111100
1100001011010011011101101111111101111010110010111001000011101110
0101000110011011010100011110011110000010110101111011100101001101
1100000101000000110111011000001100111000001010001000000001011011
0100000111010000011111110011110100110011101010000110100011011011
0111110101000011101100010110110111100001011010101101101010101111
1000101001110010010001011111000011011010000100010111010010110110
1011100101010001110001011010111100000000111011011100000101010111
0001000010000100110101001010111110000100101000110111011110010110
