1110011001010001010100101110010010000110111011101101000000011110
1101110111110100101101100111000010100110000001100110101111111100
0101000001101110000110001001101010001110011101010000011000010101
1010011010110111010111110111001101011011001101011111101100101000
1010101111010010101110111000010010010111010001001110011111011010
1001101110100101010111011110010101001111011011110001101101010111
0001010100000010001000101101010011010011000111101110001011101011
0100010100010110000000000001110101100100011010000111111101001100
1101100111111101011000110100001110011111111000000010101000000011
0100100100011101001101010001010001001101010100101110100011000001
0111010011001111010001010111101001110110101011011110001101100101
0100011101100101010101000111111011110000111000100010011011011011
0011011101111011011010000100101100100011001110001101010010000011
0110011010011100100100000010001010100000010011001101011110010010
1100111000100011101100001010100111110001010111111100010111000000
0000110000111000110001111001110110111000001011111001011101101110
1111001011001010101000100110101010100011100110100101010111110110
1111001101001011101010110110000100001100110111101101110100111000
1111101011100000111010010011010101011101110000101100001110011110
1100110000101100001100001001111010111111011010001001110100010010
1001110110001101011100010110110001110011101111011000110010001111
1110011000001000111100011100001111110011001011001110000111000111
0011100000110011010101111011011010110100111101000111010000101010
1111011011011111000110111000001110001111110110110001100100001110
1110001010111001100010101001110111011010010011110000011001110100
0011011100000010001001110101100010100001001010110010101110010011
0100101001100000110011100011110111100000001011010001111111100101
1110101000100111100111010000011011100001100111101001010100110100
0101011101001011000101111101000000100110011111000101001101010100
0110110001010111101001011111011000111011100110001110001001101111
1001000111010100100110000100111110110100111100010111110011011101
1010000101101001000010101111010111010000111001101001000001100101
0110001011010101011000010010011010001101111001111010111111101110
0101001011111101101110100000000010101010010111010110110010110000
1001010110111010011111111000011000001101011100001011010111000000
0010010101010111000100010000111001100010101000101111010001000101
1101110110111100101110001101000000111101110011011000001111011100
0101100011000010111000111011100101111101101011110011110011101101
0110011010100111000100001001011001100100001011101011101001010011
0110111000110111000110011111110101011001001100110110101000011101
1111000011101000011010111001010100010111001011000000110100000110
0011011000101110110101010100011001001101001000111000010111110000
0100010111010100100001100010011100100101010100000100011011101100
1100001001001110101101111100011011111000011111111110111110011000
0110010110101100101000011101001010001111100010011111011010010000
0001010001001010110011101111001101111101110101110001010001100100
0101000011110001011101110100010101010000010111000011110100111110
0101010010010100001110001001010101111110000100111100110001110011
0110101001010010101010111010000110101001001010111000101001001101
1110101111101111000010100110100001111100100100000011000010010011
1100111110011000010011100001011001000111000110111100111011110011
1000001110111101000100101101101111000001110000110011010010101011
1111100100100001110110100010110101100011111100001100110010011010
1100011100010110101110111100111011011011010001111011101000011100
1111100010000001101011000010000010001000110110111100101100100010
0100010010101100010110001111011110100111011100111101010101110100
1101100011100101110011011011011111101011111010101110110101101011
0000000110001100000101111110000100010110101111011111010100111000
0001011111101101110000000110010011111001010110111011001011000000
0100001010110111000110101000110010100111011010001001100000010101
0010101101001011100011010011100110001000000110010010011000000111
1101000001111001001110111111110101010010001100010110100111110010
1100110001010101010111001101100101101001011101011011001000101000
1000111111100000111111010101011001111011000010011000100101111011
1110001101011010000100101100011110011101001100101110101100001011
1001110110111110011111010101000110100101101100101001110000110011
1001110011111001000011010011101001001100110010010101101001000101
0111110001110010000111010011000111010100110110011000110111101100
0100000001010011000011110111111100110110010110101000100101101101
0010010111111110000000101110101011010011011100001101110000100110
0101010001111110010001010100111011011010000111000000100010101111
1110011110101010101000001111111101111111011111001011111011111010
0101010110100110000011001001100111100111011100000010011001010001
0001110001100111100111001000100111101111111101111000001101111100
1111001011100001000101010101000000100101111001010110010000100110
0010000000010001000110001000000111001001100010011001100101011111
0010111101000110100000110110011110100110001010101110011000110100
0110100110101001001011110000000011001011000101001100010110110011
1111011011010110001100011000110100001100111111000100110011101101
1101110000100101000100111010100011100000111000010100101110001010
0111111111001100101111001010101100110000100111011010101000010011
1110101101000100101100100111010001000000100001011000010100000000
0011110101010101110100111101001111010000001111010000111111001011
1100010001011101101111001010111100000011011000010101111110010001
1010010011101001010110110100010011111000000111010100010110110111
0010000111100101010110011011011101011001110100010011110001000100
1110100010101011010111110110100111000110010000011100110000010101
0100111001001101011011011111101001110110000111000010100010111101
1110011011000101010110100111111001010011011011001010001010101101
1011111000110110101100011111111010011100001100100110001100001110
