1100111101000101011000001110110111100110010110000111110010111000
1100110110110001010101110110001011000011011011011111100101011100
1100100101111110100000100010101100110101000110000010111110001100
1111001011011011010010010101011101101001011111101110001100001001
1110110001111101001001110011111101110000010111100111111010001100
0111100011100000100100110100000110011011011111101100010111011101
1101101111010010001011101011101011000001101111001011111111101111
1101001110011001110000001100111100011100110111001000010110011000
0001011000110111011010111100111001101010000101001110001001111111
1011110111001100110101110111110000000111111111000101110010000100
0111001011011000011000111100100010100001001101010011101010110011
0101101101010010111111001100101100010000010001010000010110010001
0000001011100001110101100101110100100100111100000001011000011101
1011100111000010101111001001110010011101011001011100000000010010
1000100011011001101101010111111100001010001000011110000000111110
0101100000100001010111110110001011101000010100101011101010000110
1111111110010101100001111101010110000010001101011111010001000011
1110011111101110001001111011100110100100101111100011000001010000
1111100001111001100101010010101000011100101011100010010001010111
0011000000000100000100101000110000000000111110011101110101111011
0101001000111001010101100001001100000101101111000010101100001101
1101010100010111001111110001111011111111001110001111010001100101
0110000010101011011110010000010011101000111110100010101100111100
1011011000010100100010011111100110101010100011010100100100010100
1000101001010011100110010011101111110001111010111110010000001011
0101111100111101010100011000010000111100110110001111010100110100
0011000010001001011000100000101001000010111110001111100110011101
1011001000000100000100010101010011100011011011110000100110110101
1111011111101101010000000010111101001100010101001010110100101000
1100100111111011100111110111010011110011110011011010001111001100
0010100110011010000111011001011000010101000100011111110000100010
1001011101010110100010010010111110111101001011110010100001010110
0000011010111101110110110101101001110100001110110011010100010000
1001111110111011111101000100111110111101100101000011110011000010
1110010110011001000001101111101011100100000010101011101101110000
0100110010110000000010100011010011011100000010111010101011101000
1011001101101000000111010000111000101010110011010001100100000111
1101011101101110000011110010110001011110000111110110111011111110
0010100110000000000011001110110111100101010101111010100101100000
1011110011010101000100011101101100110101000010000111000100011100
1100101011111111100001010011011011011100001110110010001110110000
1001101010001011000111001000000100110001010111011000100011010110
1100110110000010000110001011000110111001010001010101001001001110
1010010001101111101110011001101101110000111101101100100101110100
1100100101011101110100100100011110011110110000100100111010010010
0000100001000111010100011100111010100011111000101011000101011111
1100110110010111000000010000100110001001101000000110001011110110
1010110010010101011010111110100001101110111001101001010000111011
1100011010010001001110100010011011011001111001111010111010110100
0110010100001101110100100010100010010111001001110111110000000110
1011101001010110011101010001110100111001101001000010100011011000
1001100110111110100101000101101011111000111010100100100001010111
0110100111111000100111101111100101000011001000110010111001101101
0101100101001111111101011000111110111011110010011011101001111111
0110000111100000111010010100010100010000100010100010111011100010
0010101111011011111000010000001111111110110001011111111000100111
1011110000110000001100100011000011100111101100101001001000010110
1110100101100000000000111101110110001001001101110001111001010010
1101110001101101100110100110001010101001001101000010111011111100
0110111101111011100101111000010110001110101011110100000110010000
1100001001110100011101111000010001101100101010011100100101100111
1100101100001110011010010110010001000000101111010010010100010000
0011110001100111001001000011110011010110011110100110010001100001
1110100110001001110000011011001000000000100110000000110101011000
0101011000010101011111111100000110101011001011110101101010111011
0001010010000110001001011100000011110100011100001011011001100010
0011010101100100011010100111111000110000111101100011110100001000
1001111111010001001011110010111011101011010010101111110100101000
0000111110011110010100100001000111001100110001111110001010010101
1100000101110101101000000111001011011111000100100110101100011001
