1000111111110101010110110000001101000001001010011110010110111100
0001110001110100100100001100101000010000101000111111111111001000
0010110111110000100111011000010101000001110001100101001111001101
1011111001010011010101001011110101010110010011100110100010000100
1011011001000101101110100110111001100010100110011000010001101011
0000100000010000100110100111111011101010100000010111001010111101
1111110000010110001010011001001010100000000100000101101011011101
1011100100010010001100100001010010110001010101111001011001010000
1110011010101010101001111111100110010011000111100001101110100101
1111101100110011100011110011111100111100110001110010101010110010
1111000110111100000011011100111111111000111010000000110101010111
0000011110111011110001100111110101111101101100011111010110011001
1011111110100000111101110101111001111000111100010001011001001100
0110101001110010111111000100001011011101110111110010110010001011
0011010110110100101110111110001000101001111100001110110001001111
0100100011101001001010001001101000101001011010000000010111101011
0001010010110100110001100101111011000001011011000001000110111110
0100001111101100001011101010011000101010110011110000000010110010
0100101001111100000101100011010000110001100100101111000101111010
0101111010100011100010010101011010000001101101101000011001110000
0010000111001111001101001101001110110001110011000110101100100001
1010100010001101100100111010111111000000100010110010100001110111
1110100110111111011001000011101011011000111011011100101111011011
1011001111111010010100101101011010110110011110100011111101100100
1011000011100111001001001001111010111100110100100111100100111110
1100000001100111011111000010110110111010110111001111111001001010
1010000000110010101010110100111101100000011100111111000000100100
1101111000011010111100011110111101101010000101110100101011111100
0010111000101110100001011111001010001010000010010001001010110111
1111101111010101000101000000010110101110101101010010100001100111
0111010100011001101101110001000011100111111011101000000110100110
1111111011110000101010010110001000001100011110010000000101001011
1010110010101001000010010011000000000110111100101111001000111010
0110110110000000000111010001111001110001001101010010000101000001
1000000011010011110110101011010111000001100101011101011100101000
0111000011001100001011111111001110011110100001110010111111101110
1101001001010100011100011110001100110001101001111011111100110001
1010011101011111011100100110101001000100000101101011000000100100
1111010011010011000011111100011100010001010100101011011100111111
0000100000011011110010011101001000101100011000001101111010000111
1110000001111111100110100010001010011111100001111110000010110111
1100111111011111010011011011000000001100000111011011101011110100
0101100011100010001101100101101011000110100111000101110101110101
0011010001110010011000110101110001101111101110101010000110000110
1111110001011001010111001011101010100110011101010010011011100010
1010101100111111101110100001011110111001110101011110100110011000
1110011111111101100010100001110110011111001110110110110110110111
1001011011011001001011011000100000100111100100001000110010101110
1011101100001101010111001100100110000001110100001110111000100111
1110001100000010011111111000101000010001100111000100110001010110
1100111111010110011011010101101011011001110010111001001000010011
0100011111100100011000100001010110010101110001000101101011010100
1101100101101011100011010000010110111100111100110000110010010001
0110010101000011011011111101001000010111110101010100011100101000
0011000000011010100100100101111100110001100111010101100101000111
0101101010100101000101101111010111110011101000010100110001110110
1001000000010011011000010111100110110101000001001110010111011010
1100101000001001100010111011000011100011101110110011100011011111
0010110111110010001101000011010101000001111110000010111010100001
0010000010000000101010110010110111100010111100111000100000011001
0000100100011100111001010100101001000100001010011110110010010010
0101100011111011111001111110011111100110001011010110101110101001
1011011010000100001010100100110111101100101010001111111101111100
1111010001101111110000010100001101000010000001000001011100110110
1100111100101010000010101101000001000100010011100100011011111101
1011101010001101011001111001000001010100111101000011101000101111
1000010001001110000010101110011011110001101110011011011110010011
1101100000100111101010001101100011111100000100001101010100000001
1110010101101110100011010100011000100100100000000011100100111111
0110011101111000000111100010000101110000111110100111011000100110
0010101101010111010010011101111000100010011011101110110100100100
0101111011100111110001101010000111110110001000010101010101000101
1100001000010010110011000000011000100001010001011111001000100010
0001000100110001101010001000101001111110101010000010001011110111
0110011000100011010001101000011000111111010001011100111000010100
1001101101000110110000001100111101101100001101010110110001100001
1110110010111101001000111010011010111110100010100100110100000111
0000111010110100000011110001101100110001011010001101000101100011
1100001000101001011000000100001100101010110111110100001001100011
1001000111101011111110100101010001000111100011011110001011000110
0110111111101100010000101100100001010110101010101000000100111100
0001110111010000110101100101110001100001101100110101000001000111
0100100111111010011111001001110100100001101111001100001011110111
1010101110110110011011011000000100111111111001100111001110000101
1000111111010100110110010000001010111000100010010010010111100100
1111011101110001100101101000111111110111110011001111111101010101
0000001011111001010110001000000111010110111001010101101010111011
1100101111111111000111100011001000111001000001101000110001001000
0010101111111011101110101100110111110010010110100001000110110011
1001111011110001111110010010111010101011101010100011111101101101
1010111010010101110001101100011101010111010110110010001011000011
1001011110110010100110101001010010010100001010001101010011110001
0111100000001011010001100010100010000110110010101100001000111011
1110001001010001100011111011000011001010011100101100001000010001
1000001000011001001001110100010100100100110010010101101100111110
0000011011110001010010101011010101111010001000101111000000101010
0001000100100001000111000110000010001111111001100010000100111000
1001100010101010001101110001011111111001110010010011011111111111
0111000000111111011000100001100100000010101001001001100110011110
1110000101111000111101011101100011001010101000101010010100011000
1000010010100100000011101000000011000010010011111100010101000100
0111110110110100000010101111110111010100000110000101110000011000
1100111100100001100100001110100010111110111010010001111111010011
0011001100111011101000110101101111010100000101001110010000010100
0101111100011111001100010100111001000000111110111010101111110000
0011001110001011001011101011010001001000100101100101011010110111
1111001101000100111110101011101101111110110001001010010110010000
1110001000001111111010100000010111100001111100001000011100101000
1101010010101011011101110000000000101100100100010100110000110100
0000010010011110111010111011011110000111011001110100110000001011
0001001110100011110010110011111101101111000010101100010010111111
1000010001111101000010100111011001101001100011110101111011111110
1010000001110101000110100010000011100010111111111010010100110000
1111001101110101001000000111110101111101010100101010001010011101
0110101001011001100011001011001000011101011001101110010101101110
0011101111001101001101010000110100111111101010010110111110010001
0001101101011101010111001111101010111000000110010111011111011111
0111100101011100101111001111011011010010001101010010100000010000
1000001101010000011001011000000110000011011000011101011011111110
0110011011011000111010110101010110010100111000010111011111111011
1000100001101110101110011001000001000100001000001010111101000011
1000010010111000100100010110011000110011000001001110101110101011
1010000001110111000110010110110100101101011111011011011100011001
0100100101100010110011001001000000110000010000010000100100111110
1101110111010010011000111010101011001000001001010000001100010111
1011011010110011101110111101100001011000000101111001100101010000
0000111001011111000111101001010010010001011101000100010010010000
1110101000000100001100000001011001111001010001001010101110000100
0110101100011100010111100100010111001011001011010000010001001001
1010011101010000100011000100101010100101100100000010100010100110
1101011101010100001111000010000101011011010000110111111100001001
1011110011011001010111111111101111101100011001011001101011111111
0001110100011001110101100100101111011001001010111000011101110100
0110011110111011010000100101110010111101100111010011000011101110
1010011000000010101110000010100100110011000101101000000011101011
0111010001010110000101011110001110100111001011001111010101001101
1001011101111101000001100111000111000000101001011101101011101111
0010001000111001110110000110100111111101001111110000001011110111
1100001100111010011101010101010110011011100011110100000101101100
