0001110111100001011111111111000001011010000000100100101100110000
0111101000011111011111000100001010010000001001101111011100111001
0110001011100111010111100110110110010000001110110111000110111000
0000110111101100001000011101100110111010100111011110111001101001
0001110001011111010001101011111001101000011101110000010110011000
0011111100011100110101000011100010000010000111000010110101100001
0110010001010110111010010110111111001000111100000111010101111110
1101100000000000011110000100001100101001011111100101101101100100
1011100011001001111110111010111101101000001111111111101000011010
1100101001101100110011111001000110101110010110001011101110111000
0111001011101011001000100001100011011110111101100010011111100100
0011110010111001011110111001010110000001001010100101101101010010
1000010000000000111000011011100010000110010011110110111000100100
1100101111101101001011100101100001111111100111010001111000110000
1011111100101001011100011100101001000110001001110100100010000010
0001101011111011000001110010100100111100110110010110111111101110
1010100001010100010010110001000110101111111111110110011110010110
1010101101000001001010001110011111000100100110100011010111010111
0010001001001010111110000111001000001111101000010111111111101100
0111011000001001000100001110110110111011001110110001000000011010
1100111011011011001000000010111100101001011110111000110001101010
1101000101010001010101100101110000100000000001000011010010100100
1110110011001011011111010001100011111101010111111110110101111000
1010000000101000010010010010100110010100011111111110010110111011
1100101110001101010000001000110010010101111111010111110111111101
1000011100101101010010000110101000010000100000101111010100100001
0110111110110110011100011100000110010110110111000110000001100011
1011110111111000000000000010010111111100011110111010111000011101
0000111111010000110010110001000100110111001110110100011011110101
1000111001001000011001110010110100010011101101111011110100100111
1000110111111100100110010111000110010110101100101011100111011010
1001101001011000101110101101010100100010011100000100011100001000
0111000010100011010100000000011001001001110011001011110110001000
1100010100001111000111110010010011111110100011000001011111111001
1001111111001001100111111001011101100111100000111101001100010000
1000001000001010000011011101010110100010101010000001111100010101
1011001000111101000001001001001001010000101111001011110001000111
1010110011001000001010110101010000110010110101111111101100000000
1001110001011111110000010001000100011101101011100101010100100011
0010110101010101010000111000010000001101111100110000000110000011
0011101100001011011100101100001010100010010010101101000101000011
0000001011010001111010010101010010111000100000110111001011100100
0111001000100001010110011000101000100111001110100011011010001001
0101100110001111010111000100010100011010111100000010010001101010
1100000001001111101001000001111001011010110011111011110010000011
0111110001110110010001011111001001001001111001111111010110010000
0110010100110100001011001001010001100001111101001110011100100101
1000001011001010110100000001000000001001011001111010100001111111
0010100000000001001100001010111011011111101010100100001100101111
0011110110110010110111001100100011011111111101010100010001100010
0100000011010011001111011001010010011011110011100110101000000101
1101001101111101101011000101001000110010110001011110010100001110
0011011011101010011110101101111000101011001001110101110111011111
0110000100110111001011010010100111000001110100100000011111000111
1111100010001011010001101010000000110100010101111010101011100101
1110011011010000110001001001011110010110000001000110100101101000
0110111101110100110111101111001100110111001111011011111100001000
1100100010011111001101110011101111010001110010100110111111110111
1101100110101001000110100001011110100111111010001100100000000000
0011100010110000001011110011011000110110100001111010001010110100
1100011111010100110011001110111111100001111111000101011100110101
0001111111101100111000001111011111000111011111111111001100000101
0101000100111001100001110110100110011100100000100111010111010111
0000111011010011011100110111010001011011110110110110100011111011
0011010010001000100011000101001111010111010011100111110001111101
0110101001010110011100101011010010011111101111000000111101000101
1101010111011101010100010101011101000100010110000011011001011010
1101011110010111011111001011111001110010101001101000011101010010
0010110110001110011001111010001010000011111001100000110110101001
0100000000000110110011110100110101101110010010000001001011110100
1111000000110000001001001100011010010011110111000010111101101101
0110111010000001100101011111100100000100101101011010001100011101
0101010001110101111010100001111100110010100001001011010010111100
1110101110110001100111110000101010101100001010000001101001010000
1001011010011011100001011000111000010011011010000100111111101010
0011110110101101011001101000001110111010110111101011001001000010
1001100010001111100110111011011111000101000010110100001001000001
0100001010110100100011001100011001010101010011101110011110111001
1111000111011010100101000110001101111100111111010011101011100101
1010010111111101011101000000011000001110011111111110000110110011
0000110101101110000010010110010000110010011001100100100111000001
0001110100100101111111001111000000110101010011001011101101100110
0101111001101000101111111000111101101000010000110010011010110100
1101101001000100010111100011010100011001011000111010011001110011
0110001010111110010011011001100100001101001001011001100001110101
0111101111010000011110000110101000110101001010010010111011111111
1001100111111110001010101101010100110101011010111011011011011100
1101011001101111100110110110110101101000010000001011010100100000
0001000011111011010110010011000000000000001001000101000110100110
0001101101110011100001110010111000111001110011001101101101100110
1000111001000110010011100000000100101010001111000110100101011001
1111111111010010001011111000001111110001001001000111100101111110
0110010010110001001011010110101110011001001001001000011110001011
0010111011101110101101011101101010101101101111011000100110101101
0001110011101111000010001101101111010011111010000000001111101111
1000001111101000100100101001011000101111000110100001001111010111
1000111000011011100110011101111000111101110001110110100100011011
1011010010111111100111101110001101010001100111111001100000100000
1010011111000100100010111000111010110110111011100111001011010010
0111000001001110010010111100100011001000011011000110010101011001
0001001100000011100001001000001010110010011011010101110000111110
0010110010010010110000111101110100011100100101100001110101010001
0110000110010110011010110001100000000101111101110000110011100111
1100000010110010101010110111000001110110011110000110101100010111
1100111001101000110011100111110101011100001000110010110100101111
0100110010000110000011100001001000010111010001101101011000000110
1111110000010010100111001111110110111000101010110111111100011000
0110110011101001110011100110101000010110000101101101100100001010
0101001000100110000110001001011000111010010100000100000111001011
1011000110010011010001111011010110010001111111111011001010001011
0101101000000111010101010111100101010100010110011010101010011010
1100011001001011111110101011101000100111001011111010110111011001
1001001000111010110100111101111010010101111001010100110001010001
0111011011110100110010100010100101111011000110010101011100110110
0100011000010110100000111110000100111010100010001010010110001000
0000111111000100010111100010001100111001011000011000110110011000
1111001101101111100100001000101001001110010110100101001010010001
1001001001001111011110011111101111100100001110111010010111011000
0000000100101100111010111100100010010001011100100011011100100100
1101101000111001001110110000100100000110101010011000110010000010
0111111001000001011110001101011011010000010110101111001011100010
1010101100010000111101101010111100010111000001000011111001110110
1111101010010001101010000110011110000011100111011000111010010000
0110010111001011110010100111100011010101111110010011011000101010
1110110100011111101000000000010110110100010111011001010011010111
1101110001000110010100100100000011111111100010111100100100110010
0000100001011101010100100000100010101010011101001010110100000010
