1011110111100100110000111100000010111010011101110111100010011001
0000001011110001111000000111100010111010010000110111001110000011
0100100000010111011110001010001101100110110110110100111110001100
1000111100100100011110010111011110111101011000111010001101110000
0011000111111010111110010000000101110110101110110011101100001111
0111010100101000000011000110000111001001010010100011111100001101
0010001100111011010001101110100110101111000010101101010001111000
0010001111111011011010001011011000011001111101110100110110111011
1100011000101011000100111110011111111101010111001000110001101011
0001010110111010111110000100001100100011100010001010101111001100
1011000110000000101111011001010000101011111111111101000100010001
0001111010110101000111001001100010001010111101101100101101110101
0011111001010010111001101000011010000101010111011110011111001011
1001111110101000110100110011101101010000101000101110100010110110
1110101011000001100101110010100010111101110100110011110011101010
1101110010011001011001001101101001000100110111010001101100010110
0100010100000110111010010101000001011110100000101001100000110100
1100011100000010000100101001000100001110110001110111011000100111
0000101100001001001100001011110111101111110001110001110101010011
1100110001000110111011001110000110010111111011101000110001110010
1000110010001110110101001000101000111010011001110011010010111011
1110100111001110011111110011111010000000000000100100101111101010
0110100111111011110000000001000010011111110111110010000111100111
1010000011110101100000111010011001101010001010101111010001101001
0011010011100100010111000000000011010101111111111010010101101100
0010110100000000001011001111111101111101010010010000110101101011
0101011010000110110101101110111000100000100011110111110011011000
0101101010011110000011110001101101100101010011110001100011101011
0110101011001001001101100011001010001101111011010111111110001011
0110100101110011000110011001001100011000010101010111010000100010
1100110110101011010101110000011110110000111000110000111001100100
0110101000011000100101101111011110010100000100011000011011000001
1001011000111001000000010011101001110110000111001000110111100110
0001111001101000111010101100111100101000011110011100001110010100
1011011011110101110111110100110110101110100011010111011100101110
1000001100010110101011000110011100010010000000011100110001110101
1011000111000001110010000000001110011000100111010110000111111011
0111011111010001011101111011011101101010111101000101100111000011
0010111101001101001101110100001010001010110101010101000101000110
1111001011001010001110111001010001110101010000111010101001101000
0101010110010001011000101110101100100011100110101110101110011100
0011100010101110010110110010101111000101010010100010101000011000
1100111010001111110100011011110111000010000001110100010101000010
1000111101000010110010101101100001110011011101110001010000111011
