0111001001001100001100010011110010110011001011111011110111110000
1011000010011101111001011111111110110111110010101100001101011100
0001000001001011000000111110000010010100010100111011011100101110
0001101001000111111110001100011101101000010011101010111001101100
0001100011011101010010100000100110011110111001010111110110011001
1011000100000001010110111110011110111101001101001110111111001100
0000111110000001110100000001111100011000010100101100101111110100
1011111101110111110100110000110100110010110010001110011000001010
1101001000111011100000011100001000001001001001011011010001010010
1011011100010001000111001111100000001101011111111000111101000001
1110011100011011101111001000110101100101001111100110000111100111
1110100001010101110101100010011100011100101100111010001111110110
1010100110110101010011111000101101101111110110111100111011000011
1110010110011101011001100010101010111010101000111100011010110010
0111110101111110001110100100100111101011101010100111101001010010
0111110000100100001100000000011110010001000110011001101010111010
0000000011111111011001011011101101111011010111000000010111101101
0110001110001101101000001110111011000011010101101111001111010000
1101011101000011110001101001000001111101101010101000110110010011
0100101001111110000010011110011100101001100001111101000011010011
0110111101001100011100110110101001111010011011100111011100110101
1101110111010011001001101000111101000110010001101000011101100011
0010110001111010011110110101110100000011000111000110000001001011
0111111001101000100011101011001000111101010000000011100101101010
0100101011010001111100111011011000101111001010100010010101110100
1011010110010111101000010000100001110010000011010110011010100101
1110010100111010000100000110010001100101000010111101010010011001
1101100110110011111100110100010011100110101110111111111001100101
0101000111100100111010100001110101110001101010000011110100001110
0000110010011100010101101011111100011001110000100111101100111001
1101001011101011101100001111101000011111101101000111011000000111
0111110100110101101110011100110110111101100111111000111110111100
1110000100100101101000011111010010100100100011001111110100010111
0010010111000100100010101011110101101001001010110011111100100010
0001110000001110111010000110001010100110101101110001111010111010
1001111010101010011100101110101100101010000110100101110111001000
0110001111111001000000100101010111100110011010010111011101101001
0011001100100101100001000010111001001011000101111110011011100011
1111100001011110111001010001001110101110000100010101011011110110
0100101010100111110110000110001110100011111001000100101011111000
1010000101111000011001001001110000011011111101111101000100011001
1100111110000000100001111100011111101001110111110100111010001101
0100001000011101000010001110010010111010010100000001000010010101
1110011000100100110111010011100001010011100010000101100011011011
1110010100110001101111110010011111000111000000001000011010000000
0011010100111100010010000001011010010101110000000001100110110000
1111001111010011111101111110111100101011101100011111101110101110
1010000110001001111011110011111110101101111000110011000001010101
1110011100111101010100100000000100000011001111000110101100110111
0110101101001100000010010000010100111001010101000011111000101101
1111001100110110001110100111110010110111001101010001111011010101
1111010000010011111111100000001010101000101101001101001010100011
0111011101101101111111011010010110110110000100111110001111011111
1010001111101010101010110000011010110011000000011101011111010010
0111111001010011011111001011101001001111011100010111011011010100
1001111001000100001001011111101111011101111111110101000010000111
0110000101111000011001101001110100111010101100011110001111001000
1000110110110101111110101011110000101101101101110010110110011011
0101101101111000000011101000100100110111110000101001111110110110
1111101011010100100100001011111111000000010001010011001000101001
0000010100101001000011010101000110100001110110011011101011011111
1010011101011111000100010100101000101000000110010001100111000111
0001010101011110010110110100011111110001101010010111010100110001
1101001010000100000010000010100000101000010110110100011101001101
1001000111000010101100010000011000000111011100111100100010111111
0100110011010100101010110001100110101010100000010001111000110001
1010010001111110101110000101001110001110110110001111011000101001
0110000010000011011100010110100101101011001101010011001000001100
1110101111111001010000110101101100001110000111011101101101111110
1110000111101001010100100110000001110110110010100101000111100011
0111011011000011000111010111110001011000000111000011011111111110
0000100011001011010000110010000011001110111000110100100111101010
1001110011000000011110000001000101110101000110001110100101111101
1011010111000111000110111001000001110111011000111101011000011110
0011011101100011011101100000110011001100001101110010010110010000
0001011000100111101011011110001110100000100110010110000010101101
0010000110111101111100100011111111111010011111011101110001100010
1110000100010110011101010000011100001010011011011110001110101110
