1000010011100000101100010111101111100000110101110111110000011000
0001001001001110111010011011011001111000011010011101000001001001
0100000001100101100100101111110011100110010101111101000011010110
1001010011101000001001100110110100000101010010100100110011000000
1001110011101010111010010010000000001010111011011011111010011010
0011010100111000100110110001111110011100100100100101100100110101
1010001110010101011010001110110110110110111110011010000001011011
1100001110110101001110101010111110101000010011100110010011001011
0110011111000001111011100011000000010100110101010000100010011101
1111110100111011011011111011001011111111101110001001111110010111
1010100011000011010001110010010010000101111100001110110100111001
1001001101111111110100101101000011100011110001001011111010010110
1011011100011011101101111100000011010000010001010001100111110001
1101101110100111000001001101000111010101001010010011101101100111
0001100000101011011010000001011011101101000010010101110110100001
1011011011100001110001011100010111110010101001000010011000110010
0101111011100101101100001110001111111000110010101101110001001011
0011001011000111110011010001100110000001010011100100010000110111
1000111111111101101011000000010110010011100100101110011000011011
1000101010011000011111110110000101111011011101110100111011110011
0110101000011011000100010011101001000001100010000110111100010101
0011001010001000101011111101110100101111001101010000111111010011
0010110110111111100001100110011010110111001100100011110100000011
0111110101111111011010111111010000001010100101101101101111101101
0000011001101011001111010010000101110100011011011111111011001101
1010000000101100011101000011100100000101101010000100111001001110
0000101100111110011101010100001111000000101001101010000111110010
0010100100100111111000111110100011011100000010000000011011000101
0111111110111111111101101001110111110011111100010111100010100111
0100110100010001001100110011001111001100001111101110111111010111
1001001111010011010100110111111111011011000001001010010111001011
1000100011001000011101001010011100001101110110011100010000100111
0110101101100100010110001110011110010110011010111110111111011111
1101011000000010010100101001011101110001100101000010110101101101
0001111001111110010101100100000010110110000010000010000111011110
0100101001011000100011011010001100110110000111001110011101101010
1001010110101000111001010010010010000000110010111001011100101111
0001110001001010110010110110000001101010001011111100010010101110
0111111000001101101101011010100110001000110001011100011011010110
0100000101111110101110011010001110101101101111000010010001111111
1001001100111011001000001011001101001100001011110011101110001100
0111000100111111101000001000110110110100000100101110100000100011
1010011011001100110111110011110101001001100010100110010101101111
0101010011110000001110101110111111011101010101010110000000011010
1101001001101000011001100001001111110110100010011111111110000001
0011011110011110110111100111110001010100110001001011000010110111
1001000010010011000001000101101001111101100110101000011100110011
1011011100100111001010010000111100001111101111011100010100011000
0111000011011110111110011110101001110101111001101111111100101000
1111011001111111110111100101101010011001100001100010011101101010
1111100010101100011101101101000101011010010000011010001110011000
0111010111101110010100100110000110011100000000101111101010001000
0011101011000111101010000110011000001101000100110111010000110100
1100111101101001111110001111011101111101100010010101101010100111
1110100011101101110000101001010100110111111010101101110111101011
1001100000000111011001111111011000101001010001011000011001000111
0010010001011000110010100001001011000110011011010011011110001010
1100001001110100011010110110011011100011010110110010001111100000
1001011000000001101101000111111110011110011111010100110001111000
1000101101000101000011111101000011000011110110110001100110111111
0000001111111110101010001011100010111011110101011001101000010001
1000000111010110010100111010100011111111000001100100010100100000
0100001000100001010000010011111011011101110100010100011010101101
1111011010111001001101000000001010110111010111010011111001001010
1000101110011011001100011001100010111101000001101011001111011000
1101111010000001011001010010000101111010001110110001010100111101
0111101001111101011110001110000100100000001100001111101100001101
1010001111010100011111111101100001100001001101111110101110001100
0010100010111111110110110110011001011000011110010110010110101111
1010101000011011011110100000000011011111100100010010000110010011
0000111100110101011111010110101011111100001000100111100000000110
1110000101100001000110000111011001101101100111111111010101010011
0111001100011010111010111010000110111101110111111010000100010101
1100000011010011110011110000101010010100111100100001110000100011
0111010100110100110111011011000101011000011010101010000010110000
0001110001010101011010110111011100010101110100010001110100010101
1111111001100111001011111010001110111111101111101101100111000011
0111011001011101101110011100100100100101010011010011011110101001
0000101110110101110111011000101110000000100110010100100110110000
0100110000010100000010011101110101010110111111010011010110011101
1010100110110001011100001110110001010111110010011111011111001110
1110110110011000111110001010000110111010101110001100001001101111
0111000011010011110101000001111101010101110011111001011000001000
1100110010011010000001001010110000100100111001101011100111100100
1110011100101110110110000100010111011111011001010011011010111010
1110101000111001010100011000111011101111010111101101000010110011
1000101001100101111101010110010111001100011011000010011001111110
1001010111011000111011111100011110011100001100001011010000100100
0000110001100010010001111000111100010110010000011101011001011100
0011001011100000101000101010110101100110110101011000100100101110
0000011111001010010000110110010101100001100111100010110000011000
0000110011001111001111011001000001011000000110111101011101100110
0111101111010001100001110101111011111011011001100111011110100000
0011010000010110110010100010001110010110100010011111010000010111
1110011111010001010001011000000010100001100001011001111000011101
1001010001110111100110010100101011000001000010010010010000100000
0110111100000111010010010011101000100000001010101011001011001111
0110010100001100001100111000111011110010011010011010000000101100
1010110111000101001011101001000111110000111000000011010100111001
1111001110011101001101101110011101000010000011101010100010010110
1010100100100000110000111110110011001101011011111110101001001100
0100100101000100001000101111111110110100000110011000011100101001
1011111100111001011110010000101101111111100000001100011111000100
1110101011111010001111111000100010100110010111110011101000000000
0001100010111001001001100010011111101000000001011010001110011100
1100011001010111100111000000110010001000001100100101110111001011
0110000010100100100110110000011101000111101011011001100100010001
1000100110100001101010000000101111100010010011100111111100001001
0110101101111110100100001010001001101011000010110000111011101101
0101010010010110011100101101100000001100001000110110100111001110
1010001000100110000000110000101100000010100101110111110010100010
1111011111101101011010110001100110010100010100011100010101111001
1110100011111001100000000110000000010111000101100111111001001101
0111110111111010100111100001011101111110001101100000101011101111
0101000100000000100000001001100100101101010011100011000010110011
1010001010010010101100011111011100010001101011000100010011111101
1010101100010010010010000000000000111010111101010100000000110010
1001001001110111011000110110010110011101000010011100001010001011
0000100001110011111000010100011111110110110100101011110100100110
1010110000001001011100111001011011100101010100111001011001110110
1100000101111011110001011001100000110001001010000101000100101000
0101111000100101111011111100001110110000011110111011011111011001
0011100010101011011001010100011100011011001010101110001100111000
0011100010100001000000000000001001001000110101010110111101001100
0000110011111100001001111000101110000010011011000100011110100100
0111101011011000100010001101110001110001000111011101111000111100
0001011110011101101111000110000000010110011100100110111000111011
1001000011111110100111111101010101001010010101110100101101010000
1101001000001101111010100001010001011011110111100110010011000110
