0011011000111000000001101110101111010010110000100001100000100010
0011101000100010101100110000001011000110001111100010001110111100
1100100101011010100010101110001001010011001001101100000110111001
1011110100110110100100111110000111111011011011011101001010100000
1101100011000110010110110001010000101110100100110111011011110101
0011011110000101110010111011010010101100011011110101111000001111
0111100010101101010000111101110100011100111101110111000100010111
1001100000111000000001001010000110001010110100001011111101110111
1010010101001100001111000100100101011000110111110111110000010001
1101101111101000111011110001101001111100111011010011101100010101
0101001011100000111000011100001010111100100111100100000101001101
1000011011001011100001001110111101110000001110011010110111010110
0101000000011011011101110010100000010000000010000011100010000111
0001110100010001010101100001000111111110011100011101000011010010
0010101011011010011111011010001101101100000110011010100001011000
0101101111101001001100000101011110100101111101111110101110110111
0110101011011001000000010000000111010000000011100110001111001110
1011001011001010001011011101001001100000010101101110101011101111
0101110111000100100110000001010100000001011010000111100011110110
1101111010100000110010001011001010111001111101001110101010000011
0011101010001000100110110000110110010000010001011010011001100111
0111110010110011101110111010100111000000000000101011110011100111
0000010111011011110011111010011011100111111101000000011010101111
1100010100110100010100110110100100001000101110110001100101010101
1010010111110010100011101100100110100010011101110010111101011001
1110101001001111111000100100011010011110111111011101100110000010
1000110101100100011001000001101101110101100001111110001011111101
0010110100111110010110000000110000010001000100010000001111101101
1110010011011111000111111010001101100110010000101001010101010001
0110011011100010110101101010010000100111010011101101110001100001
0011111110010011100001111000101100101010100111010100011010101000
0110111011000110100011111100101000010011000110101101111110011110
0010011001100100001111101011101111111001010110010110000101001101
0110101111100011100000100111011010110000011101110010110010110011
1100000111101111000111001000101001110000000000010011101101010011
1001111010100000011011010000101111101100110010001011100000000111
0110000001111010001100000101011101101100100110111001101111111101
0011010001010001010000100110110101000100100000010011110101011111
0001011100110101111010111111110001110110110010001000111011101100
1111110101100000100111110011101110100100011000100001000111110000
1101011010010110010000111110110010001001000001011000101100001010
0100010000111100000101010001101111000000010011101010100000001001
0100101111111011100111110011010001110110000001100110000010110100
0110110111100010000100110000111101001011010000111110111000101011
1110111101111010001011100001101011111011000111101101100110010001
1111101000100101111110001001100001001000010000011101100001100001
1000110110110000011110101011001101010101110011001110111101111010
0110110111001011110001100001110011100101100100111000000000111010
0000110111000110110000101111001111000000001111100101000000001101
1000000011010011011100101010100000011011001100110100100100000111
1011110111010011101111100100011100000110001111100011010101100001
1100100100111001000101010110001100000100110011111110100100101010
0111010010110100110111000001011110010110101101001000111010010100
1001111001011110001101100011110101101111101010010000001000001111
1111001010001111101000010010111111001111111001001111000001000101
1001001101101010111010010011001011011101011011101011111001100000
0001001110100011011001001110010001000111001101111101100101100011
1001001010000001110001100110011100010101111001101101011000101101
0100001100001001110101011101111101011001000101100011111010101011
1111010100111100101101101000100000101011101011101110011010010010
1111111100110110010111101000001000111001111111011111000101111100
1010110111000110110011100010001001000011110111101011011100000101
1001000010111101011101101100010000011101001011111001011110110110
0110100111011101110011000111100001000010010001101100110100000101
0011011011111101000111110100001101011010110001001111000001110010
0111011010111110110101100110111110010000100000000010001110111001
1001000100000000111111111010011101101001101010100011100000101100
0011100001011100000100110011010110101000111100011110000101011101
0000101011011110100011111010100111001010100101000000101110010111
1110010110000010101011000001101101000000100100110011011011100001
0111100011011001101001101010011000000111110110010010111000010111
0010100101101011001111101011110001010001000101000101001001100000
1101110101010000000001111010110111110101001001100000111100011001
1000101111011111010110010001101000100001100000110000110001010001
0001010110000000010010101111011010000101110011101111110000001011
1000000101100111001101110001011010100011111000010010010101010110
0110000011100110010011010110010110011001011110010110111111001110
1010110010110001101110001011101000000111001111010111000111010100
1011111001101111010010000101100010000010001101001111011001111111
0010101000001011000011011101001010110111011110000100110101010110
1010011110011101011101110001101010101110100111000000110110000010
0101000001000010000101100100100000110110010100011000001100010000
1001011100000000111011100101101001011000010000100100111100001100
1110110000011010000111010001001001101011100001011000101000000101
0110001111100101000111000101100010101000101010111010100111011110
1001010010010110000001001100111101110110010111000001101011000010
0001100011111101111110000101100010000001111011110100101001101100
1110100001111001100111101010110001000101111101110011010110101011
0000101010011001000000001111010101111011100101110100101001000011
0110000001011111100111001000110010011100000001110101111101110000
1101011000000001001101001100101010000110011001011011010110011111
1101111011101011101110000001011001111000110010000110110100000010
0011011110110110001110011000111111110000101110010110001111011111
1010010011011110111100011101111010100001110011111011100110110111
1010000011100111100101110110111100001101110110111101001001110001
1101111001001000110110011100110110011010001100001010000001111111
0010101111101000000101110110011101100010110101010010110100100110
0010101000111000010111011001010111110001110111100011100011011001
1000101101110011001111101100010101001010100000100001001100111110
1100110110011001000011111101001101010101111010010110101100010101
0100001000110110110101111110011000011010101101011000011111011000
1101000010000000001111000110000111100010100110100001000001110001
0010011111001000100110100101110101111001110100011110001101110111
0000110011100101110101111110101011111100100011001010110110011110
0001011100101111100000100101110010110101001000100011100010000001
0000011011011001011011000111000110000011111001111111001100101111
0010110111010111110110001110010000101100111010110011110111001010
0111000110011010000110001100100110011011111010010101001100100001
0001100001101110001100011101110110011010001100000111101011000110
0100110001001100010001000100010000011011110101101000001111100110
0111110001111100001110111111100011111001110011100101110011110011
0011000011101101000011100000110010010111011001001001010110111010
0101000010000100111001001101000111000011011110011100111110001100
1010111100101000011011110101101000010011110111010000110110010001
1101100110111001000000011010101000111000111101001110001011011110
0111110111110101010010011001110001011100110011110000010100111001
0110100011000111100000011000101100111011000110010001110010110000
0101101101110100010100101010001110010001110111010100101100111100
1100000110010110011100111010100010000011001110110110011000010100
0110110000001100111100011001001001011101110101010010011001001010
1100011111111000110000010001111110001101110000100100010001000101
1100010011110111010101110010100010010001110110111100011010110110
0000011011010111010000100000010010100110100100010111001111101001
0110001101000111100011001011100101010000011001011110000110001001
1001011101010010001100101011101110010101111000011100111100101010
0000101000111001100000101010010110010001001001101101000001011011
1001110111001110011000110000110110111001110001111000001000100101
1001100001010011010011000000100000001111010000010001101101101111
0010001101011001111010100111100110111001011011000110100010011101
1101110011111111001111010000111101100010100101111111101110101011
