0101100000010100000110101011010111011001100011010111010111101011
0101001100111011101111010101101000111000111100101110001100010110
0000100110011111000010110110100010111111001101001000101100011111
0000000100000010110010000010110001000111010001111100100111111001
1101011111011000110001010000001011010110111101011111000100001111
0001001011110000001001000110011111010011011101100010100101110111
1111000111110011010001001001110110011001010010101111111111000011
0101110011001101000110000110001000000111001001000010100100000101
1100111001110011110011100011100000111010000100110011011011011001
1001111100101101000010101011110111000110000010001110011100100011
0100000010000101110100100000101110011110111010010011111111110111
1111011011000110111111101111000101000010000101000001010101010011
1110011000011100010011000000110000011001000010000100000101110000
0011000110001111111110110111001101101011111011011101111100000010
0110101101011010110011111001100100111001010111110010111000111100
0101000100110111111000010110000111101101010000000000001111001110
1110011011100110111001011101011000100011110010001111000001100100
0111011011010000111001111110101011011101111101101001110101110000
0010110001001000110101100011010000111111010001000101110010001000
1000000111101000001111001111010011011100010111100101100110011110
0001010010110100110110001010100111110001111111000100001011110110
0101000001001011111101110010010001110001010110010111100010001001
0010011111111111011100001010110101111111011011110001011011001011
0110101100001110010111001001101101101111111101111110010010001111
1011111101100111110111001000000000101010011001111011101111000010
1001110000010110001111111111100101101111100011001000110110110111
0100001001111111011011111010000101000010001011100101011110101010
1010100100011111100010000000110110001001101001101100001101111000
1000100001010111001100111001010001110111000010010010010010000110
0011110100011100110011111101001001001001001011110101110000000100
0011111100010001010011101010110011010101000010100101110010010101
1111101100100010001000000101011001010100100111011010001011110101
0011000001110011110010110110000000111101010111101110111100111110
0101101011101001010000001100100110001000101101101110100111110100
0110001100101011010110110101011011001111001111011001000000011110
1010101100000010011011010000101100100000100000111001111111010111
1001000101100101100101110010010100011011001011100001100010101010
1001101101101011101011111010111001100000110110101111110011000111
1111100000001100111100000111010110100101110000101001110010110011
0001001100001001000111111011010011010110111100110111110000100100
0101110001011001101010100110111100000000000100111000110110111100
0000000011010010101010001101101011100101001010000000100111101011
0110100100001000100110000110110000101100111101110111100011010000
1001000110100011111100001110110001000101110000010000100111011100
1101000100100000000010110111111000111111101110001001101000011000
0010000100001111010110101100000000011100010100100100100110100010
0110010000110111101100000011000100011110101011001011101101110110
1110000010011111001100101011001010110111110101100111011000101010
1101110100110101100101001001011110110010010110100010111011110110
1110111001111001010010110110110011001100000010110101010001011001
1011010000000000000010110011111010101100011111001111100111100110
1000010000011100111001010100111110011100100000110110011111110101
0011111010001010100000100100010000100000110101001010100000000011
0001110111111010101111100001000100001111110001001101001011111001
1100010010000111110111000100011000011101011000010000010000011111
0100111011000010110101110000011011011100000111000011011110110110
1000000000110100111100100000110101110001010011110111001101111111
1100111010010110110000011011001100101101110010011100111000100010
0000110001010111000111001110111001011101000110001010011011101001
1100111011111111101101000010000010100011100100000111010101010000
0010000001111011111010111111101100111101110011001100101101110111
0011000110000111101000000000100111001011001110101001111101111011
1111000110110010110010101111110000001110100111000101111110111011
1010010100110000000000111101110000001100011011010010110111000010
1100110110010010100101101000010010101100010100100101110111101111
1000111011111110101010100000111100001011101110101100001111001001
1011000111000000110110010001011001111101010111111010111111001001
1000011010001101011111101111011000000110010110011010101101100110
1001101110110100100000000010011010100100011101111010011011110101
1001100110011110011100001001100010010111010110111101001110000000
0011010001001111011110110000100111010111101110101100101011000010
1001111110010010001000111100100011101100101101101001111110011110
0111000101000100001110110010001101110011010000100100011001111011
0001101111001011010110011111001110110101110111110101010001100100
1010101010001101010001111000101100101010001010011010000101001000
1100111000001101001101111111101101010101101010010001101101100101
0101010000011011100100010101100000111001111110000001111111111100
1101111100001000011110100101100100111011101111001101100000000100
0000101011110101100010011111101111100010001110111000101110101001
1100100011010111000111001011110110110001010101001101100000000101
0000000101110110111100010101011001011010001111010010111111001100
1011111100011110110011001000100001001000111111100000011100110110
1100111001011011110101011110101101100101101010001000001100011000
1000010110101100100100110000010110110110000111010110001111010001
0100011101010110001000000100100111010010011011010110110010111110
1101011001011110011010010000101101000001101110001110110101111110
0000001110011110100000000011000100101010110100100001001001111111
0100010111001111001001110101010011100100110100110110111110100011
0000100111010110011011001110010000010110111011010001110011010011
1100000011000010001001100101110011111010110110001110010010100001
1101100100100111010010000000011110010011000000010101000100100110
1011101100010101101110111110101000000110000110111100111011110111
1101110000110001000011100101110100100110110011101111111100111001
0001110000100110111101100100100000111111110111110101011010010011
1100101011010101111001100001110001101101000110101010101110101110
1101001011100100000101011001101110101110110111010000001101101010
0011000000101001011110111111111010110001100000111110010100010011
1001001001010101100011010100001010100010010011100101111010011001
0001000101101101110011000111111111111001100000110011100010101000
0111101100011011100101110110001011001001000101111010100011100110
0010110010111001010000001110100100110001010101001110011001011010
1101110001111001100011000011101000100010010000000011011010100111
1111100000001110000110111001011010100001100100101001000111110001
0101101010001001100101111111111111001010000000001100110101100100
0011110110000100010001100110111101101101010011110101101010001111
0001000001010010100001111011111101111000000101000010011010101010
