1001010110001000001011110111011111000100011001110011001001111101
1001011111010011001111011000110100001010000111100110000011110011
1111000001101001000100000001011010111100001111001111011100001010
1001000111011000110110010101110011101010111101111010001010011011
0010001111011001100100000110010011011010100111010110011011100100
1100010110100011011110001010111101011111101111001010011101000101
1110011011000011100001101100101001011101001111101011000111100010
1000011010010100111001000100001000000001111010110001000011000010
0110100010100110101000100100011100010000101000100101110010000010
1000101111100110110111011111011101000100100100000100101100111100
1111111000111011010111101111001000100001111011110011100010100000
1011010111111010001111100110111101111111000101111101110110010011
1101100111011010011110111011011001111011110000110001001110101100
1100010101001100110011101001110111100000001111010110111001101110
0000010100001010111010001011100111000000111001110010010101010001
0001011000001100000010000001111100101001111100110001011010111100
1100001101110111101010101010001000100110111001100010001010011000
1010100011011000111010100110000010111111110000010001010100001100
0010101000001100111010110111100111100101100111110010111111110010
1000111111110001000011000100101011111110101000111100010000100011
0100100000001000101000000001010111101110010101110001100110100010
1011011001111101000011100110001100000100000100110100110011100101
1110000001000000101111000000100011100011111110101101101101001101
0101010111010010110010111101100100010000110101001010100001111010
0001110010110011100000011010001101001000001010010011010010000111
1101010011111001001010010100100010010011111010111100010000110111
0001100111010010101101010111100101110001110001011011110000110111
1110011010011010101101011010010101011001011001001100000110011100
0000100100001001100001101010011011010101000100000000000010010010
1011101110011111100011100101100010000100111010101111000100001001
0000001010110101100001001111001000101000101011101011110101100111
0011100010001100110010001100100101101101011001001100011011101100
0000100011100101100101100010010011010010110001000010010100100001
1110001101111001100101001010011110100100001101101001110101101110
1100110000010100011001000000010100101010000011111111010000011111
0000011010011111001100111101010110111111001101100100101100101101
0110011111001010101101100010011110110110111100110101011001011110
0110111101001010110001100001110110011100111110110100010011001110
1111001101000010111001001001110101001101101011010000110101101111
1101110101111001110110101000100011011000011100011000101101111001
1011111110011111011011010110000110000010101110000101011111101110
0001101001101111100000011011011000100101011001010100101001010011
0000110101001110100110011100111010001001101001011100000110101010
1110010110101110110100010110110101011101001111101110001011010011
0010010110110111000011111100101101000101101110110100011100101001
0000010110001011010100000010101101001000100001001011111111011001
0000001111000110101111001001010100100111011101111010100111110011
0000110011001111011100110111000000100010011110101010110100010111
0001000111011101100110100100101100111000101100000011110010101101
0100001111011011000010000101001100010010110011011001011111101111
0010001100000111001111000011011111010101001100100100001110100101
0111001010100110010000000010110011000100011010011111110101100111
1110110100111001111111000110001101011111011001000100011101011001
0010101010111110101000001000011111111100010010010000100011110100
1101100100010010101011010110110001011110010000110111100101001011
1101111010001010011101101001110111001001101111010010010111110000
1111000111111111001100000101110001100010001001010111110000011100
1110000100110110010110011010100001111001011001111110011110010111
1101000101111001100100010010000010001010010100101101010010101000
1111101110101001110001001101111000101100100011000100011110001100
1110110111000101000101111100011110100000110100011011100101001110
1001010110101110010000010110010011101001100010110000011100101000
0101111110000110000100000110111101111110000101111011001100110101
1010000101100100011101100011011010011111101111111111001101011001
1101000101011100101111101111100111100010101010010000110100110100
1110001001111001001001100010010101010101010000011010100111110111
0110011110111101111110001111110001010100101000100111000111100100
0000000101110111100111011001101110100011001101100011101010111001
