0011101001111000010011110100100100111011000111111010001101110001
0100000010001010110111100010011010010010010010100100110000001001
0011011100011010010010100110110110000111110101111100011111000111
1001100001111000101010000101010101110101001010010010111110001110
0101001001010010101001000001110100100001110111010000001010011000
1110110011101010111000100111100001101111110011000100000011010001
1000010000011010100100111100100010101110110100000101010000011100
0101010001100001011101010111100011001110100110111110000010111010
0010101001011011001111100001110101100110000110111001110001100000
1100000010100000001111001101001010000010000110011000111011111001
0001000100100111001001010101001101110000011010011000111100101101
0101110001101001001100001000001010010011001101101100000010100100
1110110010111001110100111010111010001111001010001101011010000100
0000001011010101111011111001010000000000111001111010010000111111
1000101100100100001110100010011100000011010000100111001110011111
0011011111000010101011010010011101110100110001000001100100011101
1111111001000111011110111111010111000111110100111011001100001011
1101100001010111101110100111011111000011010010001001001110100011
1010110101101111010010100110010111100010101011100101111011110111
0100110111010100100011001010010001111011011001111000011001001010
1011000011111100010101110001110011110110100111010000011110100101
1010101110001001110010101110100010011100110100111110001011100101
1111111100001000101010111010111101100101100100100100001010010000
0101101000101111010100110011111000001011101001101001010010000011
0111000100011011010001010000111100101001111001101111001111001001
1101101101001000000111011111000111011101010110110000011001001011
1111000001010101100000000001100110100001110100001101101010010110
1010011110100010010010010000011110101000000111010001011011011101
1001111100001010111101101110111100110000011111101010000000110111
1000110111101110010110000011000101011010110001001101100110011010
0000111110110000001111101011100110010011001110111110000001100001
0110101011110010011101101011111101010111011001011001001100001010
0101110111011000100010010111100000001110101011010111101000011101
0100011011000011010100101100000000101111001010010111010101000101
1011110010110111111101110110111001111001100011100001000011010000
1000101010000000011000000000000101000111001110001001100100110001
0101100110000011111011111011110100000100111101100110001010010011
1111001000111011100011101011011011001110010110000101000110011100
1101101101101000111101000101010110001100110001111100101011000010
0010011011100000000110110100010010110100110000100011110001001011
1001010111000111010011010011101111000110110100100001110100101011
1010101100101111001000111000110100111000001110000110000100101011
0111111010110000001100111110101000101011101100111001101111111011
1101100101000011000001101011001100011001111010101011001101010101
1000001110111001100001111101100110001010001000011100111011000100
1100010101011101111101011110101010111011111000001101100000111111
1000100011001000100111100101000010110110100100000101011010000111
1100110100111101111010000100111000110011000000011100001111100110
0000100011001000111010110100110000000011100101001110100001000010
1111000110001101010100010011010110111010000110100110010110000000
1111100101001100011100111011110100000000110101011110101000101100
0110111100010000001000011111101011010001101110001000101100000010
1001010001111010110111001010000100101010111100000011010001000011
0110000011110111001000000100110110010101001010000101010111010001
0101110110011011000011001011100100101111110100001010000111011001
1110111010011100000111000011011111110111011010111111110100100011
0111011110100010110110110111111111011001001110010111001100101111
0100000101100110100010011001110001111100111111001010000110010000
1111001001011100011000111100000111000111111100000010000110110001
1010111011001111000100011000011001001000000100110000001110111001
0011100001100000001100011111011110110111101111110111110001011100
1011001100110000011001100101110110010100010101010111011001011010
0111110110011001000001011010110010100111001111100100111110111000
1101110001111011011000000010000101101101110101101100100110010011
1111000101100110110111001101111011011011001100111110011111110110
0000001111011111000011110101011010110101011001100100011000010010
0111110111101010000010011000101100101011110110001010111100111101
1101010011100011101111101001101000001110010000011000000010000111
0010100011101100000011111101011000101010011010111011100001000011
0010100100000000111001110101111100000101001110010100100101011111
0101000101101100001100011100100001001111101001110100000110101111
0011001100001111101101010100100001001110010111010110110100111010
1001110101111101010001110111011110000000000110111010111010000100
0011110011100110001011101100110100001111110101111110110101000000
0101101101010000110101100011010100011100011101010101000001000110
0010110010110011011011010011000111101010111110110101000001101110
0101110010000010100010100000000111100110000010111100100011100001
1110111111111101111110011000100001000111000001101001111010010000
0110101010101111111110110101111110000101000010110100011110100011
0010111000111000001110111010001010001011010011110110111111011000
1011110101001000000000011011001001101001011010111111001010101111
1000001101101111001000101101101000111100000000000011000101110111
1110011110010001000001100100101010100101001101100101000100001000
1100010100100111111101100001010001101011001011001110001110111100
1111101100100001010110110001110001011101101101101111010001011101
1100101010110010011111111111100111011101101011010110110010111001
