1000111011100011011111111111001100110011101000011010001110101001
1011000111110010001011001001000111000110101000011111111110011111
1011001010000010000111001010001000110011110000011011101000111100
1001001010111101000011010011000110001100101010011111100110010000
1101010010001001100100010000111010111001101000001101100110010000
0011000111111001000101001110111010000000111111001100001111100001
0100001101101000000010011111000011111011000010111001011100001010
0010011100100101000001101100000111000011111001001100111100011100
0001011011010110100010001101000011111111010001110010110000011110
1100001011000001000110011011000011001111101011100000000011100110
1011001001010110101100101011011100100000011001011111000011110000
0111111000000000000110110001100111010000110100000001101010001011
1011010010111101010011000010110101000000000011110101010011100110
1001000101000111011000110111111111111010000000000011101000000010
1110101011011010001110011100011010100101110100011001000011010011
0111100011001001100101101000001101010001011111010101011001111011
1000101101011100010111000000001001000101001000000100101010001100
0010110111010011110000010011101001110100111100010010110010100101
0010100001000010110010101101011101110011110110001100001110000111
0110110100001000100010011001111000111011110111000000100001001010
0110101101101111111111000000110011110111100101111011010000100010
1111110011000111100001001000101001110000100101111010111001111101
0111100010001001110101110110100100111011100011010010010110101001
1000000111100110100110101111010100000001110000001001001011011110
1110110010000010100001101001000000111011010001101000100011000011
1011101110001001000001100110010001001001010011101011011001011101
1001110100100010101100100101101010101011100011001001101110010011
1001000011001110111011001100100001110110000001111010000000010001
0000101111001000010010111011110111000100101101001100001001101111
1000101000101001000001100100001001001100011011010111100101111101
1110110010110011011000110111010010000010101000001000111011011000
1101101110100000001010110111000000011101111101101101100000011100
0100100111010000000010000000100101000001111001101001011010101011
1110101111111011010010111010010101011001100010100001101101100001
0101100000111000110011011000010001010101111100000110010000111111
0101111010010010111010110100111101001110100001101100000100001100
0000111100101101011111111101110000110101111110111010011111000010
1110111000001011111010000111101101001111110110110010100001001010
1110010000111000011110101011000001010001111000110000110110001000
0110101000111010001011001101101110011101101100001001010000111101
1011111000110001100010011011111011011111010010111000010110101000
0010110011111010100101111101110110100110100011100000110010010100
0000000001110001010001011010101110001100001111001101100011100010
0011100101100110001000101100000011111100111101111010101110111010
0110011010111001111010000000001001101000001010110100000011100111
0100010001110001001000001000011111110100111111001111111001010011
1110110100001100111000101010110110111010110010100010101010111111
0111111000100010111110101111000111101111100010011100101101011000
0010011000111110010110011100101101011010111101010001110001011010
1111000001111110011101111010010101011111010110111111100100110001
1000011111100001001111000101011010011000000010100110011100000011
1001001100110110001001010000000111000101111101010000010010011101
0011111100011101010100111001011101100111111000001100110000110011
1001110111011000011110111011000100101111110100111001101100001011
0111010101101001110100010010110110101101001010000100000001010001
0110111001001000000000011111000100000001001001101110110001110000
1010010101101010110000001010100100010001011100110000101010011111
0010110001010110000100000101000110001000011000010101001000000110
0101011100011100000100011101000000010001101101100101001111111110
1011011010100100010111011101101011111100011100010110011000000101
0100011011100011010110101000010111101011010100101011010000100101
0000000000100100100101011111000011011110000100000010011110101100
0000010010111101100100110111011010101001000001101100101001001101
1101001001110110000110111000000000101101010100100110100010010100
0101000000001010001111110111101111001001110001110100010110100101
0111110010000111001001100111011100101000101001000001010111100000
0101110100100010101100111101011010100000011010100111001011100101
0100111010000001000010111000111010111111101100111110111010010101
1010100110100100100011011100000001000100101101001110000110100100
0010010011100110010000100100000111111110011100100010010101111000
0111011001101100001100100110011100000000010001100111110101000000
0110000000001001101000101110100100110001001001111110111010011101
1111011000110010111000100001110101110010111001010010010110011001
1101100111000101111001101001010111011111001101110010111010100111
0100001110110100010101111001100000101010111010101010010110101001
0000111000110001011000111011010000010110101110000011111011011010
0101101010101000010100110011101101010100011011001001010000000011
0101110100110101001010111001100111000100101111110110110100011000
1011011111001100110000010111111111010010000011101011000110101010
1101010001001110001100000001001010001000000011111110100001011000
1010111101110010101111000111001100000001011100010111010101101100
1011001011011010100010110000010111011100110101000101011101101110
1001111101101001001111011000110000100011100001100101011100100101
0111101010101001110100101000101111111011010101101111001110011001
1010010001100101101001000110011001001010010001100000000111000100
0101111000001111010100010100010111111010011001111010011010001000
0110111010000011111010000111110101010100111110011110011010010001
0110010000110001110111101010100111000110000011000110111000010000
0001110101100011101000001100101101100000100010011000110001000011
1101101011111001000110001101000101000101001110001001110110001010
1101001110111011110011010011001110001000111110111000001000010001
1000111011010101101000111111111000001001111111001111001111110100
0001011110100001001001000001110000000101001110111011111010101110
