1110011010101011001001110010100000011010101111100000011100110001
0100110110010001010001000011011010101001110111101010010101001100
0111110010100111110110111000001000110100101101111001100110111101
0011011101110011101111111110001010001110001010000110001100100000
1010011011100100111001100000001011001011100101111110000101001000
1111110001101000011011111100001011010000001011011111101000101110
1010010010010101101101010000100011001001010110010001111111001001
1010100111111001001000101111111110010011010101100110110110101001
0100001010001110111011110001011111011010101110010101100011010111
1001010100100110011010000100110110010110000010000100000110111010
1011110100100001001011110110011001110000101000111101110010101111
1001011000111101011000111010100001001110010011010100000101001000
1110010010001000111010010001011100010011100101101010100101101000
1111111100010101000010010101010011100000011010111110011100001110
0000001001111100011100110100100001000010000001011100110000000110
0100110011100111011110001111110101001010101010111011011001001111
1100011101000000010100100100110111010001100100001100100010110110
1011001101010001110000000100010101001000010010110011111100001100
0100011001000111100001100111101101100111011110001111000001000111
0010011001111011001011001001111011001000110100001010011010110011
0011000000000100101011000111100101111100111001011000100101101001
1111011001010100010110111001011011100010111011011110110000001110
1001100100100010000101000000000100001111000110111001100111110000
0110110110110000000011100111110010100011001100100101011110001110
1111001010100011001100100111001111111111000000101010001010001011
1110111000010100001101001000000110000100011011010001001101000111
1101010111011000101000011001100010001000000100011111101010110101
1000101001110000101001011111011100110000010000000010001110000100
1001101000011000100111010001101110111111011100101110001101000011
0100100000111000111010100110001111101111000101011100110000110110
1110001110111000101011000001011011011011111111111011010110110110
0100111000100110110001110110101101010100001111101011010101010101
1000001110111000010101100110011100011101101001100100100001011010
0111111001110000001001010010001111000000101110101010000101100010
0011010110010100000101100100000001001010010010010110100010011111
0111011011001001011110100111000110111101000111000101110111111101
0100001111010010111110101111111010111111001101111111101000110011
1110110110011111101101001000111110100101000000111001000000011001
1111000110000011000011011100111001001100000110010100001011111010
0001010000100010010011100000100111100011000100110110100010001001
1001011100100000001100110101011001101000010111110001001111010101
1010001000100010100011111001010101100110101110101010001100011100
1010110011001101110110000100001100010000111011100010100010011101
1000101000100101111111011000100100001011011110110101101110000001
1000001001011111110101101111000110001011010000010100100011001110
1001110010001001000010110001111000110011001011000000100110111000
1101001011010110110111100000010010101010111111101100011010100010
0010101010100100010111110011111101000000110010000011001100010000
1000100111000101101010111000011011101111010001000101111110010111
1100111000000110111010010000011110001011000110010111111111110110
0001011001110111010011111001010011110100010001110100110010010011
1010011001100001101011010010000110100000010010011000100100101001
0100000111010100100010111010000111110100001101100011111011010011
0110100001011000101000101011100100100101001000100111101100100111
0000100111100000000010010111010000000111111110101100101011010100
0100100110100001001100100101110110000001001110101101010111010100
1000110111010000101010010101111111010100001101110110110110000011
0100011110010000010111110111001110101101001111011100110100011010
0001110000110100011101101011011111001001100101000010110010011110
0111000100111010100101100100011000101101101111000011001110011000
0010110111010100000010010100110110101100010010101100100111001110
1110001101100100010011101001111001110011011010000011011110101111
0001101100111101101011010110001100100111110010001000010000011110
1111101000001011111011111111010101100010100011100000011001101101
1011100000000000001000110111000010001100111100000010111100100010
1000111000001001011101000111111101111101001010111111001010100011
1010111101111101010110001101000000010101101111101110010110110101
0011100101010011011101000000000000011010100101111100001110001110
1110001101110110101111011011011111010001100101110000010100110000
0101111011111000110100000011000011011111011110000000010110100111
1010100011111010100101001101000110100110111011001000100111011110
0101101110001110000000100000000111111001101010010010001111101010
0110100001011111110100011010110110011100000110101010001011101111
0100010111000100010000000001010001001011011000011101100101000111
1101001000100011001110110001110111100010111100000100110110111001
1101110011101011100001001000000101010110100011101101011001011001
1101010000101101011101110010111011010110101001001011110101111110
0110101010001010011101000011000110001000000110011011110011000011
1111111011011111011111010100011101101011100010001111000000011101
1101011011000000111100001110101010101110110011000101010101110010
0000110010101110110101010110101000010110101111011000001001011000
0111101001110111110001111111011010001000111100101001101001100011
1110101111000110101101100100010001000011111011011011010111000011
0110011101011110100011000100011001110110101000010001101010010001
1001000011001001101111011101011111000101010110001000000010111100
0111101011000011111001101101001011100010010010001101101001111101
1011000001111100010100001010100101000011010000110010001111011110
1000000110111010001000101101100111001011000110110000100101001011
0110100001001101001100011101101000101011011011101001110101110001
0100011101011111101011111110010011001110110011010000001010001011
1110110100010001111111111111101101011011000100011100000101111001
0110101100011001011000010011101011001000010001001101100001100100
0100001001011100001011010111101000000001000110011111001001010111
1111011110001000010001011010110111010110110111000100010010101000
0100111100100111101000100110000111100111101111011000011010101000
1011001000011010010001101100101010011100000000100101100001001010
0110001001001101011111001000001011101001010100101111000000110101
0001110101111011011011111101110101101101000101010001010000111101
1101111100101111001100101110001101110000000001000001010100000011
1010101110011011000000101001101011101010111010010000100101000111
1101010010101101011100110101110111011000111000100110110010011000
1111100010001011111110100101010001110000111001100001100101001101
1001011011110010111101010110000100110011000001100001001101101110
