0001001110011000011110111110111110110101110110000011101101100000
0011110010101011111101110111110101010001101000111111101111110001
1001010111010011101101001010111110100001010101111001010101100010
1000110110011000000100101000000001001001011011100111101101001100
0011110011000101110110111011101110111010001101110101111110011011
1110111010111001110000000011000101000110011101100101000100000001
0111011101001000111111010100110010000010011111111110001010000011
1110110111000100110111111101000110010000001001001010101100110101
0000000010000111010000011010101110001110101101110101010111111001
1011011000110001110001101001110101110110110010010001101101101110
0000111011010111011101011000011011100111100011111010110011100000
1010110001000101110011101110100011100100001001001010000101111111
1100001011101110010011101000000011000011111010101100100101001101
0010111010100011000011111001100110101111110110010001100110001100
0101110001111000000001001101011111111001011101011010001110110111
0101010010101101001011001010111111110111011011111110110001010110
1010011000111111100101101100111110010100000100010010111110101011
1010110010100100111001001000111110111010100011111100000110100111
0101001110010011010100100000010000000001100110010110101000000000
0000100110110101110101110101000110100100001100101000000111110000
1100110000101000101111101111010000010100001011011110001000010111
1001101000110111111100000100000010010011011111000111001010111111
1110001000111111101111001111110111001010101110001110011100001000
1011110010011001110000001110000101000010000010111010101010101110
1011110000101010001000101100010110101111110000011001110010110001
1001100110111111100110001110010100001110001000010110111000011101
0011110011100100001101110001001110010110001100001001001000101100
0101000011010111101110010110110001101011000111000111011111110100
0110000110001010000000011100111011101000100000100101010000111000
0101100000001000010110100011111111011100001111100101011101010010
0000010100101011001100111011111110100100100110100000011111101111
1000000000011010110001100101101101011000011000100010000011101010
0101011011110000100001111011110010100010110101101101000001001001
1101011101111111100001011110000111101010011100111110110001100110
0000100111000010101011101111011001000110101000101001110001101100
1001100101100010001011010110101000101001111110011000100111101011
0110011101011101010101001110011101100010101111011010101101110001
1000000001010001010100011010101101001101100010110110011110111100
0111101001110110000011000000100011010011110111101111110100010001
1100110011110100001101100100000011010100111010010010011111001011
1110101110000010100100010111010001101110000101000111100010011101
0010000001010000101010010100110101010101111011000100101010110101
0001110101011010100000110010000010011010111110100111101001000110
1010011101110001110100011000010110110111111111011100111010110100
0100001000001001101001010101100010110011001000111000101111010110
1001001011001000001110010011111110110110111001101000010010101001
0011110110111101111100110000110111010010100101011001100110010011
0001011110011111010011000011010000000100010100000100001101011100
0010111000110100001011001001111110110001101101010000010100011011
1101110101001001110010010100011100011011011011011010011101011111
1110110111111110110011101101101101111010001111010010010010011011
1110111101000100010000000110000110011010010000010101100000011110
0110001011111001001101110100100110010101011100101001100010111110
0000100010101101100101100111011001110111110111010110111010110100
0010100111100111101001010000111001101100100001100010110010101001
0011111000011101010010110100001110001101101001100111011110101100
1110010100100011100111100110001100011110010101000011110100101110
1101110100111011101000011011110100000010111111010010000101111010
0101000110110011011010011001111010111000110010111100111011011110
1001000100111011110111111001010101100111011010000011101000111000
1110110010000000111110011000001110010000011010110011101000011110
1011011001101100111011111011011010010001110000110010111110001011
0110100001001110110000101111010001000111001111001100011000111001
1011001100001101000010011101101011111100010001100100001100011001
0000101000000101011111111000110111001101110110110100100100111100
1101111000000111001000000101010111010111011110110111111010111110
1101110111111001110000010101100100011001001001001000101001101001
0001101010100010110010111011010111000011000000111000111111011010
1011000011000100111111100100110110000010011111010111010011001110
1100001001001110111000011110010101011010011000000100111001001110
0011101111011010000011111011010111110011001010101010010011001011
0010010100100111000101010110110110110100111101111100000011100110
0011000011001101001100000100001001000111110100010101010010000110
1100110000001001110101001100000001100110010001001110000011111111
1111001101110101111010001101101110000111100101001110110101110101
0011010001101001110110100000111000100111110001110001100010000010
1001100100010011111111111101011000110010110001101011111111100001
1100100000011110111011100110001001101100011111001011001111010100
1010001101000101111111010001001001100011111110001111100000101100
