1111111100000110110001101100100001001111011010101011111011001111
0001110010101011100111100101011110100100001010010101000000111010
0001101110011001101110100101101110100110110010100101111010101101
1111010111110100010101111010111111001111100000111001000110011111
1101001000100001010001000011100011011111001011011110001101011001
1100101001010100001110000001111111011100101101011100100011000101
0000100101101011111100000001011001001111100011001101011001110111
1011011011001110010100001100111000001101100100101010010111111111
1101011111001000100001100001010001111001000111100101000111000101
0001010011000001011100111111101100010111011011101111011011001100
0000100010000011000110100000010111001100001011111010010111100111
1000101101100111100101110001100011100101000110000010000110100110
0011000110111010101110110111100111110000110010001100110010110111
0101001010011110100100011101000000010111010111110111000010000101
0111010000010101001001000110110000000011101000110010010111101111
0111010100110101011100011111001010011111111011110001100000111111
1110000101111010011100010101100001011101001101111010001010101001
1100011001010000001011110001011100111111100011000001011011111101
1000101010010011011110100100010110101111011000011000100110100001
1001100101110101000010000001111100110111100011101000001000111111
0101010100001011010110111011100000011011101001011000001000010010
1100101100111001011001100100011010111100110001110001100111110001
1010010001100110100111000110100100010000000101001001100101100100
1101110111000101111010111001100011010100100110101111110000111110
0001100011010101000000010000101011100001010110111001000001110111
1011011010011111111011010000100110101100100110011001101011010110
0100110111011011111000100111101011010100111001101010010010100100
1001101111010111010010000100001010100100101101101100000010000011
0001011111000001111100001111110001101001010110010000101101000111
0001011000000111111011101110110101010100110101101111010110011101
1110111001010101110111010010111100101000110001111001101000011011
1110111111000101000010110001101001011000011111001101110000101000
0001111010001100010111101000110110000110100100100011000000001110
1101110101101110111001010110100000111001000001111011110010000001
0011001001010101000111001100111111000011001110101101111011010000
1000110010001111010101101000111100101010001101001100011010001100
0101101011110111011010100100011001110001001000110010100110111101
1001011101001111111011111110110111001010101100001010010000000100
0000101110101100000110000111101101111111001111001011100010111111
0010111011100110010111100001010101100111110100000010100000100000
1101111100100110011101110001010111100111000010101011000100111001
0110100100100100000010110101001100110001010010100000010011000001
1001001100001100010001000111011100011101011110010100000011001011
1101101101100110111000111110100101011000011001101000010110101111
1001011011010000011011000100011110110001011000101111111111101001
0001100110111010100110010110110011000000011011100010111111110110
0000111110101111101101111111100110101110110100011010001100011011
0010100011011101000110100010111001001010111100001011111100101001
0001001010111111111010111001010111111011000011110011101001111010
0001111110001110111001010111111110011001011001010010000000111000
0101011000011111000100101010011000101011110000001110101001110111
1001100000111011100101000101110000011001010101101001100010001110
0101011000101010010110100000010001001010011000100110000100100011
0010111001010000100010111100110000101011110100011101111000010101
1001101001110111001000100110110001101011001000000011101001101010
0001001010110011010101101010111110000001110011100001101110111110
1111101010011011110111110000110000011011111100101000101111100101
0101011000110010111010100100010001001010010101011110010101100101
1111101100010111111000101101111110010011100100000001001110001001
1100110100000110111000110110001010111001011011110010111100010001
1111011111100000110000001111010000101100111100011011011101000000
0111111111001000100110011001000000100001010001101101110100010010
1011101111000101100010101101111101011010110110001101001111000101
1001101010101011101100011111111001001010101110101111100101000101
1010001100010101000100011100101001010000100000010100111101110110
1011001010110001011001100100100100111001100010011010011011001110
0011111100010111001111110010110111010101111010011011100101100100
1101110110111011000001101000100111011000010101001011101110011000
1001110011111101001011111011011010100011011001000101011100110001
0111001101001011111001000111001101101000100000010000001101001111
0011101111001110110100100011000001111000111110001110110101011110
1100010111101001101000010101000000010011110100111001110001100000
0010011110010001110100001000000111001000111111000101101011100011
1100001010110000111100101110111001000110000011111110010100001010
0011000000000100000110101001001100111001101011100010110000010110
1101010010110000000110000010101010100111111000011011100011110000
0110110011101011100110000011010100001101110011010010101100001000
0000101000111101010001100001011010010111001000101010110000101100
1111100000000111010010100011011001010001001110101110101000001110
0010011010110110101111110000111111001101110001001101010111101001
0101101100010011101001010011101100000110001000111101011110000110
1101110101111110111000101110100100010001110111101001000111101001
1101101000110110001110010111010011110001100001110110001000011100
0101001001000010011010110101011000000100000010010010011010001001
1000110010101001100110010101111111011111110111010100110000011001
1001010000011010011011010100010011110111001111110011010110101001
1100000101010010101101010100010111011101110101011001111111001110
0001011011110110000001011001100001010100010110011111000011000001
0110110110011010100110111001100001011110001101101001001000101000
1011111101101100100111101111010111101001011101111110100110000111
