0111101101011110101100011100010000011100010100110001001011101000
0011100011011001000111101010101010111111000011100110001011011001
0011000100010011001010001100101101010110000000111010111111010100
0111001000000110010010000001000111110111011100011011100100100100
0111000100011011001110011100011011101101100111010101110011111101
1010001001011000000000000101001100100111000111010111001111000000
0110111100010111010010000011110000101110000011101110111101011100
0110110101101111011110111011001111111000010001111101000010101001
0101111110001100110110010111100001001110100000011000010111101100
0010000100000010001101011100011011010111111101000110101101000100
0001001001010101101001101011011001101111110000001101001010101110
1011100111000111110110011110100110111100110111010010000011010111
1111001000110100101111111010110001000011110101101010111101011001
1000000001101100100110011101011101000000100010011111110010101100
0100100011000010000000001111100001000011011110110100000001010110
1111111010110011111110110101100001101100010011001010010011010011
1000010010100100101001110110111010101011111101111001100010101001
0000010000110100011100111010011100101110101111010010111011111011
0101000010011000011100100000010001110000010110111110101111000010
0101011101001111001010000000001100101010110001000001011101001001
1001000000110001100011010010000011111101111010000001000010101001
1111010010001110110000101011001000110011111110111010011111000000
0101111000011001110111001010001011000010100010000010111001110011
1000111100111000101101001110010101001010010011100111010000111001
0110001111010011111010111100000101111100000111110010010101100111
1011011110000110111000110111010001000101100110100010100100101110
1101010111011110010110110010001000111101110110001100000110111100
1101000101000011111000101011010000110010010101100101001011000000
0111110100000000000111011100111101111110110011001110111110110100
0000011010011010011111001010101001100111011011101100101111100110
1111100101111111001001101000011111101010000110110001101111110010
0111101001111010001010110100000101010011001000101001101011000010
1000001100000110001100111101110010000010001000010010110101111101
0001100111100110000000110110000110011101011110000101000011100000
1110110010010111111010010101001010111011101000111000110101100010
0000111110011011110000100011101110110101001011001011101100111010
1011111001001111000111011111001110100100010001110111011000111011
0010010111011101000101100011101100010101010001000000010101110011
1101010010111101011010110001100100111011111101000001111100000011
0000010110010110000101000010100101001101000011100110011010111111
0100000001110110110111110011110010010010101000101111001111000001
0100101111011111000100111110001010111000011001100001011101100011
0010111111101010100110001111101100110010111111110001001110100001
1101011000010100110101001000101110010000010100100100100000101000
0111110001001110101100001100100110001010100000011111100000100101
1110010110000010111011100010100011111111110101011100000101101110
0011010111101101011000111111101001010100100101100110001010110000
1110001110110011100011000111000001011001010010011100010010000110
0011111011011011011000011111001001000110111110010110011111100101
0111001110100101100111010000001110011000110010000001010110000100
0111100100101101001110111001001000110000100011111001111110100010
1111001101001001001100110101100000011111111011000001001111100010
0001000111110101010010000011101001101010011001101011101011011000
0100001111101000011000110110000101001111111000101100100100011000
1011110100001001000011001110001010010001010100011001011010101101
1000111100011101001111101011100100001101000111011010001010011101
1100010001101101010000000100111110101111100110011110010001001001
1100000001000101100010100101101111010100000111011110011010000101
0101001101010111111111001100100000100111110110000101111000100010
0010001000000000101111111000111110101001010111111101111011000101
0011011101110111001110100011110111101111010010001110011110000100
1110001011100101110101010101010001111010000101000101001111001010
1111010011001101001001111111001111100110111010101011111001001011
1111001000111110000100010100101000101011110000011010001100011111
0001110011000001111000100000011011000010010110010101100000000011
0111000011101010000110000000100101001011110010010110101111110100
1110101001111110111000001010001000000100001100011101100110001110
0011111101001011010110011101010100110001001001011110001101000100
0000101000101100011110110001100010011000011000111011011100110100
0010000101010110000101111100011110101100010111010100010011100101
1101110111101100010110000101110001111011111100000010000100100000
1111101010000001011111010111100111100011001110010110011100100101
1000001110000010010000110010010101011101111111100000000000000101
0010101111001000011011000011011001100100000010000110011000000001
1000101011110100111111010101000001111110001101000010110001011000
0001110010110001101010100001010001111001011111110011110100111111
1001111011001001110100001110110010110010010011000110110011011110
0000010000010110010110000110101101011000110111111100111000101111
0110010111110110110111001011100000011110000100011101010100001110
0011001110110010101011001011000011011001111001100000100010111111
0111000110110010001001010101101101111110010011001101110111101110
1111101000110111010111110000110010101111010111000000110110010111
0001111111001110000101001010000010011101001100000111100011001110
0111001000000100010011101001010011111011110010010011101101101111
0100000100101011001000010110100000010100110011110010000010111100
0111011110110011101001101111000101011011011110110101001000000101
0111110001001010001010101010010101001011000110100100101000100001
1011000100011100011010001000001101000011110011101101001001110000
1110001001110110101001011110011011010010111011010010000000010101
1111000010110100110110010001110110110100000001000100000110111011
1000111100111000110011100010000011010100010101100000101100001000
1001110101111101000110001010011001111001100100100101001111101100
0000011111011000010100011000110000100010001110010010111110111100
0111100111001001100001100010001011111010100110110011010110001010
0101011011101101010011111011011000100011011001110111011010110110
1010110111000111111000110011000101100001001111010010111111011011
1001100001100100011011111010101011101110101010101011011010011100
1010101011100100000001111000100010011100111101111010100100010000
0011010101011110100011000101001111111101010101110101010000001010
0001101111110101110110101101001100101111001101000011110111010010
0010000011011001110100110001101011010011100001000101101101111111
0110001101000111001010001010010001000100001000011001001110100101
1110111000010110110000100100110001111001011000000000100100011001
1111010100001011010101100100111111100010100011111000110001110101
0100100100000011010100100001101010011001110001101010100001100011
0111101110111101111101010011111011001101011100000101111010010100
1010100110101111010101110001111100101001010000101111100101110100
0000011101110011100001110100110101011001001100010000011010101101
0101111011100100011011111001000101010010000101100100010010111111
1111010101011100100111101110001001100110110111001110101000001010
0010010101001110001110001001110100110000010101110000111011101110
0011011000111011101111101101011001110000110100110101111001100011
0001111011100011001010111000010111010101011100101101010011000110
1101111100110010001000001001100010010000011011100001011100000100
1001100110110110000010001010101011101001101101001100000001101000
1101000111000001111010011111000011011011010101110000001110000011
1001010101100001000001001010001101001100100101110010011110001111
1010010110000101001111001101000010110001110011100001010011110000
1110010001110011000001010001001101110000000011100101010110101101
0001000111001000010011011010001100101011110110100111011100111000
0000001100100011111110111011000110010001010101100010010011011100
1111011100011110011011010001011010111110100111011111001100001000
0101000001100000111110110101101000110111110111000000011101001100
1011001000101010100101000111001111100010100001000010000011010010
1011101101010110101111001101010101001001111001100001001010001101
1011100101100110101001001001100111111111011101110011100010111010
0010000000001100011010010010101011001010111001110101011111010011
1001000100000101111011110111111011001010000010111111001110100110
1011110011101000011110101100011010100010000001011100010100110010
0101010010110001010011000000011100010100100010110111000101101001
0110001110110000100010101101000111011000111100011000110111000111
1010001110101010111000111010010111010011101101011011011001010000
0010111011011110101010100000110011110101011000001101001000001110
0011110101110001001101011001001111101000011100111001100110001011
0001000010011111011010011111001010111010111111111000111010101010
1110001001001010100111101001000100001110010111110101010101011010
0101010110000010111001101000101010011110010010010111010111011001
0000110110010111101010110001011110100100101100011010111001110010
1100000111001010010011000111100101100110100010100010100100010110
0010001001011010011000110010111000001111010010001000111000110010
1111110101001101000100000100101110010011000001000110111110011101
1001000111110111011010100100001110101110000011101111000111010000
