1001011100100111100001001100010010111100101110111101110010101010
1011000001011001010101111011101101110100111100000011100011011000
0011010000000001110011110000001001001100010000010010011001101100
0001010101100010101100011000001000011000111011100001011100001010
0001010000111100110111101011010011000001111111000100001011011110
0001011001110111100111001101100100000000110111111011001011111001
1000011000010100100100101111110100010011001011110110100001011011
0000101001111000010000010110111000001101011000101001011001111000
0001101011100111011010100001111001011011001011111110001111101100
0011000011011110100100011001010010110111011010110100011000001100
1111010000001110110100000110000110110110100000000000011100011101
1100111011011011011010000100000011111100001100101000100011010000
0011110000100000010101110001010001111111001101100111100101100101
0101000110100111000010111011000010100110000001101011101001001100
0110100001010100010000011001011100111001110110000110100000000110
1011111000011001101110000000001001111110001010011110110010101001
1001001110010100110010101010010010110100111100111100000001110100
0100111001010101100010100001011111110001100111000111010010101011
1111010000010111011110100001010100000011110110100110010100110111
0000001110011000110010001110000000111000110001101011011100101001
1101001010100110101101001111110011001011001000010100000101110110
0110111001100011100000000100010001010100001111100101100001101011
1111110001111110101001100111110100111101000111100100111010101010
0000110110011001000111110000011100010111000110001110111110101000
1101000110011110101011011111101100000001110001000100110100110010
0000110000111011100001110011110000011001001001100101010000000111
1010000011110000001101110111010101001101000010010001011011001010
0101001111100101000100000001100010101101101010011111010011010000
1100000010111011111011110000100011110111101000011001000110001011
0011000011010000001110001100011010111101001100110001100000010110
1010010100100010110000100010011111010110001111011010100001101011
0111111000011101010001111100010110111001001111000100101010100000
1000101001100001110001101010101010010000101100000010001001000100
1110111110100101101000101011111100110000000001101010101001000101
0000001100010110001000110101010001000111011010000111110111110001
0110010100010001011001011101101010100010000001101101000100101110
0000001000111111110011010110110100000111110001100011111001100101
1101111110000110000111001110100111000100010011111110011000011111
0100110111000011111101110100110000100101010111000101111100010010
0100101101100101010001010110101100000010010011100101010010111001
1001011110011100011110101100100101111111110110101111010010111101
1101010100110100100000001111111010000101011110101111000111101011
1000011100110010011001000000011101011111011000101101001111101000
1011101111000110110111111111100111011000000001010011011010001010
0010111010100001011111111000100100010101011101111001010110010101
1100110001011111011001101001110101111100001101001001100100101101
0000001010000010000000101011010000101011111111011101011001111011
0001100001011110110001100100010011111011100111100101000001100000
1010011000011100011010100001111101100010101111100010001101111011
1010000110001000110111001011111001100000101100010010000000001111
1101000001011010101110111000010100010001010010001111001100000010
1110001000101101010001111010101101001100001001001000010111110010
1011011001000011101111011010011001111111101101100010111100111101
0011010010101000110100101111000101000111101001111111011001101000
1111110111010010111000111010101111100101101110101110011011010010
0001000110111011001001010001011100100100001110011000011110111001
1111101101110111001001101100011010110101110100111100011110011010
0111011111101111011111010000010000010010101011000111001011100101
1010011100010000111111001101111111110000111010100000100110111110
1110011101101010111111111110000001011100000010001110100110011010
1001100000110000011100100010101010001101000011100001100000100011
1111110100001111101101111000100010111000001010011001100100010000
0110100110111000000101100000010001011111010100101100100111110010
0000100000001000001010100000010110101111000111011001101100010000
1101100000011101010111101111100000010001000001100010111111001110
1110101000111010101100010011111011100001010000100110010000111001
0000011100010110100011100100100011111000101101111110100010010110
0000100000111100101000110101110110001000100000011101110010000110
0011100001101100110101101000110101100100011001000000110001011010
0010000101101000101011000100001001100001101101101101000101111111
1110001101001100100010001111101110111100000101110111110001001111
0100000110011010101110001101010111110111000111101100011010001010
1101011100011101101111101001000110111000110110111011000100000010
0001000010101011001101001101000111011111100100111100110010110011
0110101100111110011111000111111100111000101100111001010101010101
1111011000100000001110111100001100001000110101010101001110100101
1001011111000010011010100111110100000001111111111101110100100001
0110010101110010000111100010110001111010010000100110110110000010
1001011111000101110000011111111100010000111110000011010110010010
0100100110000001000110000001001101101111111100101000011011111101
1100110110001111000001101010110100001011101110010101111001001011
1011111001001101101001101011100101100100000101111101110000000101
0001101011100111101100111101010101111110100110101011101110010100
1100101111100111101010111100101100000100101011001001011001010111
0001100000011100111001010111000011010010000011110011010000011010
1111001000011001000101110000110011000100101001110101000000100111
0101011110101101101010101110011111010101000010011110110010000110
0111110010101000000010010111011101111110000110111001010101001110
0111011001010010000011101011101110010001010001001111110010010001
1110111010101000010011100111100010001101100000100001011110000110
0110011010100110011000100101010001101110011010011100100001111111
0101111110101010100111001100111010111110011111110110100101001111
1000101111000101000110100110011110000110111100011110110011001100
1111011010101111000010010101010011110000001111010011100011010001
0000100001101011001100111010111011111010011101101001010001110000
1001000101001011001010110111100100001011010110010000110101111000
1011011110010000011010111101100001001100101001100110110010101101
0110010111001001110000111000011111110000000100110110001011000100
0110101010011100100111101111111100111110110101101000110100001011
1100100000111101001110111011111111011000100101110100011111011110
1101101000011110011000100100010100110111011000100111010010100100
0000101100010001000110111000110110100001010010011000001111001101
0101001010010101110010100110111010110000110111111111000000101101
1010101001111110000110001000100110000110111001101011110110110001
1111000001110101110001010101011100110101101001111011001001111101
1000111110101110000011011000000010000000011111110011110011111101
1110000100001000011010000111111111110001101100111111101110001100
0100101010000110100111101111000011100000111011011100001010010100
0000001011101100011111010110110011010110101010110010010001110001
0111110111100101011111011101100111100011111010010001100000100001
0000101000011001100111100111100110010000011101110000010100100110
0110110010000011111110101111101010001110110010110110001011110000
1111110101000110000100101001010100101101100010001001110000111111
1010111100111110011010010101111010110011011101110001010010101111
1100010100111011100101110100010010000001001110100010001111101000
