0110000110001101010101000001110100111001110101010010000101111110
1000100110011001011000010001101000011101010110101100011001010101
0101100111100000000100111100010010000011010110001110000101010010
1011010001110111001001011100110000111100101101100011011100100111
1111000000101111110100110010010000111101000110110001100011101011
1011010101011101111010101011110011000011001110110101001001011000
0101011110101011100000110010000111111011111010011000011011001101
1010101101110001011101000000101100110010101101000111111011000101
1111010010000111110000101110001101000110001001011101000101000000
0001011101010001001111000110010110110111000101101010011110010010
0100000100111100111011010110011011010011101111101111110101110111
0011111010011101100011110011101001100100000000000001011100001001
1000001010101000000000000001010110000001010100111010001100100010
0011111011010100100010110101101001111001110110110111001100111100
0110011101011100010010011110111001100001100001011101001011101000
1001110010010101011011001100011001010011101101111000111011101000
0101110100110000111001001110110101010101011111110100000100100101
0110001100111001111001101111110010110000110101111101110000001110
0011010111011010101011001010100100011100001001011001011010111101
1010111010001010110110110101001101010111011101000110010110000011
0110101101010100000011000100011111011010011110111100000111100011
0100100100101000100100000000100000000000001111101100110011011011
1011100001001001010110110001111101000110101101111000100011000001
1111101110101011100110011111010111100101011101111111100110010010
1011001101100000001101111000111101110010001111110111000111101111
1000001111010111101000101011010000111000111010101110100100101011
1100011001111101101110010001101101001000110011000011001011110011
1011001010101111111001100111111110001011001110111110100000001111
0111000000110101001000111101010100111111011001000011010110110111
0001110011101101101011110110110111111010011110000100011110011011
0111101011000000111100110001100001100011101110101100001010010010
0110100111100100011100000100101000010001101111111101001111011110
1000101100100110011110011000110000111101100011100100011101011100
1011010111011101001011110111000000110100110000100000011001101000
0000111100000010110001110001100100111000101110110000101110100111
1101000010000010100100101101110000100110010011010010111100111011
0010111111100011010011111111101001100000010011101011011111110101
1110110101111101001000101011011100111111010101100100001110101100
0100111011011100101111001101011100111101000101011100110001110011
0100011010011001111010011111001000111111010010111011001011110111
1110100001011010100010110011010101010001010110101101010100101111
1101110101100110100001000101011111000110111100001011101100010011
0011101100011101000011011110101100000111101011001110011000111110
0101010111010001110010111001011110100111110111000000001100001011
1101100000001110100011000100111011011111001000000000100111110010
1101100110110001001011000010011100101100101100011010100010000101
1001111010010110110000011110111001001010010100001010011011100001
1001000110000000011000111000001000101011000111111000001001110110
1110111001111000100001101001101101000001111111010100000111011011
1011110011010111111010110010000001000001100100000011010011101010
1100100110010111111010000110101000001000101010110000011111100011
0010010000000111111101111010110100111010100100100001011000101110
1000000010111100101110001101001001111010100001101111010001011011
1010110110100111011101011100010100111111100101010011100111111111
0001100101110101110111111010011100011001001011110101111111111100
1100110000111011111101100011100011010010001110110010011111001010
1111000111000111000010010010101110011000000100111110111000001110
0001111000110110110100101100010100000011101111101111010100010001
1010010010011011001110001100000001100000011010000101001101011001
1110000101110111001110110101100011110100010100001011010101100111
1011010101011000111010110010110010110000101101100011000011110000
1010011000100010110101011100000110010101000000110001011110010001
0001011010101010101000111101110101000111110000101101011000101100
0101010010101111110110111010010011111010101110001010000000110010
1000011101010011001000101010000110011010011111110000011000000011
1100111101101011001011101000000010110100110010000101000100101101
0100110010100010100111010100110101110110010100101001010111111110
1001001100110110011101001111010101010110100101011000100001010101
0111000111000111111101000011111110101100101110001000111001001000
0101010100101010001001011100000101101001101110111010111011000000
0111100111001110101100101011111010110101010101111011010100011101
1001111011101110101111111001100001110001101010000001000010101111
0000010000001100001100000110101110000000001010011010100101110111
0100000001001010100000001010010010010010000000000101011101110011
0001011001100110000101001110001001110001011001111111000011000101
0100011001001111111010100001011110101110000111000000111110111011
1001111111111010000010101001111010011100001001101101000111011111
1000110100000001111110001110110101010100110101001010100010010001
1001011000011010000111101000111001011100001000011111110110000110
0101100001110000100110010001110111010000110000010010101001111010
1000111010000111010001111100001011100010110011000010111111100101
1111100110111001110001001010100111100110011001000110001111001100
0100110001111111000010010101111000001011011111100111001100011010
0001000001101000111100101101011010111011001111111111111000111011
1111100000111100011110101000001001101010000001010101000101110101
0111111110011111010011000101000111111000100011000000100100101001
1111000000110111001000111000101101011100011000110010010011100010
0011000001100001110011010010111011111111110110000100011010000000
1011000011111011011011011100001101011100011000000100001000000010
0100010010101100101101110010110100001101100010001011110111110000
0010100010001000110111110101110001001010101011101001111000011101
0001010110110100110000100100011001011011000110100111111010110001
1011001000011100111010110011010100100101001011000101100110110000
