0100111110011110110100000101101010000010010110001000011101011111
1111010111011110110110101100111110000101010110110001100101011010
0100100111111110110101110010010000110101011101000110011000001101
1110001100010000100011011101100110110010001111100001110110001011
0000001100110111010000000110111110110010001001110001110110110111
0011010010110100001001011110100001011010111010110010100010011001
1000001100110011101110010100000000010110010100001001010011111000
1110001101011111010011011000100110011101101000100011101111001011
1101010001011101001110011110110010010100101001010010111111000000
0111010000011001110000101010111000000101111010101100011101110011
0000110011100101110111000100101111000001100001101011100010110110
0001000101100101001011000110101000101011000100101101011011001001
0001011101011011110111111010100111100101001101110101100100110100
0001000001101101010100000101100111001010100010100000111111001011
1101001000111001100101010000101101010001011001110110010001010111
0101101100010101111110000000100011100000111101001100001010110001
0111110001011000001111000011101110100100001011000100010110100111
1000001010111011111101100101010001001011100101100111011101011001
0000111000000001000101011100100001001111010101101000001010110000
1001000100110101111001001010010000111110110111100011101010100001
0110110100101110001000000100110110101110100100110010101011110011
1111011110100101110001011011000111001000101000111000001010101110
0000110101011000000110000011100011000101111001111001010110100111
1111011001110010001011010011101100111000011011100010001011010001
0101000111100001001100001000010001100111110110000000010011111010
0100110000111010111101110110101010111000011100100011111110000011
0010110010100000001110000110010101110011111001101110010010000010
1101010010100110110000000111000010011100100101010010001011001001
1010100011110011010001100110000000011110100110001100001111010111
0111011000011010000000010100010001111011010000101011101001001001
1010100110010101010011010100011001000010101110111001001010110100
1010111011111010100111111001110110010110001110011110111111110001
0101111011010110100110010101010011001010101010001110111011000101
1001011100010110010010100110010000111111001101110101010001011101
0100001101110111100101010001111100110011111100010111010001110111
1111010111000110010101011000111111101111010000011000011001010001
0010100011111110000000000001111011010000010011010111100001110111
0010011110001111001000101110101100001101000011101001010101000000
1011001111111011000100000110011010001111010010010010100011110001
1000001111101000001000010011101111111001100110011110100010110101
1101011011011010101000101010101001010111011101111001111100000010
1101111101000100101110011000011000000000001101000010010100110000
0101001110111111000010001101101011001000100010101100001100010001
1101110111111111100010101111001010010000100000000101000111111111
1010000111110100010111110011010101010010111111000000010110101101
0110000011111011110101010101101111110000011100011011011011100001
0001110011010101000001000100110111110001011000111110000011000100
0110000111001010000101100101100011100000001000001110001111001110
1000011011011101100110101000010011100100000110110101110101111000
1000000000000100000011000111001011110000011100100010000110010100
1100011110011111000001101010011001011110101110001111101001010110
1010110101101101110100010100101101110010101101010110100011011100
1110111010011100001100011010001100001011100100101010101110011110
0101011010101010110100110100110010000101001111111001101101101010
0101101001110100110100100100111010011010000000011010110010101001
0011100000000101010010000010111001100001110001111000100111111011
0111100001010001111100111101111110101111111000111101001110011000
1011110110000001100110010000000000011011111111101110000010101110
0011011110111011001001101101010011010100011001000110111100111010
0000001110100001001000110101000100110111010001101000000001011101
1011101100010000011111010000111011100011000011011010100101100101
0110101110111101111010100010010101001010000110101100110110110111
1100001101000010101011101110101100011101010001110001100100011000
0100101111110110001010010010011101110010000100100010001101011000
1001010111011111111001000100101111011101000100111001000101011110
