1100000000100010011011101000101110110110101110000000010001111000
1100100000101010001000110100110000110001100111010001001100000100
1111111110100101011000101001001110011100010110101000110011100101
0001011100010010101011101001011101110010111111100010111001100111
0100001011000000010110001011110011010011010111011101010011111010
0100101111110001111001101011111100011001000000000010011011001110
1110000001100110000010110111011110110100001000111100100101010001
1110111111110010001001010111110011001000010011010011010001101011
1001000111110111100010110100111000000000011011101110011001000111
0001000101101011111001100011101101001000110001000010110101010110
1010111010001110001001101110010001001010001000110100010010101000
0110011010100001000111111110110010000100000010111011001000100010
1011000000111101100011110110001011111011001110010001110000011010
0110100000101000111110011001110101010110011001101100111101111101
1001000101110111010111010100001001011000111011110000110001111010
0101001111101110001111111011011100110111000111100111011010110010
1101100001110001010101010111100101011100101000010001111111111111
0101100100100110010110001000001000111110011001101111100000101010
0001010110100000011001010010111011110110110010001111001001110001
0111011001101000010101010001011001101101101101111001000110000011
0001100011011010001101011001000111111100010100001001111011011110
1111001010100001010000100110010111111100110110010001001011010100
1101010010111010001010011101101011011011111000010011101101101110
1000001100001001010100011001110001100101111010101010011111101001
0110011111011110001100100011010011111101000101010100011111010010
1110010101100001111000111010110111001001101011101100010100011100
1110000110001001100101110110010111101110110111111000100000111101
0110101000000001010010010110101111000101000001001011111100010100
1011101110101101100111010111001100010001010100000010011100101110
1001010001011001011001010000101001111001101000010010101001010001
1010001000101011010001001010001100000110001010000111000111000111
0001100001011101001011110011110110111000111100101011011000101001
0010111100111010110110010101000110110011100000001011011011111111
1001111010110101111000100111110011001101011110011001001010000100
1100100111110111111000001111111000001011101110011101000111110010
1111101010111111010001101100101100111010111011000011011100101010
0010010101010011101010011000000100001000011010010000011111001011
1110001001010010101011001101001100000001011011111100110110101101
1010010110000100100000010010001111110011010010111011100011001111
1110110110101001111000010000000001010010000001111000001000110011
0011101110111001111100000011000110101100101011101111110011101101
1011011001001011100001111010010011000000111000011110100101000010
0100110011101000000010101110001000101100000110001010010110000110
0001110100100000100000011101000100000110110001010010000110001000
0000001011000000011111001111001100010111011000110001001111000111
0001011110001011101111111110110001111101101011001100101110001110
0011110011100011001111011000110010110010001101111111011000001011
0110011110001000001001111111011100101111001001011010001011101111
1001011100111110110111111010110001001111011010110100001101111100
1101111011110011000011010010010011111111100100001111001101110110
0111101010110001100011000001110100001110000101101100001100011111
1001111111110001011000010110010110010100110100001110110101001011
0010110100111110010100111101101001111010100101011011100110100111
1001010100101111001110011100010000000111001111110010101011100011
0101110101110000001110110001001101000010110111010101001001111110
0111101010010010011100100101111001101100010001010010000000110011
0101001110000111011110000011011100011100110001001001110100000001
1001101001001000010001001100000000010000110110111001101001011010
1101101000101111000101001111011100011110001000101011010111100001
0100001001011101011000010111111011100111000000100100101100011110
1010000101011011110011111111011101011011100100101011001111101111
1011000111001000111111110101110110011000011111001111000011001011
0110100001100101100100010111001001000100010000011111010100011101
0101011100111001010100001101101011000010001111010100000000010110
0111101111110001101000101111101000010011000100001010100010011011
1101010111000011000100010111110100000000010000110101111110001101
0100001101100110101111010111010001010010111011100100001000001100
1110101110010111100101111111000001111110100100100010011100000111
0010110000000110001111011111110111000100101001100001001000001100
0100110010100001011100100101100110101010010110010111011000001100
1000001110011000011011111100101000101111110110011010100111101100
1011100110010000111011011110101110001010110011100010011010011000
0111111111011111101000011100111110011100110011010111110101110000
0111010000001011100001001100001111010111101111100001000110010100
0000101110111010111010110010111101110100111100111111110111100010
0000011001111011000000001111110011000100110010011110011001011100
0111001011110001101010010001011110001010111110000111001111111000
0001000111100110100000010010111011001100000100000001000101101100
1001100001001100100101010101110111101111110101111011001101100000
0111101000111101110100001100101111101011010110001000010111110101
1011101010100000100000001000111000001101100001100111101010011101
1110010011110010000100000011111000111010111000100101000100011000
0101110011110000001101011101110110001110110011110100000000000010
