1101011011011000101010000011101011100001001001110110100001101110
1011110101011000001010011100110110100011001001101110101011100011
1010001100111011110101000000010100010010001001111100101011011010
0011101100111111010001000111100110110110110011010111000110110100
1110010100100101110001100110011010001000101010011110001101111010
0001001111110000011010111110101001110111111001011110011101010011
0000110100000010100110010111001010011111100100110010011011010000
1010001010000111110101010110110111111010111001001110001101001110
1011100110100100000110111101011100111100101000101011010110101101
1001011111010010010111101110101000000110101010110010000000110010
0111000011111110001111011100110010001110001001110101100001011111
1011011010111110010011001001101011001010110000111010010100010100
1100110110100000010100111111110110101111101110111111001110000101
1000111011101011001001111011101100010101010011011100001011110101
1001111000011110011011111111100010001111000010000100110011100101
0010101100101011100110101001101010110000000001001011011110110010
0111010000010111110111011110000101100010001111001010001111011111
0010101101100101101001101100010010110001011010101000011000110001
0111101111011111000010111110110010001010010011101100010111010111
0100100100110011001001100100011100101101100000001011001110110010
0011011110001000110111001100010011100001101111101000001111011011
0010101111000100101011101100001110111011000100001010110010100000
0001101101000000000110101110010110010111010101011011011101111001
1011100000000101000100001101100111010111111101100010000110001011
1111011001101001001011011000010001101001010010101001011000100110
0010011100000100010001000011010010101000111111001100111101100000
1001111000011011001001010000001010110000000011101011000001110010
1111111111110010011100011101000111001111111100010100100000001011
1101000101110001100010011100110100001101101111101110111110100011
0101010111011111010110111011111010010100100101100011000100011011
0101010111100101101001100100111000111110011101010110110110110001
0111001110011011110111001001010010100111001100100110101010110000
0100010110110111011000100100000111100111100101101010011101000001
1001011011111010011111100011100101101111100001101100011011000001
1011111001111010111101111011111111010010001100010101011001101011
0110010010100010111110111001100010001000011100101011000000000010
0100111111000100000100111010111101101011100111000011000111110100
1001001000000111001001101000000110010101111011010010011100101100
0100010110010010110001011101011100000011001110101110011110100000
0111101110111000010110101010101001100101111110001011100110110010
1001101001101110001101001100101100001110110010110011101010001010
0001110010110001100011110001010101111000111110101001110011000001
1111011100111000101110001110010110011010100011110001011101111000
0010001111011111010000000011100010111100111010000000101111001110
0100001110100100000110110100011010100111101000111100011010011000
1000011001010010001100011001101001001100110001011111000001110001
1011001100011111001101101100011101010011010000111010010000101110
1011001111100101100111110010101100111001100111010111101100001100
1101010100101101010100110101011000111000011111100011000001110001
1101000111011100101100001111001010011101101001111111010110010111
0101110000110001111100101010100000111010011110000011001011100110
1111010011000101011001111110100010001100110111001101111101010001
0111001011000110010110011100011111111110001101101010111110101000
1101000000110001010100000100010110011110100011100001001111010010
0111010100101001101000101101100000110001000100110011010101001001
0111010110000011000011111101110010101110010110000111100000110001
1110110001001110111010101110100111110111101010010111111100010101
0011011010110101110001010111110111010110001001000011101110111001
1001111011100101110100110101111001011011001010111111101111101110
1010110000100110101001000110011000110000101110100000100100110011
1101111101011011000010101011100101011010110101010000101100001111
0010101110100010101111001000101111000001011111110110101000001010
0111010111111000100001010000100101101111100111111101101100000110
1100011011000110001000001010101011010110100100100110010010001000
1001001111111111100001100000110101101110000110110011111101101100
0000010111011001100110100010100101101101010101100000111000101100
0100011100001110010100010010100011000111001011011011110101010111
1000111011110010010110100011011011000100101101110010111010111010
1101011001011010001001001011110010101110110010100110001000000110
1000011000000011100010001011001010000101010111111000000000100101
0100001001001101110000100100101000110000010011100100110000000011
1001111000001000000101010100111111110100011010110111000111000010
0100110101110111110000010001101101111100000100000011111010011101
0000010010111011000101010001111000101010100011111111100110010001
0000001110010010000010111001110110100100101010101100011100111100
0000010001111101011001000111111010111011001110001010111101001010
0011110001110010010011100000100011101101100111010101100011001000
1010000100110111000100011011101011100111110100110001011001100110
1010011100101000001101001010101000101000001101000011000011000111
0101011111000111011001000001100010100101111100110110000111111101
1010000001101010010011001111000010001011110010101101001001101110
1011101100001011011111011100011100001001111100110000101010110011
