0000100100011011011010111110110011001011111010101010100010101000
1010010111110110110100010000011000100000110101110011001100000000
1101001111101000010001011001100100110011101110110111000000010011
0000010101110010000001010100101101111000011101011000010111010011
1101110110101110010111011111001111010100010110100000100100100011
0111111110111110001111101110110100110010001100001100100101001000
1000000001110000111100111101100101110001100001100110000000101111
1011011011110100011011110011000100010110001101100100001010111111
1101111101011000011110101101010001001100000101100110101001110100
1010001000010001000110111001000110100100111000011000110101110110
1100011101111000001010000110111111011000000010000110001011010100
0001000100010011101010101011011000111011011101011110000110001010
0001110000100101000100001000101000110101011100011111010100111111
0001001001011100011000001100011000100100100110010101011110010011
1010000000011011110011011000101110111111011000001100001011011110
0111111101010100100101011010101001001000110110100001100110101110
0100001100000001100000000010011111001101001101011111101010100101
1101001011011001010101101110110001101010101110110010101011001010
1110010001011010101000001000111110000010010010001000101111001101
0010101111011010000001001011010101001010001110110111010100001011
1000110111100110111010011111101111100011100011111010011101101101
1100101110011000001111010011100110011100100101010011100011010000
1011010001010001011110010001111111110011000101110001110110101010
0011101010010001001000100101011001101100110001101010100011011000
1000111001111110101101100101110101010100001100111010101111011011
0110011001010011100001101010101100100100101100001110001100001111
1011001111000010001011100011000000110100001101111110011100101100
0111001001001010100101110000111101100000100010100011111011100101
1001100110001111000110110011110001010000100011011001001011101110
0111010000001001100000000011000100011011110011011000010000101001
1110001011000100011110010101001010110101011010000010000101010101
0111100001000110001111110110111100010100010011011111111001010111
0011010011101110000101111001001001011010111001111000011000110110
0010110001101010110111111010111010111011111000000010011110111110
0100011010011111010001101001101111000100011110000000100011111111
0010011010100000110010100011001110011111111110001001111001001011
1010111010101011001000110101101100011001110010101011010010010000
1100000000011000110101010000100000110000111000001110110001111010
1011110001000010010000000111011110001011110110111110000010111011
1001110100110010001100000011001101001101011010101110011001111110
0000110111001001011011101100011001001001101000011101100110110001
1001110101010101001011001011010001000111010001010000011100101011
1110101101011111000011111010110101110011011101000100101101111110
1011011010110001001111000011011010011000111000100010101100101100
0011110101111001110110110001000101011000010001100001111011001000
0001100011100001101100111000001010110101100111001000110000110110
0111110111010000001000111101101000111001110101001011011010001010
1010011000110111101001001101011100011010011101011101010001011000
1110110001111111110101001110001110010110011111110110001111001001
0001101000100110111110001100000000000110010010101011111001100011
0001010111100110100001010011010000101010100010000001000100110000
0111010101000101110111100000110010011000111010101100111101000100
0010011001010101011110010101000101001010100110001110101011010101
