0000001000111010111011010110001100001111110010110101011101011100
0101000011000110100001000000101000011100111101101111100111110010
1110101100001001100011111101110000011100001100001010100101111111
0010000111010110111011000010110100011100111011010100100011010111
1011001010110110000011000101100100111001101111111100111000011010
1110110111010010001111010001001110101000111110101001101111100101
1100000011011100110101001010100010100011111100010010111000010111
0101010000011001001110010000011111101010011100110000110000101100
0000111101011000000001101101111000001000010000111001000111010011
0001100001010011011101101111010011110010010110010010001010110101
1010011010100010011100010001110111000110111101100101011010011110
1010010011110111010101011101011101110100000101110011001001100111
1100110101000001011000110100000000110111110101100110011011010010
0111000000010111011100111110000000110001000001001110100001001100
1011110110011001100000010101101100001111001111010111111000001100
1111010100011101100001100111111010111001111011000011001000100110
0111110111111000100011110000011101101010010010000101011101000110
1010101000111110110010101111001110110101011011000011011101011101
1110101010110111111000011110100000011001100110010101110100110100
0000001011000000010011011010100000111011010010000011111100101111
0111010101001011110100111010001011110110110001110000011111101100
1000000000110000010101010000110110010100111101000100100010011101
1100110101010011110111110100101100101111110011001111101011110111
1001110111011010101110101000101110110100100010001100100100000101
0011111111100110010111011101101011000111010010010101111110111011
1000101000110110110111011100101111100011110000100011011101001110
0100001111000010101011011100010011010111011011100000111010111001
0001111111001100100110101000010010001110111010110111010011111101
1011111011110000011000100111101001011101000111001001000111001101
1010111000100110001100011011110110001000001100001101001000100001
1110011111100000100101110111001000101000111000110111011100100111
1010111001001001010100110001111000001011000110010010101011111111
0101001001001011000101001111011101010010101000101100011001000000
0100000100011101001011010011101100110010001110110100101011101110
0010110111010100001000011010010111110110010100101101010111010000
0100100000011000111110111110000000111011111000101110010101101100
0011101010010101010111010011001011101011000110111001000011000100
0111101110000100001000111011111010110100000001010010010101000100
0101110101000111100100010100010000010111010101110101010001110100
0100010101101110000111100100111111000000011000000001111101101000
0011010000000101110010100011000111101111101111010100011000100111
0111010011001011110110000001010001010011010110111101110101011001
1101011101001001100100111000011111100000101010000010010010100110
0010101111010010000101000000011011011011011000001111110011010010
0101111000001101100101001000101101100101000110100101111110100110
1011000011001111111110010111000111011011011001001110111001111111
1011011101101110010111011101111001010000101111000110101110111001
0110111111000100111110010111011011110110110101010011000010010011
0101111011000001011000110111111111101100011111001011100010111001
0101000011110110110001001101011100001111000001000010100000111011
0000111100001111101111101011100011101111101011110110010101000000
0110011000001110100001001100101011110001010011001111011011101101
0011110000111000100100001110001010010111111001000101000011100000
1010010010011001001100111011111101001100111000111011001000000011
1001011100100101011001000111100011100101110000010110011010000010
1100001010001101100001100001100000100001111011001101010110111000
0111101101010110010100100100001111001111010100100011011001010001
0110100111111000000010011100110011110011000110000000000000110011
1101110101101011100010110000100011101001010111000010110001001011
1000001101001101101110100111000101110011110011111100010001010110
1010001000000000110110000111000010110011111010011001111111111000
0110001100010100010000000110011000010000101100011000111010001100
0101010001011110011001100010111101011101010100101000000101110101
1101000101000111110110000011111110011000101111000100010010111011
0111011001100100010111000011111010110001101000101000011111100010
1010000101010101000010000011000110111011011001011000010100010100
1100100011001001011101010011011110010100011100110011010010010010
1101011011011010001000111011011000001111111100001111111100111010
1000010110111101000110100110101001001001100101110010011110101101
1000100101110100010000111010011000111111001010111110110011110100
0010110001000110100011000110101100100010100111011000110001010000
1111100101100100110001111111101001111000101011110000100001011100
1010011011001001001101001101000000101010000100000111000010011111
1001101010101001000001111100001110011100100100101011000100001100
0111111101101001101100110011011101110000010100000011011110101110
0011000101001100110000001011011000111001100000101101001001010000
0010001011100110101110001110000100101111001011110011110111001100
1101001100100000100000000010010111101100010100100110000001111101
0100000011100011001111000110011011011100000000100011000111001111
1011101100011010011111101100001001111111110111000100011001111001
1011001110010100100100010100111110110010000001001001110000010011
0011101000111011101000010011100010110000101110000101010101001101
0000011110010011100111110000111000000101000100011101111010111101
0110000011110011000100111110010010000110111100000101110010011100
1100000100011101001001001111101001011010111110101101101101001001
1001000100011010110101111010110100011000011011001001001111101110
1010111110110101100111010001110101111011001011001011111011000110
0000110111101101001010011101111010100011100101111100101010100101
1100001110001100111101110101100110000101000111011011010011000000
1111010000001111000010100111010111101111000011111100100100101000
1011100111101110001110101000000100001100100100110000101111100110
0110101110011000110110001111001101111110111010111111111010110101
1110000011000010100101000010001110010111000101011001011110011101
0001100000010000101110100011101110010001110011001010101011000100
1100111011001001111001100111100000100101111100110001010101110101
0110111110011101011111011000011010011000011001000100101000000110
0101001100111100100101000001100000001011110001010010110001000111
0010100010111010111001110101110101101100110000010101011001011011
0111101010111000111111100011001111011000101011111101001011011010
1001010001101011100001101110011000100101011101100110101000111111
1110010111001101111001010000100010110101101100010011111001000100
1101101000101100111100000110111110011101101100110110000111111101
0110011111001011010000011000111111111011101110011100001100101111
0001011000000101010100000110001000111101000110101010101010010100
1010000001001100000101011001111101000101100001000110110000110000
0100110101000111010111101000000100001100101000101000100010011101
0111011000100100101101011001100011100100111010111101100110110111
1000101011011100100010001111001001100110110110000011011000010100
1010000000111001101001100111101001111011100011101000000101011110
1100001010000101010100010110111011000100011001010000011111000100
1010010100010101110111011000100111101000100110100010000110001101
1101111100011111111000100100101111001110010001000101110110000011
1110010110111010010100111101001000111001110111110011001110111011
0110100000010001100011010111000111000001000100111101101101001011
0100100001100001001000010001011011010111000000100010001001111111
1111100000111001010010011100010111011011011011100010000010001001
1110101010110100100110101010000110000010100110100101110101000101
1011101111100010011110010000001011000111101000101011011110110010
1111010011000110000100011000110110011001001110000110010110000101
1010111100110001111001101110000111000010001000101111001111100010
0010101111100011101011100000101001110101111110110010001000000011
0101010000011010111111010100110000011010010010011001001101101100
1010001100000111101101011011010001100011111111011011101101101010
1000010110110100011111110100100101101101111000111001010010100010
0111110111101111100011100010000011101011000110101001101000001111
1100101100110010111000101101101000101001001101100110100101110001
1101110000000010001111010111011010100111101111100000011101111011
