1010101011011110001100111011000011111111101100100101101110111000
0011100011100000110101111000111010011111111010101001010101100000
1010011001001101010111010100110111001000010000010111001111011010
1011011101011001100011101001110100101101000100110101011010000000
1011110100000011111011110000011110011101011010010111001000000011
0101110011001011011111100010010110100010011010110110010011000100
1010011110111110010100000010000011101111101110111100110011101001
0011110110101000010100011010111100001011010110010010101001111011
1101000000111000000101001100011100000010000010001011111011100110
0100110111110001101011011100010100011110001011000110000101111101
0100110011011101010000011100001000101111101101101101100110101010
1110100000011100010001001110000010000001000101101111010001001011
1001110011101110000101010001011111100111111011100111011100011111
1101010101011101111001111111101101011100000111000101010111000010
1101001000010011110111000110000010000111011000010100011001011100
0000010010110010100010111001100011010101110111110001101101110011
0111111010110011100111010010101111011011011100000100111001001100
1111010110100011011011010010001101011010010010001000011011010110
0100011000001101011010011011110000011110011111111101111101010100
1011111001011111011100010000110101001010111111011111000010000111
0010111100001010001010010011100100011110111001110001000000011111
0110100000100101100110000111001001100001110100001010001111001000
1001101000111010100011010101000010111101110101110010001100000011
0001111101101010011000011110111111010100101111101100011101111010
1000111101011100101000100100011101100110100100010010010110101111
1000001111111011001001011010101011100000011011110111001001110000
1101001110111000000010100010000000000000100001100100100110010111
1001011101001110001101110100011100101110101101110001110000110111
0111101000001110011110011010011100111001100000110001101111110001
0100100010110000100010000100010000000110011000010011000111101100
0111111111000000110001000110001110010111110011011101011001000110
0010110000011101000111100101000111010000101101111101110001101101
0101110001100101110000010011000100000011011101110110011101110100
1111000100000100110011100011001110101011010100101100001011101011
0011110001111011001110011010001000110101101100101010011100100100
1110111010000001010011000011000000100110100000011011111010110011
0101000010110010110101110000010110100101100010010100000000110101
0010011100010110000100001001000000110000100010101101000101110000
0101111010001101101001000011000101100001101010010011010000000100
0010101000111111101101000001000101111100001000110111000010001100
1110101101100101001010100110000000010000011011000101010000011101
0000111100011001111111110000111001010011010110101011010101001001
0110011101100101100000001011001010000011010111100101101011010110
0111001100101010001101011010110011000111001110011000100000010001
1110110100101001000101010000100001000011101101101110101110001101
0000001100111100100111101001010011110001010100101000011101001101
0000111011011001111101100110111011110010100110111000111100010010
1001011011100011111110101000001111001100010110101110110000100100
0100110100110000110001000011001101101110011110100100111101110111
0010110001100010100000000010001011110001001101001000011011110100
0100111010110101001011110101110101101101111100000101100101110111
1111011001001011011101001000010100011101101101110111110011101010
1001010000010110000011001111000010010110000100001001100101110001
1000101110100111001010101001101011100000011110010001001000000110
0000110111101010011100010010111110111110110010001100100000110010
0110000101000001010100111110100111101011011011111011010110000100
0110111110110110101001100000001010010110101001001111100010010100
1000000001101111010100110011100110101010011110101011110101101101
1111011010100101011010010101110110011000000101100111011100011000
1011101101110111000111111011011111000101110101010110100001001111
0000101101100010100010000011100010110110100011011100011100001011
1110100011001011010001101010101001011101110100110001010011010001
1101010010100011011011011000000000100001001001100011110001010000
0010111111101110110100000011100111111011010001010011101010000110
0001001100011000010110110001110111011110000010101101111010101011
0101001010101010100110010001101100111010100110011100100011010101
1100000010110011001011001100001100000010110101100011100011000111
0101001100101011100101110111100111011100000110101100111100001000
1010000111100001110101000010011011001001100100110100011000111011
1001100001000011001010101100110010110101100001011101101011000101
0011101110111110011000011111111101001101001100100000101001101101
0110101000111100010111110011001001111101010000011111100111101101
