0011101000011101101011011110000000010111110100011010001100110011
1000000101100010010010111011010110001011011010111100011111110101
0010010110001000100010110010001101100100111101110010111011010101
0000110000001001111110101111001000000010111111010011011001110000
0111000010110110100111111000110111111001011000011001101111001101
1011000111101110110110110011111001110100110010111111101001100110
1101001010000010011110011011101100101010011001011100001110001010
1110111101010001011111000111010000100110010111101100111100000000
0110100001001111011110001010110001010110101100001110100001100100
0111011010110000001010011100111000101000110011011000111101001011
1001101100000110101000100111100010100001100101011101001010001000
0001010100100001101011110001111101111110110001110111010100101010
0100011101011000100010101011001101010001100001011110111001110101
0011011011000001100101110011010110100111111101001101010010000110
1110100101011111110111100110011001101001111010011010101110111000
1111011010100111111110101110000100011100010111110110001100001111
1100100010110001101011000000110101101101000100100111111000001001
1011010011011001100001000111100000001001101101011110101001001011
0001111000101111111001011101101001100100110111110111010110111011
0001001011000000100110110111111110100001101110011110100101111111
0010001000100101100001110011011000000111010101011011011000110001
0110011010110101111011010101000000010100111110001010001000110101
0100110101011110100101100111000110111100110010100110000011000011
1001000111110001010110110001111110001011011100000000111110001111
0101000000010001001110111011111100110001001000011001010101011111
1011000011111101011010001010011100101100000010111100111110000001
1101000000111110101000100010001011000101111100010000000000001000
1001001011000001110111101100011010101100000100100100101011011100
1100010011110110110000100000010000011101000101010111010101110000
0110110111010111111001000011110010101110100010010110101010000100
1110100000110011001111000110000101010101100111000000010101011000
0111110001111110011010111011001110000101110000100111111011111110
1100001101111010000111110111010100100110110101000100111100101110
1011110010111110011101001001001101011100011000111011111001110100
0100000001010010011001110011111111001010010010011111111011110100
0111101001011100010111000101101000010110000001000110000010110001
0001110100101111100101000001001000110010111100111010101000101000
0001111010101111101110101001001101100000111110101001011111000010
0100110011010001110011001111101110100000000101101000101101011110
1001011100101100111110101010100111111100110100111110001111100110
0101001110101100110100110110011000001011111101100001011110100010
1000101110011101000101111000101011100001100000101100100110100110
0100100110110101010011110000100111100010010010111100001000010101
1111001000010100001000111010100010101110110101001100111011011000
0101110000011000011101011010010001100001101101010110010111100010
1001110000100001111001101100011010010101111001110011111100100100
1011001100000100110101011000001001110010101001101111110111101101
1100001101011010101010000011101000110001101010001010010011010000
0111111011100100000101101011000111001011101101001001111110101100
1010101011101100111111000101100110110110111000111000000101101100
1110001111001011011001111101010001100111111101011000111111001010
0101010100010011001001000110001110001101001001000101001101100111
0110011101010110001100110011000101101100000011001111001101101100
1110001111110111001001011110010001010111011100011011000101101101
0111111011101100001000110001111101000110100000100111000100101110
1001011001100110111110101100101000100111110111111101110110001000
0111101111101110101100000011001110101110010111101110011111000111
0111101001001111011110010010001001000011110101100001110100101000
1110110010110111110110000111111110010101101000011101100010100001
1010110111111111101000000111101111000101111101001110010100010100
0110001110001001001010110101011111110001101111011101101011100111
1100010111001001001110101100011110000001101101011001000111100010
1010001101000110001000101010010101011000100000100010000101001010
1001110100101001010000001100001010110011010111111100011001111001
1001001011000110111011000010000101000001001000011001100010010010
0110000011100010111001001010011111010111110101100110001110000110
0001101101011101011010011000110110000001101000010101001001111010
1000011100100100000010001000001110000101011111111001110001000001
0001000100110010101000001110011011111011000000110010110010101001
0010011111101111001111100101000011000010101010101100000010000001
1001100000111001110011011110011110100001001111110110110101111001
1010000011100001000100001010000110110001111010100001110111000110
0010111100010010011110100100010010110101001010110101011101101101
0011001010110010100001000101001111011110001000001010101011111001
1101111010000110110101111100011010011011101000000110111100110111
0001101011100011100010011010001111010001111011011111011010000001
0101101011010010000011110000001110010000000011100001100111000110
0101111101010010110100111101101010010010000011101001110011010010
1001001011001001001101110000101110011010000110101010011011011110
1000100110110100010110001000010010001001011000001111101100011000
