0000000100000101101101111111100010001001111011111110101111010101
0100001011101000110111110010011001010110001101110010101001000000
1001011011110011000011101001101110000110100011011100010000111111
1101100011001001111001000010111011011100100100010010100011100100
1001000011100110001101000001100010011011011111001000001101010111
1111011101001010110100111000101011011011111010100111101000100111
1000000111011001100100110001111000011101110111110111111001101011
0010101010000110001100110100011110011000111101100100011100000110
1101010101000100011101011100110111111011011000111111010110101110
0010000010001000000001100100111110111111101101001010111001101001
1000111101101111101000111110000100000000000110100001000001010000
1001100101000001011111001100100010010001010111000000000111100110
0011100111011000000001001111101101100010011101000011001010001111
0100001101010100111010100100100111011000011011111110110000010110
0000110110100011101101110100111101111011101001001001100010001010
1100101001010110010110101110111100010010110100111010110011100101
0000100111101001001110010101110001010011110000110010000110011110
0010110111100011100001101000111010000001101110111001011111000111
1011000111101100111111111000101011100111100000101111010011101100
1001010010001010100011010101011001111111100110100001110100011100
1011111110111110010110110000101101101011001011000110110110101011
0100000000111011001000000110001011001110110100010010001001111000
0010110111100011101100010111110000100111110100011001010100111110
0011011111110100101011110100000111011000100001111010101111110110
0011001100010100000110100111000011011100000110101101110000100100
0111100000011010010111110001100100110010011100000000100101001100
0011000110010111010011000100110010110110110000001111001010000000
0110111000010110111110100101101101111100101111111111000010010100
0111110010110010101110111101010010001011100101110010101110001010
1010101100101100010100110111100010000101101001100001010110010100
1000000100110110100011011010111111000001100011101111111101001000
1010110110000001001101110110000010101101001101101100011111010110
1000100001010110101111110000100110011111000000001001100100010100
1010100101110000001000000011011000001101010111011110110011001001
0010111011110100100011010010010101000110010101110000111100011101
0011010011001010110110110111110000111000000110100001000100001010
0011000010110111010101100110010110111100000011100101000100001000
0000000110110000001101011011100111010101111110100101101101100101
1110010111000000101110000110110011011001011010100000111011011110
1011000000001001111011101110100011010001110111011100011001010001
0111011101011101111010000000110010011011110001001110100100001010
0001110100001111101100011010111000000110011111100111111011101101
1111001101011110100100011011101001110101000001100000100110111101
1101111011101001011001000110011111000101001011111100011010011100
1001011110101100110001011010000111111101000111110111000100010101
0101111011000011010000101111100011000011011001100000101000010111
1100100011111110100001100110101010110100110001101101001100110001
0100000001110110111111001110010111111110101100000011101111010011
0110000001111011111101110010010101111011111011011111010101100010
1011110101100010001111011001111011011111011101010110001110001111
1010010101011110000101111000011010001111010010100011010000100010
1010111111010110001100001111001111011010000110101001101100101110
0101010111110111101110101000010001010000111101110001110110011101
1100000011010000110100001001101010100001010011010101110100000000
1010011110101101010110101100111101100111001000001100001011010100
1010011001010110001001010000100100010101010000001100100110110000
