0011111000101111111110000101011001110001001000100001011100100010
1100001100000100010011100101100011001101001001110101101101111000
1011110101001101110110111100110010101111010111011101101101011100
0001000101000011001101101111100001010010000011010010010101010001
1001010100001000111100100000001011000111010010001111100011100101
0101100011000010000101111011011000110010100111011110111000010010
0011100111000010111011100110001101111001010011110111010110111001
1010011011001000010111010111000111111000101011010110110001111100
0001001110000100001000011110000010101001000001101111111101010010
0011100100001001010001000101101001011101111000100010000100011101
0000100111110110110110010010010110110100000000111010111001010110
0101000010110000100111101110011101000010100001011010010101101000
1110110101011000101010000101101100011001101001011101010001000100
1111110001101110001011010010010111110101101110111010010001010100
0000101100011101001010000010110111100011111100101110001010010100
1110110111100001000010010101100110001101111001101001111010000100
0000101100001011100111001011100101110101000011101100010101111000
1011111100010100101010001010101100001011000000010001110111011001
1100111111010001001010001010111111101100001111101100011000111010
1111001011101010111101000111101111000101111010111101010010101100
1000101111100101100111101011011101000110111110100101100110011111
0111001101010010000101110011000110011011000101100101110011000101
1110111000000001101101001000100011000000110111100111011100100100
0100111010100100010011011000100000001001011101011001010111001001
1110000100001001011011110001100100101001011100110111100111000111
1010001000010110100001100100110011100101000001100011101110010111
1111111100101101101011011110101010111011010110011111010000011101
1010000010100111000100011110001100000000001001011001111110100011
0100011000000110001001011110101111111000000100111001011010110011
1111111010111100101101100110001110101110011101011100011110011001
1010011011010000001101101101000110011100011000010000010010101011
0110000000101011010101110010100110110100011100101101101010010001
1011111000010110010000011000111001100000001011011000110101101100
0010100111000011011100011101000001010000100100011000000111010101
1111100110011010110100010000001100011111101000100010101011001101
0010111110110111000110001001110100001011010110111111001111000110
0011000111000011100111001111111100110100010001111100000110001110
1110111110010110011100110001111100111101111110101110101100001100
0011101100011101100111011100101111010101011010011110111111101101
1100110101101111000110111001101010101011100001011011010001000100
1101110110101000111010000010100010010011100011100111110001001011
1000010001001011100110101100100100100001010001111001010010000010
0101010001000011010011111110011000000110111011111010000000000011
0101001000000111011001101111110110111001111110100010111001100100
1101001100010111100100000110101111110011110100111101010111011110
0001111111000111001000011111000010100101011100100001110100100100
0100011010100111110001000111111000000110110010000101110100111110
0111000101000001000011010110111110010011000011100101110111110001
1111010001110111010011000110000010000000001000110011100000111101
1101101111100001011000000010000101010001001011110000000110001111
0110001000000001111100101100111010010011010110010010101001000110
1000111000101101011011000111110000000100100100000011010111010010
0100111010011100101010001000011000011011100011000101010110000000
0110110001101100100100010100010100101000010111110010100100111101
1000100101000010011010010001111011111001101011111101000110001100
1011101010010011100100110100111000010000011010000011001110111110
1000110011001010101111001111110001100110010100110111111100000001
1011000001100001011001110110010000101101010001000111111110000110
1001111011111100110001110011010100100110100010111110110010000011
1100100001111111000111011001001000010011011111011011101011110101
0000110000011110101110011111101111001101110110011110001101010010
0111001000000001010010011100101110000100000000100111000101110011
1100101111010101100000011100001011011011100000001100110011101111
0110001100100111111110011011001111000011000000011111111000000101
1010010111101000100010000101010101100011011100001110100011000010
0010111111101110111110110100001111011010000011010010011111010110
1011011110000111001110110111100111101100000010001001000111001110
0010011001110010000110111100011101000110001010101100010011100011
0011110001101111101100101110101100100000010100110001100011111000
0110011110000001000001100000111010000001100001000111011100110100
1100110010000111111111010100100010110110100010001001010110110000
0100011011001101100100001010110010010001001111111001100000000000
1101010001101010011001100011001110011101011111101101101100110001
1101100010001010111100000110111100110001110010111101010001000011
1001100011100001111001011111010110100011011101001111100101111010
1111111100101010011100010001001000101101011111011101100111100011
1110111001110001010010011011100101001000000001000111111110100010
0110010001110110100001010100110100110000010100110111010110000000
0000000011111000101000010010110010010000000001011101111000111110
0000010110101000110000111010000000010011010101111110111011000111
1110100101011110101110100000011111100110001011111101111010010000
1110000011111100111101111011101011010010001001001100111101010010
0100110001100011101100000111000001101110100001011001001100110010
0010111011101101101111010100011110010011001010011100100101000010
1011100001110100111011101011111110010010100111100000111000110000
1000011111110000110000110100001110110000011111110000011001101001
0100110010100100001000101100011111110111110010011101100110101010
0010100110110001101110011100000001001100101100101000111001110111
1101111111010111000000101101110101101101110111100000110101101010
0101100000001101101110101110000101000011111011010010011000101010
0100110101000010101011100101110111100110101011011100110110000001
0101000110011011110000000000101011110011100100101100001010101101
0000011010100100100101001010111110101100110101100100010111001001
1000101100100011011100000110100010000101100110011110101001110111
1111000111100011010010001111110110010110101010000101001110000010
1110100011010100010100000010010110011001011001111001010110010000
0111010010101110010100110001100111010101010110000101110110101010
0111101000011101100011111101101111110101011100100101011011000001
1001001101000011111111010101000001100101001001001111001100111110
0111110110101000001111111000110010110000101000010100001101010111
1100101110000000110111110100110111010000001010100101111101000000
1110011000000111010010101110010001010111011000101101110011011010
1100101111111111001100001011000111101101101101010010100001110011
0000111110000101011010001001111000111100001011011101100110000001
1010110011001101101000010000101001000111101010111011100110101111
1111010000101010001010010001101011011111001101010100110101010111
0110010101110010011100110111101101100111110000111000010111110111
0001111111101000011101000100010101111101000011101111010100101000
0101001001100110011000111001101111111111101000001011010000000101
1001101011011011101110100111110101110000101000010111101100010100
0010001100111001100100100100110111011101010011100001010001000010
