1110000111010010111001110101111101011101100111000000101001001001
1110010010011010100001101000111000010010011100111110111001110000
0101101010010111010101111000001000110011010011011101100000101000
1111010110010110110001001001010010000111000100100011101100110000
0011000110011011100010010011101111110000001001110110001111101001
1001000110001100101011001101111100011110000010100001101100011011
0010110111000101010000101001111110001001110010000011101110000101
0101010001011100001011010100001000000010100010100111010010000010
0011011101100110100000110110111010100011100110000100010111111111
1001101101101111000001100011100010000001010110100111011110111011
1001100001100101100111110000001011100111010001110001110101011111
1101101111010001111100101001101110111100000010001111100011110010
0001001101010110001100000100001101111100011011111110110100001111
0100000001110101110011111011100010010110010000000011101011010001
1110001011000100010011010011101011001100010010110011110000101111
0001111010011111111000001111100000011110010001000110001011001111
1001100100110010011111000010010000111001001111010011110110100000
1010000011110001000010101001101100110110001111000010100000110100
1111011101110101100101000101001011100011100100110100111010100101
0111011011000000111011111001101011000010110100110001111000001101
1011010010000000110100100101100101010000111011100100011010000001
0010101000100001011111100110101010000001110100010111111010011100
0100100100010011100001100010111101101100111110110001011111100000
0000101100111001000010110000000111011000000101101110010100001111
0011010100111010010111101110010000000001000010010100001001000110
0101000101111100110000000100100011101010000000011000110110010100
1101111101101110101101010101001100010011100111101010110100110010
1011011010001000011010101111001000101001101111001011000010101011
1000110100111000100001000010011100011010001110101011101100011011
0011011001100100110011110111101110001111000001010001000101111101
1001101011011111001110100010011101111101101100000000100011010011
0000101011100110101000011111110110010001100100100010001011100010
0001010010110011010010011101000101100010001011011010000000000011
0111010101111100100011001000001111001001111100011100011000101001
0000011010101101000001001100010100010110001011100010011111010000
1111110010011001000001000100110010001000000110010000010100001010
1110010010000101010100100000100100011101000011111011111100011101
0100011010100100100000001010001101000110011001001101111101000100
0111000111110110111010000001101000110100110001111100110101100100
0011000101001101100111010011111000011010101100010100000100011011
1010110110011010000110011001111010111001101111100101101111100001
1101000000011110101001101101010110110110100101000010000011010101
1110000010101100000100011111000101000110010110011001011000001101
0010001010011101101111100111100100010000000100100011101101001110
1100101000101100100000001110101010010010110100110011001010101011
0010101001111111101011100100101011110100110100111110010001111010
1001011111010000101010010001010101010111010110010001011100110101
1100001111000110101011011100100001110010000011010110001101010100
0010110010000010001110111000001010110110000010001100100100010011
0101100000111001100111101000110000011111111101010000011100011000
0100101001111010101111101111101000100100010110001011111000101000
1000100101101100000001001110010011100010100001100110111110010001
0011011100111101001100001110000110100011111110110111001110000000
1111000010011010010100010010101111101100001100011001100100001000
1001111101000110000011111000111110101010001101011011001011101101
1101101101011101011100011100001100001011100100000100011000010111
1010100100000100100001100111111010100110111000001101001010101010
0101001010011011100101100010110000110100110110101100101001000001
1101010101000001011001100000110111101011110111111011111000111111
0101010001001001100000011000101010010110110001111000101101000011
0010100000011011001011100110000110100100010011111101001100100010
1100111100011111001011111000110001110101101100111011101010001010
0110000011100011111111011101110101110001001000010100100111000010
0001011101100011110101011011101000010100011011000100011001000111
1001011101000101110010001001101010011111100110010011100100000010
0100010000000000001010100100001000011110111010111010010011011010
1001111101010110111010011110000001100101000011001001001100001111
1010011110110110110111011101011101011101010111010000010011001111
0111011110001001111011000100011110101001011101001001001001000101
0110111110011010101110110101001101101101000001100011010011000011
0011010000111100100011011101101011010111101001110011010001100111
1000110000001001100111001111000111110111101001111101011111011101
0010000110000001011110010010101101001111000010001110100010101000
0100100110100011001110100111000001110111000010001100111110111100
0110000110100100101100000111100110101000100111111001001001011011
0101101110111001101110000111111110101011000110100000000101001011
0010100101101001000011101011010010010110100011101000011010001111
0000100100110001101101110011011101011110100001011111111001101010
0010010110010011101001000010011100111001100011100100011010100001
1010111000110000100110101110100001011111110010100100110011111010
1100110001101101100000000010000001010101110001101011110100001100
1111001001001101101010111010110110000010101000011100011111000111
0001111001000010110011101111100101011111111011101000110000001111
1111110100000111110110101011011000010001000100010011011110001101
0110100110101100101010010110011110010001111111010011011100111010
0111000011110001100101011100001110010000110110111110111101101101
1101110011100010000110101111101111000100011000101100100010011110
1011101101011111100111101111010100100010001001111111110101011111
1100000010011101101100100000110100110110011011010001001110001100
1011010000110111110010101001000111001111101100011000111000011110
0000111011011011011111001000000111010101111001110111111111001010
1100010010101000100010101101111001001110101011101000110001110110
1110101110101111010000100101000111100010100000101010000011001101
0100010110101001001011010101100010101001010011101100000000001010
0101111011100101001101001100001010111011011100111000000011000111
1110100101110010010110000000010111000100101101110000001100100001
0010000010010001010111101001010100100000001101001110011010010111
1001010100110010101110111100100010110101010011001000101001101110
0011011100000110111001011100000101011010000010111101101011001101
1010011100000111001011110101000101100011000011001111101111001000
1111010111000100001100010111001110101001011011001101001101001111
1110110010100101000001110010001100111010100110011000100111100100
0001100100100101000100000010000000100000110101100011001011101110
1100101111011100100100100010111010110001000000100111111101110110
1110111010111100111011111000100110101001010001100110000101110110
0100100111111100100101101011001001111110111001001101011011110100
0111011000101011111001010111011010000111011010100010011110100101
1011011101111000110011001100100111010101100110101000101111111011
1000000011011110011110110101110100011100111101011100111101111010
0010101100010110111110001111000010100101101100111111000011110111
0000011111000001001111110101100010100010000001110011011100101000
0000011000010001010010011010100110011110100100100011101101010111
1100101000101010110111101110010101110000001010100100100010110100
0001011111011011111000101111111111110011101011101010011011101110
0111101110011011010010110110110100001111000011100010110111010011
1000001110110011001101010111110001110000111011100010001011001001
0001000011000001011110100100111110101011111101101101101000011001
0110000011110100101100101100111000000111011001100001000100100001
1000001010101011111000000110111100101001101001100010101101010011
1101110111000110000101100000100011010101101101000011101000000010
1000001001011111001100110010011010101110010011001100111001110100
0010001101001000001000001100101000000110000110001100000110101111
0110010000010001011001101110011100001101011100001101000010111101
0111010010101100010010010011011010000000101011001010011011011011
0111111110101110100100001011010011100000101110100011000011110100
1100101101001111101101011011001001100110000000100111100000110001
1011110001010101110011000100000110101110000000011110100100100001
1111111001010110111011001110001100001010110001010110110000001110
0101000110101010100111011011111000010001101101110001100010100011
1100111000110101100101001000000111101010101001010101000101101001
1101100010000101111001110111001011100111110000000100000100010001
1001001100000000000101001110101000111011110101111100010010000001
1011111001010001011100110000010101001100110101010001001110100110
1011001001101001001100001011111101100101011010000111100011011111
