1111010110111110000000001111101111000100011101001010000011110101
0110100000100101011110010000101001011000110001000101110010101000
1011010010011000000101111010101110101001011001101100110001001010
0000011011000111100001001111000110011100001100111011001000101001
0100100011101000111010111111111000010110110000111011101010001011
0000001001100001011011011000010100101001100100110111111100010011
1101101111011101001000001000101101011111100110001111100100010101
0111101111100111111011110000001000110010010101101111000110010101
1101000010001100101011000110111110100111111110111010111101000111
1111100011110110001100010100111011101000100001100010001011110010
0110110011111010001010010101111000000011010011110111110011101000
1111010100111000110101011110100011000000011000000000111100111100
0100101000101010111000110100011000011000001100110110110010010110
0100001111011001110110110101100010011101001001001000011001010101
0110111110001011101001111110011100011001000101111011000110010111
1110000110001000001011001010010110011111001001001100000000111010
0001010000010110111111111100101010010000001111001110111011011101
0100110101001011001110010110101101110001011110001000111001101111
0111101001110011000111011010011011001100000101000001101111010000
0000110111001001001001111111100100010100010010101001101001011101
0101001001011010011001010001101010101010010001000010101100111001
0001111011100111101100010011111010010101000001000000111011010001
1001011011100111110101011000111100011000011101100010010000110011
1000011010101100000111010000001011000001001111101010010100110011
0111010000001011110010011110001011000001101101011111000110110101
0110101111101111011111101111101111011110101011101111110000100101
1111010000110000000000100110010111111011100101100000010100001110
0010100110100000100100110011000011000011111101110100100101100010
1111000001010001111101100011111111100100111011110000111101010100
1100111111001110101100011010110001110010101000100000100100101000
0100101010010001111001000001010001111011100100111110000011011110
0010011001100100100011001010101000001000111000010100000010011000
0100001011011010100101010001101011000110001101010101101000101011
0010110110000000110100101011000010011000001010111011011101100101
1110101100110001110110001100100101001000100110001001010011100001
0110100011000011001010111011100110101011001101101101101001101001
1000011001101100101110111000100000100001110100000001000110110001
1101000111100011000101101101001010001111100011000101100001001000
1011010011001100011000001000001000111100110110100001100101010101
1110110110101111111010001100111101010110001000001101100001111010
1111110100001101011110110010111001001100100011011001111011110000
1100010101110110011100100010001011101110010101101011111101100001
0000010100100011110000100101000001101110011110000111101111001111
0110110111110111101011011110111010111011001100110001011010110011
0001100100011111110000000111100101010110110100010010101111100010
0101011000110010110011101001100101110110101010110011111000111000
1110100101100111011000111000101111010100101100001110010101011011
0111001101011100011100110110000011110110101010100011110100101011
0010000100011011000111110010101000000011100110001000010110101000
0100111010000000100111111110101011011001110010110111011001011001
1001101001001001101110100000000100001001101101011110100111100001
0000111110010010101111110011011000110100000011011101101111000011
0011000001001101011110010000011110001000000100000101010111100111
0111100101110101001111001000010001101010001000100101010100101111
0011010110000101001110010011011001111100011010001000001100001100
1011111000100100011010000100001111100001100101100010010101101101
1101001100110010001100001101011010010100001110001100110000100111
1100011000100011000001100101010010111011111101111100101110101100
0000111111110100111001000101111000100010110000010110001011010100
0001011101000001010111011000011011110101000001111111101101100101
1101110110010111100111011001111101011110010001101010001110100011
0111101100100101000011001011000010010101110001000011100111100101
1000010000101110110010100001001100110111011101000011110110100100
0101111000111001111110100111000011011000000001001100111011100000
1010001100111101010111011110001000010101010011110001001010111101
0101000010110010000001101100000011101100011011000110000111101100
0111001110010010111101010010000100000010011001000110010000100001
1010011011010101010011011011001101111011110011000011110001101101
