0001100001011111110100110100111101010100000110101001111001101011
0111101100110010101000100110111100111001110010111011000011110110
0001010000001011010101000101010010010100001011010010010101000000
0100001001101111011110101010001001101000011100000011101110011001
0000101111111101111000100011111101010010110111011010000111101111
1100100110110111001111101010110000110110011011010110111000000000
0101100111011000000000100000101101101110110110101000111011100111
0001010001001000011110011000001101001111111101011000000000111111
0010101110000010001000001010101001011101000101000110010011110000
1110111000010100010101110101100110010000110010100011010110111000
1010010001100110001101100111000101111100100000000111111010001000
1111001111010101111011010111111100011111011011011000000111011100
1110010110010010001010101100101010101101101001010101101000010110
1100101000001101111111010101010001011010001110000111110101001111
0100111100011110100111001001110111001010011101110110111001001000
0011000000101011001010100101111111010011100111101010000101011110
1101100001010011001001101100001011100010111011000000111000001110
1001011010100101011110011010010000001001000111001101010000100010
1011001000110010111100010110100111001011011001111001011110101010
0100001010001101101101011010000110101100101000100000100001101110
1100111101001010110010011111100110010011111100100110010100111010
1110100011000011100000100001111100101110010010001100110001110110
1001000100001011010111000011000111111101101110001011100110110011
1010000010010000010101100000100110101111010000110001000111011010
0101100000110011100110110111010011110111000100010111100011111000
0111001101011010110010011110110100011010100010011110010111000101
1010001000100111111111010110010110100100010110011000010001010011
0000010011110100000010001011011000000101111101111010101011101101
0001011111001000011111101100111110111010010001100010111101010100
1010001010111000101101011011011000110100110111110001010011011110
0111111111110111110011101100110001000010101011011100100011011111
0110100101100100001010111010011010010000111000101000011001110111
1000101111110010001100101001000010101100100000001110110111101000
1000100111001011000011000100100100110110101010010111000110001011
0010111011100010001001101011110000110010100001111000110110001100
1110110000101001011100001001110110101100100001101100110011000000
0101000000000000110100110101001001010011010001011101011100101100
1010111011011101010100110110001101100111011010000111011010011110
1101110011010001011101111110011111010011011111010101011000011110
0101000001110100101001101101010010110010111000111101110000001000
0111001100100011101011000111100001110010001000111100001110110010
1001011010111010010001010101110111011010011111101110101011111000
0100000111010101001011001011001000101101010100001100011101001101
0011110100111101100010100101011100101100111110100110111111101101
0011100010010011001100001011100011001001111010111100011000100000
1000010001010001111010001000001111001010100101001001000000111110
0110001111001010111010010010010011111100111100000001001000010101
0011110001111011101001100011010001000110000110101010010000010010
0110110010011010110000010010100000011101010010011100101011101011
0100001101101010001110010011110001010001001011100110111101111100
0101100000100100101001101011001100001010100110111100001011110101
0000101000000101110111100110001111111101100001000110100001110010
0101001000011000000010101101000101101111000011100011100110101101
0001100010101100000111110011011001110000011101110011111010100100
1111010101110001110101111101100111011011011001110100010110010000
0010000011001010100101100010110111000001111010001010001111010001
1001010101010011111110001111100111000001000001010000011100100111
1001001100000011011000011000110010101100101111101110110000110111
0101110101110010010011001010000111101110011100100011101000010101
1111111001000111010001100111000110100001011100000101101110100110
0001100100001110011001101101100001001010000100001100010100010101
0000001111010000011101100010110110101011001101100100010011110011
1010111011011000011110010001001101000111001101001001001111011000
1011001111111000111111011001101111101010010100110101011110111111
0101001101011100111101001000110000011101101110010000111111100100
1111110110101111101100011110100101001101001110101101001001111001
1001100010001010010110101000010111011100100110100101100001001111
1011111010111001111111010111001110010110111010110100111110110111
0111101111100011101010111010111100111000101101110100000100100100
0110010011111100110000011001010111011111011101011011000101001110
1000000110000000110111010011010101000011010001100111100000110110
0100111101111100100010000011111110010010110111011001101001101110
0010011110011101100111010001100100000100101001101100010100001000
0000011000100001000010101010000101001000001011111100010001010000
0011100100101011101001010001110111010010101011111110100000010100
0100000100011110111111111111111110000110111000010111111110110000
1010001011111010011101110101001101000000011010101001111100000110
0110000100110001011011101101111000010000111100101010010011010001
1101101101010110110011000000110010111011101100110010010011100000
0000000101000010110011010101010110100110010001011110111001000000
1101101110110110011010010010010000101110011100110011101100001110
1001110000000110010010101001101001111111101001011011010010010001
1001101000001110011101101001010001101000100111011011010000100100
0110110100001010000111001011101111010011111001001001101111111101
1101110100001000100011111011111001110101001010000100010100001001
0010001110001100100010101010000001010011011111100011101000011111
1111101011101111111101110100000010111000000110010101000011010001
1101000110010001001101110000110010010101011010101010001101001101
1111110001111100011010101101000000011000111001111111101001110100
0110001000100111000001010001100000011011100010011011110100001011
0010001111000010001100010011111111010101111101101111000111001110
0011111100110100000111011100101010100011000000011100110000011111
0010101001001011110100001110111010001100011011001101000101001100
0001000011010111011111110000001101111010011111010011100101001001
1001010001100011010100110100001010001111111000100101101000001111
1011101011000110000100010000001111101011000011111110111011000011
0010101001011110001010100000001110100101000100110011001111001110
0011101101011010011010110000110001000011100111110111011100110000
1110001100011010011100111010101010111110010001001000001100001111
0100011101101110001011001110010110000111111110001011010100001001
0110000100100000100010100110011001010100000111010100111100100001
1010110001101000111101101101011111110011000000000110101001011011
1001000001000000000001110000110001100000001111011101101010111011
1010101000101100100110101010010100111101011101000110001100001110
0011111100010000110111111001010011001110000000110001100100000110
0000100000000101000001001011011000010011101111000100011011011100
0010101010001111100010111001010100010110010100011110111111110011
0001100100101000001000100010101011110001110100100101010101001000
1111010101001001110101101111101100101110011001000100010100101011
1001101000101100110101101001110111100001100000111000110111111011
0110011100010101001011110110001110000001000101010001100111011000
0100100110110100001000000001011010111000111100101001100110100111
1101110111111100000010101010111000110101011001101011000000100010
