1001000101010111111001110101110000101111001001101011100111011100
0110100000100111001001111111010110100100111101000111001110100011
1001111101100011110010010111000111100100000010011000110011101111
1001000100010010000000101011000111110001110101010001101010101000
1010001101110010100111101101110101111100001011011100110010100010
0011001010011101111110001011101111111010110001000001101011010110
0111110010001111101100101000001000001011110111010110010100000011
0011001100100100100100111110001110010101011111110000101000010100
0111011110111001000101010011111100011101010010100010101100000000
0010100100011110010000011000000001000010110101011010101010010010
0000111000110010101110011001001001000100100010010100011010110111
0111101010100011011101101110010001011101100100110101010111010110
0010110111110110010000110100110111100100010111110010110110001010
0100000111011110100011011100111011110011000110000001110101001000
1111001100011110111010111110011000000101011011110100011011111001
1000001100111010110000100101011000011011100001101110111011000111
1010000000010001011001100011000101111101011110011010011010101110
0111001000011001000110101000000100010111001001100000011010011000
0001100000100100100011100100011010010011010101100111111110110011
1111000000110001000011000110010011101100110111110110111100001110
0101101101111011111011111010011110110011111100010011001000110010
1111010100011001100010100000100001001010111001100110001001111100
1110111111001010011100010110010111000010000111111101010101001111
0011100110110001001011001010001000110001110001000001000001111000
0000100011111010100011100101110100011011011101100010011111101101
0011111000100100011111010110101111110110000000000001000100110011
1110100001001100001110010000100110011101010110010010101011100011
1110000001001011001011010100111100100001010011101101001001100101
1001111100001000011011100100010110100010010011010111110111001100
1111001010100100110011101111000100001001100011001000110000011111
0100001010101110110111101010110111111100001110100001011101000000
1110001000010110100010011111101011100111110001101001011000110110
1001101010011010010011101010011101101011101010110100110101010011
1100011001010011001011011101011100100001011001111111101110001110
0111011100010001111101110010001101101100010001000111011001101011
0010010100110111000010010011010100010011111111001111100111101000
0100010000011101010001001101110001000110000100010100000100100000
0000011100101001100101101100111111100101110111001010010100011100
1010010011011110001100000101110111010010011110011010000101101111
1010010110100010110101101000100001111100110011110100010111011111
0100011110010011110010010001101100100010010101100010001000110011
0110111011111101011111000010100100110010011011010100101010101010
0010000001100111000111100001100001010011010000001101100000000111
1110101100011110001110011011010011010010010110011001010100000010
1000011110100101000110101011100000000010111010000000101001011001
1011011101001111101111111010010000110000000011000100101010000001
1001001011101001111110101111101100011111111011000010110001100110
1111001111101101001111010010110111110110001101111011000111011111
0011011010111110001000100100001100110111011110011111111011101111
0111010110100100100110000001010100010000110111011010000010000111
0110010101111101110010100101011001000100100011010001010101100000
1110000101001010000010100010101010111011110001001001010010010000
1010110111100100001000001100001101100100100101100101111101010010
1001100110110101111001001110001000000110101111111110011101001011
0001000110110010110100111000001111111010100110010100011011011011
0010111000011010011110100111101001011100000010000101100011010001
1011111111001010100110111000101100001010111100101001011000000001
0111000100100011010011000011010111110101100100101101110001110101
0110011001001011101100010110110001000100000001001100111001000110
0101010011001001001011010100011111111010001011011001110110110000
0111011100011111110111101101001010111110110010101000000000101111
1110010000001111111111000110100010001001111011000001010110001100
1100010100001110111101100110101111100000101110010011100011011010
0100001100110000111101101101100101100100011101011001101000110000
1001110100111100000010111110110000011111010111000010010100010000
0101110010001001101100001001101100000001000101001101010001100000
0111000101110000100011110011001010110100111001000101000101001111
1100000101110001101111001000100110011101111010101000001101110011
0000011001110100000111100001011110100001000000111011011011111011
1101011111011100001001110001110010010000010111000101000011011101
1110000001011110111110000101111101100110100110001111000010111000
0111000110101000001000011101010100011100011100111101001010111101
0000000001000101010011011111000011101111101011010000000011010101
1100101001110100011111110001000110001110011010010001011110101001
1111001110001011111110111100101000001110101000010001011100100111
1011001000100011000001000010010100110010111111101011111011111011
1001010010101110100111000101111110011110001010000110111101100010
1010000000011100100000010011000000011100001100010100011011100100
0010010101001111011010010010110111111010010000000111100011101100
0110100000001100000011001011001111111100011011010101111010001110
1010100010011100111101011100100110000000001010011010110101000100
0110000110010101010111111100011110110100001111101010011011100101
1010101110001111100000100010001100110001111111000011011110100100
1010000010111100110100010101111111011001001000111011000001000000
1010001010001100111011001110000001110110111101100001111000010111
0111001010111000110100011101010000101111001100010001100111111101
0011000010110010101000001010100110100010010100001100101001010011
0111110111001110110001101010011110100000101100110100111110101001
1110001110010101111111111000101111111010100110101101111101101000
1001001111100100110011110001000010100111010010010111111111001110
0000111100101111001010110100011001111010000111010101111100100001
0101000111110100111100111000110001010001001011010000101000101010
1100001000101000000011101100011010100001111001011011011101111000
1010100000111011111100011101001101010011000110000011100110101011
0100111110101110000111111011011001000111001110110000100010001111
0100000001000111101111011101100010100000100100100010101001101110
0000101010001000111101111011010001100001101011111010101000101110
1110001110110011011010100110011111111001001011101010011010100100
0011011001111101011101001010101100011110110100101000000100000101
0001100100100000011111011101101110100100100110000000011110011110
0111010001010000001001111101010010001111011010011100001110001111
1100011111011001111111101000001111000110000010111101101001001101
1110010000101011010011000010001111100001111110111100011110000011
1101010001101101000100001101001111101000001010100110010110000111
1111101001010101101100000001000000101111111011111101111101100101
