1001111111110010111010000110100010000001101001011100000010111111
1111011011011000110000111110100101101001000001000111101101101101
0111100000000011010111100110100001000101010001110001111010111111
1110000111000100001001001111110110000010000101011101001010100101
0001100001001110110000001111001111000101001001101111100000101111
1001000110000011111100110110001100010101110010011001000000011000
1100101000110000101100100011011000100000110101001001101110111111
1110001100000111000110111011001011010100000101001010111000111010
1011000010010100100100100111110001101001011001010100100000111001
1100101101111100100100011001101001101110000101000010101001000000
1000100010101011011010110000000010001000111011000100011000001001
0100100000111110110000011001000010001101101010001110100111100100
1011101100101101100100110111110111101111010010111101101110111111
0011100110100000000101110000110101110111101110000011001010111111
0010011111110000110011101101010010111111000000111111010100001000
1101110110010000010001010100101011100010011100100100110111000111
1000101101111010000001010001001110101101111001101111000001101110
1001001100100011110001000111110101011010101000000000111000011101
1110110100011010110010000101100011011100011100110111001000101100
1001011011100001010111101110111010100111111100010110111011100000
0011000111100111100001001111000101100111011001011011010010001011
1011011000110000010011100101000000111111111001101110000100101001
0110101011100011101010001011010101001111110001000101001110000010
0001000110011100100001100100000111001110100000101011110111001010
1000000010010111010110101000100000101001110010100101000010110101
0111001001001001110000001001110011001100011110000110010111001111
1110000110111010000100101001011010000111111011010100010101001100
0001011010011100110110111111011111101010111101110001110001001111
1011111000000100111001001100100000111001010010110010000101000100
1111111100010101011000000001101110110010010111010101110000011000
1101011101000011100111010100110110100000111100001110100110010111
1101111010000001110000101111100000010111101000110100100101110010
1110110010000100111100111111100110001010011110001010110110001111
0100101000001111110000000101010001011100111110010100101010001110
1100011001010100011100100011011011101011001111001101100111101110
0100101010110111110000000011110100001100010000111001101000010011
0101100100101011111100011001001000010110101110101101111101010110
0100000001111010011010011111010101101100001101111101011111010100
1010111110100110001101010001111111011000001100001001011110010000
0010001101011000100011011110110111001000011011110100000011100101
0011011010110001001110001000100100000100010000001100000100010100
0001001101010011110111011001111011101101000110101010011001100111
1011000111111010110000110001000001100001010011000010111101000111
0101101110100010010000011111010010101111101101110010110011110001
0011010110101010101001011100111111011000100110001010111111111010
1100010010010001000010111111000001101100001001011010010110110010
1100011001111001010011111101101010111000000000111101110010111000
0011010101100111100100001010101100010001000000011011000110010001
1000100111000101000100111101101110110110010111111001010010100000
0110100101010000100111100011100001011000000010101100110010000001
1100110110001011000011001011001110100101011101010110111100000011
1100001101111101011000111100110001111011011010010111001000001110
1011111011001111001110110111110111011111001010100010100100001100
1011001110100100100011101100101010011000101011101000111110010110
1010000011000100010011001001010101111100011110111101101001101001
0001001110101001010110001111010010100111101110100000111010011000
0100111101111101001010111011011101011111100010101010111101101011
0111101110011110001010110001011101111111100100011011001001010100
0011110111110100110110110111000000001001001110100101001111111110
1010110000000111001010010100110101101110101001000001011000101111
0001110010100001000101011110110111101111010111101100000010110101
1101110010010010000011001001001011000111000111000110000010011011
1101000011101100010101110011011110001001011111010101010100011101
0011100010101001011101100011011001111010101011110101010101000000
0100110010110011010101001111110101000100011000110010000110110010
0100010010001110011011100110100001001110110110001100001111010001
