1100001110001110100010011111100011101101010011010111100010010000
1010001001001011001010100010110000111000101000001110110100101111
0101111000110101101100110011001100011011000010010000010110111010
0011100010001100011001011110000000001100110111110000011100010000
1110011101110010101110101100001011010110111100101010000000111001
0100000000110010000000100011011000011100100101100001111010011011
1000000011001100011010001011101110101101111011001001101001011110
0011011010100100110011110000000010011011000000000101101110000011
1000111011011110000011010111001111001100000101110011110110001010
1110111000100101011100101111010011111011101001011011000001101101
1111010000111011010110000010110010110110010110111100101110111010
0010110110111000001111000010000100011101110100010011100111110111
1011001101111110100001000100110001101000001000011000111011011110
0001110110011011000100000001110011110010000101111111111101000110
1100100100111101110110001110111100000110110100000001100001110110
1010111001100000100011010111100111111110001101010001101001100010
0111110110010110001010001111010101000110011010010100101001010000
0000001101111011111110110101100111101110000100110110101101010001
0010010001111110010110110000100101001100011001110010111110110011
0111000100101111011011100100111100010111100011010101111000011101
0100110010010011011001010101000101010010100010110000111011000010
1101000111001011101000010011001111110011001111110110110100110011
0110011010001111111000110100111001011100001001100111001101101101
1101001101000001001101001000010000111111000101100101001010111011
1111111100111111011110011000100011111110011001100101011110010001
0000010101110010111111101001100110111010000100111001110010101110
0010110011000100000001110000110110000010000011000011101111110111
1101100000111100101010001000011010001100111011111011010000001111
1110011100111000110011000101100000110110001010001110110010100100
1100001000111001101001010010101111001111111110011001110000011100
1101100000111011011100010101101000000100110101011001100101010010
1011110011000001111100101011010111010101010010001101101101111011
1101001111110101000001100110010111011110000000100011101010010111
0010101000000010000100101110100101111111111101001101111011101010
1010000010001100110111011111010100010100000010100001000001111101
0110001000011110011011101001010001000100101000110001100010110000
1111000001110100111011100011010001100011010110011010011000000100
0000111110011010101011110000101100110011000001001110000110100011
0000000001001111101111001011111000000100011100011001011101000001
0110011100010101111011101110101011110000101100101010100100100011
1000100101111000000100011101011111011011110100000010100111010100
0100100010111111100010010111000010100101000011001100001111110110
0001000101111001101101110001110100001110000101111011000011011110
0100111011011001101000100000011101100011001110111111001001111110
1100000101010000011001010001100010100010011010111100101100001100
1101001010111001101100101000010110111111111111101100001000110100
0100000111111101110011110111010000000110111011000010110111101000
1100101010011101100000001011100111010011110110101101101111111111
0011111001000001010001011100000111011101111111101110000000101011
1010100110111100001100111010010010101110101110100101101000101000
0111000101001101011110011110001111100100001001000010001010001100
1011110100001100011001100110010000011111110011110000001110111000
1000100101101010110000100111011000000001110110111010101101010101
0000110001110110000001101100011110110100110001011101100101011100
0011101101110000001100110111001101110111010101110111101000010111
0101010111110100001001010000111001010101000011010110111010010000
1001011101100101000100110110001000010000010100110000111011001110
0011101001001100010010111111110000001100110111110110010110111100
0100111001001010011010101001101101000011111001011111001010110010
0110001101001100001011011011100110101001010010011101011100110101
0100100100111010010011010010000000001100011111000010000111001110
0111100110011110010111111001001000011010010001111101100010001010
1000000010111011110101011110100011011100110010011001111110011011
0001100000011110110010111001101110110101111111011111111010101110
0011110110110001100011110000110000000101001000100111100001000100
1001001001001111011111100111001010000010001100111001001000101110
1100010111000000011100001110111111000110111011011001111101001101
1010100011100111100100101000111110111011111111010100010010100110
0011100111101110010000100000101001001011100000001010000010110011
1100100010000011000110110101110101001100001011101110000001010011
1110100100000110110001001001110111011011100011000010100101111101
0111011101111011111001111010011000011000110110110000111110110111
1100010001101010100010101011010101100010111001010110010011100100
0100101101001001111011110100010111101110011100111101110111110001
1011011111101101100001110111111010101110000101100111101011111101
1011110111110001000000010011100010011011110001101000110001010000
1111000000101011000011001011111111010110110000100011010000110100
0111100001001110111101001111000010000011000000010111100101000000
0010111111010110011101010011000011011001001011111010001011000110
1101100101110010101000101101101110110100001011111111110111100001
0111000011010101111010111111000101111010001011011001101001000100
1101011101011100010111100001101100100111001100110101001111000011
1000001100111010100110111110111011001001011010010000111111001001
1110011101010011100001111000001111011010001010010010011100001100
0101011110111011110111100011011010001110011010011011001011010111
1000100110101011100101101010001011011100110010110001001011010000
1110000000111001010101010111110001111111101000001011010000011000
1111110011111111010010011001011000100100001110001001000100010001
