0110111011000011100010100111011000010110110000000101110010101100
0100101111000011000111100011001011110011110001101000100001101110
1100100011001011100011000011010101100000000100101010111010000011
0110111100100011110011001110001101001001011010111100100100111100
1011010111000001100111100001100100110110110111011101000101110001
1001001100110101110101110110110111010011000000110000100101011011
0111111100101100110100100100100101110011010011110000010011110100
1100101100010011001110100001010101101010011011000100110110010110
0000111111000111100001011100000000000110101001100101011001100110
1010010111011011010010110100011111101010101000000100110111000001
1111001010100100001001010101000001010110110100101100110010111000
1001011011010101101100001001101011111001100010011011000100100011
1111010011101000011011001010001011110111100001111000001001110010
0011000101100110111111101000101110001011110100011100001110011000
1110110010100100111111001110101000010011001100010010011111011110
0010001011011010011110110001010110000010001001010000101011010111
1101111101100010100101101110010111101000010000010000111111001001
1000110010011111110001011000110000101101110110100011111010111000
0011101111101101001110000000110001011110101100110011000100001001
1111001110010100100010100000101111010110101100010110101100101110
0111100100101111110110100110101000000110010000111110010011011100
1001100101111010100011110010110110010010111001101101110100011001
1011001100100111111001010001111101111111100011110010000101010000
1111001101100101111100100110111010001001101100011100010101011111
0001110110001110011100100010110011000000110011010111011101101111
1011001001111110001011111010010101101100110010101011100010101000
0000101000100111001010101111110010000111101000011011100000011000
0111110011001100001111101111001001111011010010101010100000110000
1101110100100001010000111010100010101010101010101100111101101001
1011001110100001000001111111000100111101100101110101001010001111
1110011111100010001010100011110101010100000000001110100101000101
0110000000100000100000001111100110011011001111000101110000000110
1010101010100010100001100101100001011011100001100001101000111110
1100010001000111011010010010110000001010000001011010010011010100
1000000100011000110111010111101111011101100110111010100010010010
0001010110011101100001111000001100011000010000000100101110010000
1011110100111111001011010010111011101011110011110110111010101011
0000100100011101110011010001011111011101100111111011101001100110
1110111001010110101101000100000110111100001111000010001000000100
0101010011110010100010001100001000110100000100011011100111111101
0001001100111110100101011010001111111100100010110011110100110111
0100101110101111111011100001011110000101100100011011101000111011
1010000011000111001110010110111110111110110110100010111100110010
0101111001100010011010011110100110001011111110100001110100101110
1001111110001010000000010111110100111111111011001100011011001011
0010111101001101110011001011011111011100101100011100000011110011
1110111010011010011000010111100000001010110101000100000010011000
1101010111110000001110010011000111001011010001101011110110001111
0011110110000011110011100001110011000001010110011100110010010111
0111011111100000001110011100000010100110000001111000001111001111
1100110000010010000010001000001011011011101110101000001100011100
1101011110010001001111001011001100100100000000001101001101110100
1000101101110111111001111110111110110010001010001101001111101111
0111001110000101010100100000010001101100001111001100101100111000
1000110011000001100110010110001111011010110001101110100011101011
0011101111000100110110010000100010111001010000101110000001000100
0000010111011111110010000101111110010010100000111011110011000001
1000111100000001000100001001111001101000111001001011111100111011
0001010001111111001000110101010101100111110011100111111010000001
1010100111110100000001010011101011000100010101000011001010000001
1001110101011011010111101010110101101110111111100110100001111101
1101111000000101101100000110001101101001010001011011000000100110
1010110111101000100101010000100000000111101010100110100100111000
0100101101100110101011110110011010111011000111110100001000011110
1010111101110000001111000101000100100010111011110000001011011001
1011101001110010100111001110100101110001001110010000110110000100
0111100001110111010111110000111001101100011011100110101010000111
0110001101101101111100011000101110111011000111000010010010000000
1000101000100001101011000011001100101100101000110011011000101011
1001000100010010011100011011110000011010001111011010111001010010
1011111110111101011111100001111111111110001100111011011011010011
0100011011011010011010101110000011011101000100000010110101111101
1001111010111000110000100101001111000011110011101010011001110110
0001110110000100110001011110010100101111111100101100100001110001
1111001100101001000101101010101000100101101010000001001010011110
0110110011111100011011001000000111101111000001010110100000100101
0001001011101101101110100010100110100110111011111101000101000000
