0110010010110011110100011010011011011111010011000000100111001111
1000100000101100000001101100101011010110111111010011001101001001
0100010000110001000001101110010100111000101000101010010110001000
1100101111001101011100111110001001000011000000100110001001100110
1111110011011110000010110000110110101011110001001000100111100001
1111100001100100110100110010010100010000110100001111011111101100
1011010011011010100110111101010111001111110010000000111011110011
1000110111001100001000111101001110100101110011100001101101010000
0001010000111001001101011110010000001011110111100101000000101010
1011010110000110000001000101011010110100110110000111100100000101
0001111011011111111010010001111011100110101010100100100001101111
0100000101001111000000100011110101100101110101010000010001100100
0110100011110111000000111101001101000010100000101111110000111111
0000101111011100000111000010011110101001111101010010110000011101
1111011101000010111111110101010010010011001101111101111000101100
0011011100000011111111011001001100111111101010101000111010000110
0100101101111110010000000000000110011000110101001011011100111101
0010000001101010111000001010011000100000011110101010110111110100
0111011010100101100110001110101001001000011101111001100000001011
0101111001001111100011010101100011101111001011101001111000011010
0111011011101101101011100000010000000010010011000010100100111001
1110110000001100010000111101010111110110111000000111000001010101
0010100100111101100010100010111010001110000111011110101100000001
1100111001110000101010111001010101101001010110000101110001100100
0011110011101011100110000011001100110000101100001110000100101000
0000110111011000101100001001011101111001111010000111011100000110
1110111001010010110101110111001001011011010001010000101100110101
1011101011110011001000000001000100100010010101011100000111010111
0001011000011000011000011111010100010110101101010001111101011110
1100010100110011100010101101000011001111110110101011001110110110
0111001011100101110000000011010100011100000100000100000000000000
0101111101110001100101110000000111101011001001001110111011101011
1001111011100100101010000011000110101111000100101100110110011111
0001110011100110011100100000010111110110110001100111110011011111
1010110000000100010000011110011111110010111111010010010110101001
1000011001001110011010110010110100001110011111111110011101000000
1010110111111000111111001001101101000010010110001101001100000010
0101001101101001100110101101111101111101001101011001101100100110
1011101011111101001011011101101010010000100101110100010000011111
0100000000000000100101001010101110111100101101001011000111011101
1110111011000001110001100010011010100101000010001010001010001110
1001001011101011001100010110111101100100001100010101100001001100
0011001010001000110110001101110111100000010011100101110000000100
1110000110001111010001101110000110010000010011011011100000101100
1111010110111010011010010100110010011100000111110001111001101110
0110111011111001101111101011100010110001101011001001000000001110
0111111001001101010010110100100100100100001010010011010011110010
0111000011111100100101001100100110101011111011001010111101000011
0010010011001111010100110001101110011111100011111100010111001001
1111101101100010101000111101111011110101100111001010010101010100
1100100000111101001011101010010000111011000111111010001010011001
1110010011000010001010011101100001110001101010010001101100110000
1001101010110101111000101101111011110111001000001011100000011001
1110001101000001101111010101011000110111100100011110000101000100
0011111011001110000010110101110101000010001001100000110010000001
0010111110101111110001101011000101000010010011101110010001001001
0001110111111110110011101111100101000011110010101110001100010000
0101000010001001010000010001010100110110101101010011110101001101
1011010101010001010011111100110001001111101011001000010000010010
1011001110010010011101100011110011100011001111011000001100001001
1001111001111000000001111101001001000101011011010111101111101010
0000111011111000001011010000111011110010111000110111111101111011
0011001010101100111001110111001101000111010100101100110111101011
0010100101011011110011000010000011001111011101111110011011101101
1011000011100101010111100111010010110000111111001110110110111101
0000111101011100100011100101100110101000011000110001111010101011
1101100101100001111010010000101011110001011010001000111011111000
0101010010000000101101111010000111001100111001011110010010011111
1100101110000100010111001110010101000100110001100100100111110000
1111110111000000101110010110110110101110000100001101011011000010
0010010111011100001100010101110000001011010010001101001110110000
1101110100011010110001001110001110111010011100001011101000110111
1011111011010111111011011001000011011001101111110010111100000001
1011111011000101011110001100100100101011011001111000111010110111
1101000110011101000010010011111110100100011010101110001000000101
1111010001110101001011111111000010010011000011100100110110100101
1000101110000100000010101011101111101111011010101001011011011101
1101101101011000100100101011001000110101011100101111010010001101
1010010111010100111111101011110010010000111100001001100001001000
0100101100000010011011101000101000101010011100010001001001011110
0001101001111000111000001111110101110101100000001000111101010011
1110100010000001000011010110110000001110011100100110101011001100
0011000110011111001100000111000001100010010110101001001101000000
0010010111000111001100100011010010101001010111010010011010100000
1000101011101111110110001011111000100110011000110011010111100001
0100110111011101010110010100011100000001110000000010000010110010
1111100001010110011111011001000100000111101111010100011000110111
1010010010010101000111100000000001111000110110101010100001100100
0000000101010001001010100001111101000110100101101110001010100001
1110111100100011111111110111011000110100001100101000110111110000
0100010100001100010110010111100010111011101111001000110100001101
0001110100100111101100101000111000111011110111010000010011001100
0111111111000011110101100101100110001000011101001010100010111100
1101100011100111010000011111100000000111111101110010111000110010
1000001011101100010100010010001011000101011000110001110010101001
1101010010101100100010100100100010111100100111011101111100110110
