1000000101111110000010100101101111101101101000011010100000010011
0100110100011000110010100011000000000011010001011010110010110110
0011100110100010010100111010010101101011100010101111001010100000
0101110101000101101001110100001010010111101111001000001001011101
0110000000011110001100001100110011010111110011101101111111110001
1111011001100101101111011011011011111110001100111000101000101110
1111010001111011110101100111011010010010100011000101011101100101
1010101000011110010100111100010100010110110010110011000010011000
0100011010100100111110110001110111011111001110010000101111100011
0011111110010101011101011000001110111101011010011100000110111001
0011100111000100011001100000011011000010111011100110111001110000
0111101011111000111011011010000000010001001100010011110010011100
1100010110010110101010100110011100001000010111011110011000100100
0001000101011001110010010100111110101010110011001101110011001101
1011101011110011010110110000101101000000001000000111111010010100
0101011100101010010000100011011010001000101101001010100001010001
0001010000101000110110001111010000100101011101110001101010011010
1010010001010010111001110011100010101001000010110110000110111000
1011011110010001100101001101011111011001000000011100011101000000
0110101000110000111101010111111000011110101011110111110110001100
1100100111110110000011000110011010010110001101110110000100011100
1101000110001010010010000101000101100110110001000101110101100000
1110111110010111101001010111100011100100000010011010010001100110
0010010111111100110011101001000010010111000010001010000010001010
1111011011111000110110000010111111001011010010101100100110100001
1010100111010101000110111000010000101100001110111011000001000000
0010111111101110011010000110000011010000000110000100000111001111
0000110101011101001100001001011011111011001000100011011011101110
0110111001011000010110111010110001111000010111111100100000100010
1100101001100000101011100101111001110110111111010010111000100100
1101101110101010010010010101110110001010111101001110110001011011
1000111011001010011111001000001110100110100001100011100011001001
1111101000110111111001011111011101011010011001011100000010111101
1110110001111010000110000011100101011011101111000000000011111010
1010110100101011110001100110110101001011011101001001010010111011
1011100111010011010001010001001001110011111110010100101101000001
0011001011000100111011010101000000011010011010011001011100001110
1110100011100101010110011101000011111000101100010001011010100110
1000001000100000110100001011010000111100101110111000100110010110
0101110111110101111110111110010100100110000001000001101000100110
0011000100100111010011001111010110101100100001010010011011101110
1110000101101010101001110000101110000011011000010001110011110111
0010000001010010000101001100111100110011100011110101001111111100
0110101001111100001111011011101110100111100001100000111100010010
0101001001101000101010100011110100000110111110011101100011001100
1010011001101110111111111111100111100110000000110101111001100100
1000110010100110001001110111110110000100000100101101111111100111
1010111110011100100001101010110101010111101011010110101100111101
0000010111101011101110110011001010000100110011111111010100100001
0100010100110110001001011010101110111101100010101000100101111010
0101110001010011001110110010101001111110110101110100110010011011
1101011100011000000110101100101010101000010011110011111000110000
1010110000000110111010110111111111110100011111101110001111011110
1111000100011011011001000000101100111111000000010000011010100110
0101101000011100001001111110001000000110001011010110011011011101
0000110001111010001010111101011011100011110000110011111001111011
0011010000100001111011111110011011001101101011001111111101111111
0101101001010100001111110101010001110001111100111101000011001011
1011110000101000011001001100101000111111001101001000100010000000
0101011101000001000010101111111011010001011101011000101101001101
1110000101011100001111011000100111011010110011100001011000101100
1101110000010001000101101000111001010110101110010000100100111010
0010110101100110010101100111000010010111011101101111001110110011
1000111110101001111010001011100110010000110111111000111101111011
0111011001111011011100001111001000110011000100110011001100000101
0010100111101101100001001010000011010010111101101001001000010010
1100100000001000001001100010100111100111000001001001000011000110
1001001111010101000000011111110011110010010000111111000011101000
1000000110001100100000000111010111010100001101101000011110001100
0000011010110101101001000011100111011110000011010001101010100010
1100001111010101010100111111000100010110011011011001111110110001
0011001111001110110101110000101111100100110010011011100000111000
1111100110001011000101010011100110000110001000011000111010110001
1011010000101001000111101000011111011000011100111010011101001011
1110101101100110001001101011000011111100000111001101100001000110
0100001101000010111101101111101001110111001100101101100001101100
1110111100000000001000111101111110000001111000001011111101110000
0011001000010111110010100111110010000000011101000101000000111001
0111011101110101101011000101010001100001100100100100100100100000
1101111011100110111001011010001100101100000110000101111100100101
1110011110101010111010110111110100000000100010000001000111000010
1101001010110010001101010011100110100101111011101110110011100010
1000110111011110010100101101010010010101001000010101011100110001
1110111110000101001010010110000101001100101100100110100000000000
0111101100011000000110000000001101101101101010011111101110011010
1101000010010010110000100100111100010100101011111011101000110011
0011111111111001010110010010011110001000100001110011000010101111
0001100000010010011000010000001001110110110000010110011110011111
0001001111011110001001100100100010100111101111110111101001011001
0010011100011111011100011010010011011100010010100011100001111100
1001010111001001000100010110100000011000100101000110001111010111
1000101001010001000100111001001111110000110101010011010110101101
1001010110101110010101001011011100010101000010110010010111100000
1110111011111100101101011101001100010011000001110011011101100001
1001000000111000011000011010001000101111101111000100001111110000
1000011100101110001100000101010001001111110001000101011110110010
1010111011010001101001010100100101111010101011111011001100010110
0101011001001100101111001010000110100111110000111001111010100011
1111010110001010111000100011111011011101010110110011110110100110
0101101110001100011110000001101010111000001001101010010100011111
1010001111010000111101010000101111110101100011111110001110011000
0000000011101110010110101000100010011011011000101010011101010111
0010000000111001011011101010010101110100110000101101101110100011
0010001100000110000000110011000100111110111101010110111111010111
0001000001101000110100001111011011100010110110011010110110100111
1010111011000111101100011010101000110000101010101100101000110100
1001111111010010011001000000100111101110101001101111101011001000
0010000011011101011001010100010110011100110101100100111000110010
1011110011110101010010100001110000101010010100000110010011010100
0110100001101010010110001100100110101001000001111110111110101110
1100011011010000100001010111111101000000000001011011000001001011
0111000101011111011000000111000000001000110000100011110010110111
0000111110010100001011100001101001101001001000111000000110001001
1100000101101101101100100101010010000010010111110001100001110011
1011010010011100110100010111010001101000100100001000100010101010
0000010111010100000110000011111110111010001000111101101001000010
0111110011010101101000110011000111110111101011010111111110011111
1111100111110000111000011010111011111011110001001001101111111010
0011011010011110110001001011100011110010111100100011010000010000
1100011000010010111010000000001000110001111001100110111001000111
0100100111000001011111001010001101100100100111100111000101000100
0110001000011000011100000100101111001010110000101000101000110100
1011101000010011001101111100111100001111100011010110100110000011
0110001010000101101001011010101011000101000000100100000001100100
1111101001111111110101100001110001001000010001111011000111100101
0110100110001010101001110001111110010011100101000101100011010101
0010101111001111000000101010000100110101010101001110111011011101
1111011000011010001001110111000000010101101011010011001101111111
0010111000110111101011011010001110001010001010110011101101001101
0011111001111001011001101010110101100110000000100000001110010000
