0110001000101010011000111010001110011001001001101100110010100101
0110111001011100100101000010011111100011000100100010111010010101
1100100000010101011011111111101110010100101000001010001101111000
0101001110000011101001010110000100010111100110110101101011010011
1010110001000011110010000011010111110000001101101001000011000100
1000001101111101011011111111110000100101101101111000001000000111
0011001001001101111001101010110000000000101101100011011000101110
1110010101001110010001100001010010011111001000000100000111011110
1101000110010101001101001101110101110101001100011110000101101101
0111010000101000010110100001100111100011011000011001001101001001
0011001001100010001110111010111000100010011011100011001111101111
0010111000101111110110111100100111010011101101011010101011110101
0100001100011010100001101111101000010110101101001101000101010100
0101011100100100110001011101110011100111101111011001011101101010
1101000111110010111101110001101101100100010110101011100000000000
1010010100001001100001100010101111000000001000000001010111010001
0010101111111101010101010100111001111000001011100101111101110110
1000001101000000110101111111110001110111110000000000100100110100
1101011111011010100101100110010001001100001011001010101100001000
1010100111010111111001010011010100101101111111011111100100010000
0001010111010101010111010000100100101001000001111101100010001010
0101100001000110101110101001000111010100100100110111011110110001
0011001110010000110111111110101001001011111110010110110100001101
0001100111110101111011011010001111011111100111000011001111011011
0011001100000111110000101101000000110011001111110110001001101010
1011011001111100000000101101001110101111010001101011001111110011
0111110101111100111000011001111010011101011001011011010010111000
0110111010100011011011011111011101101001111011111100101000011100
0010111011110101001110011100001110001001101011100011001011011100
0010111111000100010110001000001110111110111010111010010100101011
1011010100001111010000010001100101110110101001000001110011000011
1100001010011000001010111110101101000110010010100010011011001011
1001101000001101100101011011111010011110010001111010001000111001
0100000000010010001111101011111010111110110010001101111101110110
1000100001111111100000010100101101110111011101101001010110010001
0010100001100101000100110011011111011011011111111100101001100001
1100100111000001010100111011110001000111011001011110111110010011
0111010010100110100111111110000111100010000011001010000000011101
1000101111100010010110011001000010101010100111001000010000010000
0000000100110100010001111010000110010100110011011100011111110001
1001011101100001101000001101011001101100000111100110011101110010
1011010111010000110011110110110001000111100001001011110101001011
1100011110110111101101100001101000110110011001011000001100010100
1110010001011000011100101000010000101111101000011101110111110101
1011100110001010100101111111111101001001100001000100101001101011
1010100011000001111010000111101011111000001011110101001110111110
0010011011100000111011010101000000110100010010111001011111111111
1101000010001010110001001011100011000101100000110100011100000011
0000100110000101100001001010100010010001111100011111001000111011
1100100000000110011100111001010111011110100111011111001110000111
1010000100101110100111110010001100100111001111100100001101111001
0011111110111111011110100101111001110011100011010000001110000010
1010110001001101011000111110010010111110110101100101001010101011
1101000010011100010001000000010011101110000110011001101110110010
0110111001010101001100011110111011101001100111010111100001000100
0100110101111101100000110110010001110111010010011100000110100101
1000101100000000010010011100101101000011110011110011110011101101
0010101010111011101100000110011011001111011110101010100011001101
0000011000000011001110001101111010110000011100011000100001100101
1010100101001010100101101000001110101011010010101111110110111101
1010000111101010111101011000100001000000101110100100111110100000
0001001010011000011010010101111000011100001001101010001110101110
1110010011010100101010110010100010111011100110110110111110100110
