0010110110101001010001111111011111111010001000110001110101000000
0110001001010111111001110100000011111011111100111101000011011101
1010001100000111101100010000011111010101011110101011011001010010
0111111011111101110000011100100100010101001110101000010001010010
1110010011001000011110010001101101001010010111011001001001111110
1101010001100001110101100001010010010101100010011111011010100100
0100010001011110001010111001110101011100010000100010010110010101
0010110000100111110111011011010001011100100010110111000001011001
0100010100110000101111110000110011000011101000001111101101110011
0100001010010101001011111100111101010010011000011001010111111010
0100000000101110000011111001110001111001111101110011010001000000
0010111110000011010000001101011100000110111011100110110011010010
0110100111100001101101101100111001001110111111000000010000001000
1000110101111101000100011010110100101101011000101000000001111001
1001110110100100011101011010110001011001000100110110101111101110
0100101011110010101101111110101110001011111111101011111001001111
0001111100001111110001010101111110001000011000110000000011000000
0100010000101100001000111000101011100111111110100110101111101110
1001100101000110001101110000110100000000001100001011000100101111
0010111100101110110010011011001100000111011101000101010110010111
0100101001101010010111011011000010100111001101001011100101110101
1111011111100000110011001010101110111100010011100011010010110000
1100111110100100001000111010101010000001101011110100101110000100
1001001000100101101000001110110011011111011010101010001100011101
1010001111111101101110110110110000100110011101110001111110100011
0000101001111010011111010001110001111011111000011100110100000100
0101110100000110100110111100110111011100100010101100110100010100
1001100111101101101000101110011110001110101000111011010101111110
0110100000000100000101110001010011000010001000010010000011101101
0101101010100000011001111110001011010111100001001011110101111110
0011101001000111110100110100110111100011111000010100011100011101
0101010001110000111100100100011110100111111101101001111010010111
0110000100000101011000111011101111100010000001010010000011110111
0011110111100100010010001100001100110011001011010110010111000101
0001001001111001101000010001001000000011101000110111101000100101
1101110111010111010110110100001110100010101010100101000000101011
1101100010001101011001011001100101011011100101100011110001001011
1000110001011001000111101000110110001000011001001000001001000010
1011111011000100111100001011110110001010011101100000110111000101
0010101111110111100100001001111110101110100111100101001000101101
0010110111101110001110001100001001111010011111000000000001000100
0000110010110100011010001000111010111011101110111000101000000011
1010001010011101111101001000101101100001100110011111010100000100
0111110111111100100011110100111010110100111100101010110110101010
0101111011011100110000010110000110000010010001011011110001011000
0001110011001011000101001101010110001100010110010000000100101000
0010001010111010111010011111100000111100111011010000010011000110
0100010110011100011110010111010100000010101010111011001011000000
0100111000010011110001010001111010100111001011000000110100011000
1001011000110110110101100111110001110010110011010000110011100100
0100101111001000110100101111111100010100111001000001000101111000
1111100001011111111100100101101001101110111110000000010010100100
1101100110111010101010110110100001110001111010001101011100110101
1010111110001001110011000010111011111010011100001001011011001010
0001010000111100110111110110001100010111011000111110111111000001
1111001010001111001110010110110001110101110001110100000000111001
0111111100101101110010000000010010010110110011101001000001110010
1100001000101000011101101110001101010110110000111101110100001001
0010001000010000110000100110001010000010111000101011111100010001
0000101001001111001110101001110100001010111011010010111110010001
1110010011101100001011110010001000010100001110110001101001101011
1111000100100101110011100100101100111100101100010110011110111110
1011110010100110000110001010111011011111001111001110000011100101
0110101000001101100111110110111001001101000100010101101101100001
0001110110100110010111000101100001111110011110000001101100110110
1111011000010011101010001111011000000101010111010100001100110100
1100100111010100100100010010101101101111001000101010110101111011
0010001101011111011001011010011011100001011010111100110111001001
0111011011100110011100101010010011010000000101010101000101010100
1010000010111010001111101000111100011011101111111100001010100011
1100001000100110110101111111100101101100001001010111111001010110
1001011011111000000010101100111010001010001111001101110011001100
1110011110011001010110001111100011100011001101100111011100101001
1001110101010110100110100000011101010001001111101011101010100110
1110000110001010101000001110101110110111110011000011010100100100
1111000101011011000100111110010001010001111010010001111100111011
1001010010111110001100000001111001111011110011011010011011011010
1001110100101111101110111110100011111011110101000010100001111000
0001100101010111100010010101111110111100011101101101101000100100
1111110101011011101110010001110100110001000101011010000011101000
0101010011110010101111000111000110110111010111011101010100111111
0001110011011010110001000101101101100101001110100101001110000110
0101000010010110110010011110001011001010110011010111110010000110
0101110101001011111101000011011100011011101110110010110010000011
0010011001001000011100100100000011101101110100000100101011101101
0101111111110111100010011110101011111100100001110111101000110011
1000101110111001101110110000010001010010001111000100010110111011
1110101010111000100101001001001010000000110110110000101111000111
1100011101001110100000110101111010010010000001011100100011110111
0011010110001111001101010000001101101010110000011111101100010100
1100111111111010010101011000100111100101100011000110000001011000
0100010001000000010110011101111001110101001110101101101111101110
0011100100000010001111110110100010011011011000011001111000000110
1001001001101011101111011100101100111011001100101010011110001001
1000101101011100010101000010001100001111110101010010011100011011
1011001011000111110100010111000010011100010011101001011000111010
0010111011000100011101000101001100100110000001110010011100101011
1011001101010011011000000111011001100001011111010010110010111100
0110100001011100110101010110000010011111110110100010101011101110
0111010010011000011110110111100010000100010101101001100000010011
1000100110111010000010101111111100011001011110001001100100011001
0010100101000100110101101000010100001000110101110110010011011101
0111111100100010111010010001000110111100011010101100011101100100
1001100011110110000001001111111101010001100010110100011010011001
0110110100111100011010000011110111101101110001100110001110001000
1010001111101101010100001101100011100101000011100111000001010100
0100100000001101110000001101111100011100010111101101101000011111
1010101110100000110011111010001110111000001011100111000111011011
1000111110011101011010111111101011010100100110000101111010101101
1100101001000110111010100111011100111001010000010111010111001010
1111110000000011101000011101111000010011101011111001110000111111
1101111011001101000111000111010001101011011000000011101010110100
1001101010010011110010010101110110000010000011100100000011000111
0100000111111000001100101100000010011110011011101101011101001111
1011010001110100010111111011001110011011011010000100110011011001
0111011110110001010110010100101101110111010111111101000100110011
0111010111111111111100111110010001011100011010000101111100010000
1110100000111101101110001001000100101011101001101011111111010011
1101010101011100011010101110000000110011110111001001010110011100
1010000110000101000010010110111101100000110111011111111010100110
0010100111110101000000011011100011101001111110110010001100001100
0000111101101111111110000000110111001110000000101100000001010010
0110011111100010101111100001001001101111011111010010101110101101
0011100101011011111110000110101010110111011000000011101011101100
0011011100101110000001010000000010000110011011111010000000110011
1001011110111001010001011111011110111001000000111010000100000010
1101100100111101010110000010000000011010100101011110110000001000
0111110011011001010100110111101111110111001001011011110101001011
1011100000110001111010011000101100000101100100101001010101001111
0101101011110011100001110011101001111001010001000011001110000110
0101110100010000100010100111101100001011011110010000111111111110
1101010101110010110111010011000100001000111011010101001101100111
0110110111101000100100011010001101111010110000101011100111110111
0001111101011001100111111100010001001000101010000001000000111001
