1001010101000001011001010111111101100010110111100001110100111101
1010101000100101001111000110110000001101100111001101010101000100
0000111010010000010100011101101011000010010111101011000000110101
1100101111010011010101011111011010001110011110011001011101111010
1110100110101100110000000111001100011111111011111111011010000100
0001001000110101101001111111011010111010011100011000101111000000
1101000010100101110111111101011110001110001110100101001101001110
1011011110000111100000110000110000100010101010111000010011101010
1110101101111100110101110111100110111110011011000101111000101011
1100001001110001110001000000110010100011010100000111101010000011
0111011011110000111011101100011001010101101110111100100011011000
0111101000000101001100000110100001011101010001000100111001101110
0111101100100111101111111100110011000111011111001100111010010011
1111101010001111101011001111100010010101110001011010010101001001
1010001110001101010100010000110000011010001001111100111101110001
0000000110100100101000100101000111001010101100000000011011011101
0111111000010110000011000000011110111000111100010110110100010001
0011000101110110011010101101101001010110011110101001000000011000
1010111001000011011101011011100001110111000111100101101000011000
1011100110111000111010010010110011010010110111101011000001100100
1101100111110111101010000101100111110011000000000100111000000000
0001010001000001111110100110111111011000111000100001011010001001
1000001100001010101001110011101001000001010000001101001101011011
0110111001001011001111010010011010101101001010111111001000101000
0010001000010000111101010100001110011001111001100011100000101000
0001001100111010110010011100001010011010110010100110111010111111
0110111111100010110110100001000011001101110110110100111110111000
1111101000011100111001001000111000000111100011101100001000010001
1101111101101001101000000011110101111001001011000000101111111110
0001110111111000010001010111110110100000111001001000000111011110
0010100100111010011001101010010111110101000111111010001101100001
1011110011110101000000010001110001011100100100100101100100011010
1000100111111001010010000000001110000011011101111010011111000001
1100000100011001000101101110110011011100110110101111001010101001
1010110111101010101001011100101001000110001111001001110100011100
1000110100000000110101101100000000111110000010000011011001101111
1111010101011101110001100001011001100110100110011010110001001000
1011001010111111111110001010110001010100011111111001101101101110
0101101110100101110101110011010011000010001100110011001100010011
1101101000111001010100110001111001111000000101111011101010110101
0100010000101001000001011000001010110110000101101110101100100111
0111011111000111001101000001110101000101011001101111001110110010
1111010111110001000000010100111110001010000000101000000111101011
0010101111000000010000001011011110110000010111111001011110001111
0100001010010011101110001111110101111010000001101100010100001001
0011110100100101001010100110001110010110101010001000011111010110
1010010111001111101011011001111010010110111000011000110100011101
1110010101001000111000000010011001011000111010001001001010011110
0101001110001100100100001010110110010100010100011100010000101000
1111010110100111101100010000111001010110100000010110101000011010
0010000101011100110000101010010011101001100100000011010001010001
1000011110000011101000001000010111100000101001011011010000100011
1111001000000101000001000110101000100001101110010011111001110101
0001001000011110111100001011011100000111011110001001000001000010
0100010000111011110011001011111110101001011110110001000011100100
1000001000100110001110101011001011000101001011101000110110000011
0110000011101011101110110110111111101111100111001110110000101010
0000011111000111000111110001000011000111001001001100011010100000
0000000101101111010101110011101011110101001000110110100001000101
1001100101000000011100110100101100110001110101001110101010000101
1111101110110110101001100000100110111110000011111001010100100101
0000111110010111001101101111110010011101000000101111111010111010
1111111010011011110000000011101111101000010101001000011011110010
1111101010111111100011010110110110000110010111101111111111111010
0100100000110110110111110001010011010011110011100001001111110000
0011100101101101001101011010000010000101000100000110000110101000
1011110001110000111101001111111000011001001011010101111110101010
0010111101000100110100111100100101100100101101100111011101100111
1101001000111000010001100010110110101100110010001110001111100100
0011010110000101011110111110110100000011010000011100010100111101
1101001111111011110111010000011001010011001001110101001010010011
1001110110101000111001100110001001011101000011011111101101111001
1111010111101111101000100001001001101101110111100010011001101011
1001111001011011100001101111111111011001101101110011000010100001
1111111100001101111110001010100010000101101100110001101100011111
