0101011111000101010000101101000000000100011110000001111000000010
1011101110111010101101110111110111111001110111001011011000010100
0010010001101101111000111001001100100101110100100011010000110110
0001000101101111100001101111000111001110000000110010010111101100
1011001011110110010101000101111110010110000010010001101110110011
0000111001010111100110011101011100111011000011001101110100001011
1100010100011110101100001111001011110110011101000110100111101111
0011011010000110110110110000011110110001100100111000101100001111
1110011111101000100010000011100010011001111000011111001110010010
1000111010011111011011000101001110011011001100011100001011110001
1100110111111001100010000010100000001110010111010001101001010000
0101110011111011101000101101011000110111110011100011100010000100
0100011011000011011011011011110011000010110110110011000011011111
1100000111100111100011110010011010011110101000010011001000000010
0011010010111010001100100010000011100111000011111001010010010010
1010110000110010000111110111010110011101001011010011010001010010
1010000110100100001100000010010000001100001100101110001010010001
0110011011101110101101101010011000010001101100111111011011100111
0110110111110011110110101000101101110111000011111010010111100001
1011010011110000011111100101111011110110011111100100011111100010
0100011011101000010010011100001111111110011110100110111010111000
0101000001011110011011010001100011100000101000000000100100100011
1000000011010010110001011110101001111001101000000111111100000011
1110011111101111100101111100001100100011110100011111000100111000
0100000000100110000100101000011111110101101101110100000100010001
0100010011010110010010000110001110111111001101010010010001001001
1010101100111001011000011011111000010100101011000010011001101010
1100010011001011101101111101011000100010100011111100001010100000
1100011100001010111010100110100111101110011010010110001001111110
1000100010100001011001110001001100010011000011010001000100010011
0011101000010010010110000110100000100100001010110100111110101111
1100110011000100100110101010001000110010111010110110101111001110
0100010111100100111111000100110110000110111011100010011010111110
0010011011000000110010110101011111111001011101010010101011011010
0110110001110111110000110110100011000011010010101110101110011001
1110010110101110011001010111110101100010100101011010000100111110
1001111011000100110110000110011110111100101100011000010000010000
1110010111110111111110111100001110111100111100010100110110101101
0100001010110111110011000011011011110000101111000011100000101001
1011100111100110101000001010011101100000110111100000101011011000
1110000010000101010000001111001001011110010111001010100000001100
0101011001100000000000110010110110101011001101101101000011111100
0110010110011111010101111110001001110010111101101011100011011010
0110011011000110110101110101011010101101000001110100010100000010
1000001100001010001011110011111010110110000010001001010001111010
1000111101010111001100111100001000111010110011010001010011111000
1001010111111111110101011010111110000000001000101010011100100011
1000011100111011110111001110010011100000001001111010011010100100
1101010001101011100011111110001010011110000001110011001001011100
0111100100000100011011010010101111000001101010100110011111001101
1000010100101100011101101010111111010110110100010000101011000101
0011111011101101001011010110111000011110111110000110000001101000
1001001000011101111001111011110100111001001100100111100001110100
0101000100110100101101010010111000011001100111110011011100000101
0101101111011110100010011000100110010101101100001100001010010111
0010001000010111101010101001010111001001111001011011001101110000
1010001010010101001010000100010101101100100010001101010001100011
0011111010100001011000110011001101110101011110101100101100110100
0101000001110101101100111110001000110010010101111000000010011101
0100101100101010101101101001100000100010110100111101101001110001
1011101111111100100110110010001000101001101010000100101000101001
0001010110110101000000010110110110001010001001010111100101110011
0011101110001000100111010111011100011011100110010110011011110100
0001010010000011001000001110011010011000111101110011110100100101
0101001000101110001001010001010001100101110001001100000111101011
1110000111010111111100001010110101111000000011101001000011010000
1011100110001010000000001111010101110111010101111001111011011010
0000110010111011010111011111011110010110101110001000110011110001
1011011011000010010010111001011101010010011011000001110011100000
0011010000111101111011111011011010100010101000000110001010101110
1111011111011101011001011011011001110011001110011100101010011001
0010110100111111000001110111111010101001001010110010011110101001
1000111000011111001010000000011101000011110110110110111000110111
0011101011001001000110100100001011001111110011010000101010011001
0001100001000111111110010100111000110010001110110000110101010110
1010001010101001011111110001100010001011110101111010100001110100
0011000001000001010100010000100110111101111110110111010000111110
1001111100001010010111000000101101011110100111100010001011001011
1011001010001010110010111101111110110010111000101100000001111100
0010001100111011111110011101010010000101001000101000011000111000
0001110110000110110000111000010010000110101100000110101011110001
1000011010110100001001111100010011001001010101001111111001100001
0111001110110010011010000011101101011100011010000111100101101110
0111111011110010110010110110000101010101011101010011010101011010
1110101000100011100011000001101100010110100101011011010010010101
0000000101110111001011000110101010110101001010110000101000001110
0101000010011111111111010000001010001000110111010110101101001001
0011110010001100010100111011100011001101000010110101100000010000
1000001100000100000011000000000101111111110010001001010111100110
0001100001011101010011011111011101000111100110000001001010000101
0111100010011001000110101111001110001111111011101110110000010110
1101110000010011011011000100000011100101101111000110010110100100
0010101001010101011000001000101101011001011010010000010010110001
1000000101100101001100100011011110100101001110100010100110101001
0001010010101011101000000101010001001111001011001101011100111010
0010110001111010111000111010110000001110100111010101111100000001
1011111101100001011111110011001010010100010011011111111110001101
1110001100101100010100101111101101000101101000100001100100110101
0110110100011001110110011010000001101101001101001001110010010010
1110000000001010100100111010111101010111010101011000010110000001
1010111111000011011000011001110110111000111100101110011010010111
0111110101000100111010111110111001111010100101011010000011101111
0011011100100110110101010010101010010100110010110000000100101100
0010010000011010011000111000000001110100110100010000011111110100
1010011011100010100100010111100111111100111010001100000100011000
1100010111001100110000011110000011001111110111100001111001001111
1110001100010010000111111111100001100110001001011110110001001010
0001110101001101010001011101011100110000000110101000001111101101
