1111101100100111110011010101111001111101000001100010111001011000
1010110100110100010101101110001111100101011010110000000001010001
0001100011110010011000010010110100111001100010101111111101110011
0011101000000001101111111001110000011011100100111001100110101000
1001000011101111011000000010110011100111110111101100011110101110
0100100101011110011110010100000101001111000011001111101001111000
0101000100001111111011010111110100001010110111100100000111100100
0110000101000010011001001000001110101000100010101011111011101100
0000011010100110110100000110101010011110000111110011010000001110
1101000101001110111101101000011100000101100101000011001011100011
0011100011111100100110001100010110101001011100100011111001010000
1011100111011010101000110010111110010100010100000010011011010101
1000100010001010100000111011110000001110111000110000111001101001
1011001010001011110111000101001001101001100100110100111111100001
0001010100101100011010111101011110111110101010001101001101010000
1110101000000100000111101010100011011110100110111101011110010011
1100000000001111000101010110101010101011000001110011000001111100
0110010010000101011110010001110100110100011111000011010100001111
0001101011010001000101011001111010110111000101101100000000111010
0100111111011000010001000111011000101010010011111011000001011101
1100001000111001000110000010100101010110011001110000000010010111
0111111000100000000001100110100101000110100001100100000010011010
1000010111001001011011001000101110100001011010001011100101101111
0101111011010101010011000011001111111101111111000001111110100001
1011011000101010011110011100101001011111101101110011000101010111
0000101101100011011001001011010001010011101001111000000110101100
1110011111001110100001010010110100010110101100101111011011011110
0111100001000101000000001101110111000100111010110111000001111001
0011000100100000110111100101101111000010111101011110001110111000
1010011010001000001110000011000001011110101110011010110101101111
1000010111011010011100011011111100000111011101001100111111110011
0101111010101101100101001010001100000100100010110101001110110100
0001111001111000101101101010000001111011000100101101111111000010
0100100000011000111101100100101000101000001001010110100100110010
1000001101100011000001101000111111001110101001100110011100110000
0011111001010111101111100011000011110111110000010110000000100000
0001010001001101010010110101001111101000011110011100111000010011
1011010110010010001000011011011011111010000110111111011000000001
0001111010110100100101110000100110100011110001111001101111100001
0001001100011101000111111011000000110000000000010001011111111000
1011011000110011001100011110100011110110111000001001100010101100
0111010100000001001111001101000110000111011110111000001111110001
0111101100101100100010000010011000001100110010100101111110000010
0100010001111010110000010100111000111111000011010010010001001000
0011101010011001011000111011100111111010010110111110011111110011
0101000100100111010101110010010101011100010100001100001110000011
1000010001001010100101111001100100101110100101111101100000111111
1110101110011110101001011000100111010110010101001011011011111001
0011010000100101011000110100000101011010001110101000101000101101
0110110011010100110000111111000001000111111101101011101110110000
1111101100010101110001110011001000101010110111101001110010011100
0101010101110011001110100101001101011001001010100100011010100101
1010011111010001001001101101110111100000011010100111001110000001
0100101110001111110011100010001000001000100110101100100010011001
1000111000001111011100111101010100111100000101010111000000010001
0000111000110001101111001101110110101010011001111100001000010000
1101001001101101001110110110111111011010000001111001111100100001
0100100000101010100110100011000001101110000011110010100000011010
1000011011110001111000001010011100001110110111101110001101000010
0011101000010101101111011111001011101000110010000101110110110101
1010111111101000110110110010100001011010011101001001011111001100
1011110000000110010001010010000110101101111101110001100110001000
1000011011010011010001111101100101001100110011100011100110101101
1000101110101101001101000001010110001001010100010011110000100010
1111001011111101010001011101101001000100100111100101100111100111
0111111000101000011011011001100010111101010001001011111001000101
0011110001101111111100011010100001100011001011010001111011100111
1010110010110111000011101100010000110111100101011000000011101001
0111110010110111011010000110101010001101111011101100011101001101
1011011010000000101010001011111110110110010001100101011110000000
1001111011011010011110101001011001100001100100101110001100101011
1110001101101111011011111011110001011101111101100110001101101000
0110100010011001010111101010111111110100111110111010101101001111
0101010110100000101001100110010111011101110111010010010100100010
0100110100100010001101100100100011011001101001010110110001101000
1011100000010101111110100100010100010110110110101000010010011111
0101101111110100010000011010100001100001010101110110101011001111
1111011110111101101001111001010110100000101110011111100100101001
1011110101011001000011010101111011011101111100100101111011101011
1011001110111100101101010001110011110001000111111011101111100110
1101000100100001110011100100011000001000011011110110100001000110
1001100001100010000111110111000000111110011101110011110001000100
1111010101010100100101110001101110010001001000011000011000010111
1001101101010110101101011101011011100110011011100001101111010011
1101001000010100100001111000001101100010010001111000011110011011
0111111100001110010011000000000000111110111000001101011010110110
1000011000001001101000101010010010100000000010001110001010010101
0111000111101000101111011111001111110001011100011001000000101111
1001001101101110101001111010101110101101110000001001001110111000
1010101111011000101011001110000110000001010101101001011101101110
0000011110111000111000111000110011100101010100101101100110101001
1000101111010010001111110011000100111001111111111101000111101101
0101001010100111101101000110101111001110100100111001011010101010
1110000100010011010101101000010100110101100000011110101111110011
0100100000011110000100010011101001010001010010101001000111100011
1110100010111110110010011110101001101111011100110111010100010001
1010101001010101101011001101100110100000111010001001011100010110
1111010010001100001111110101101001000101010101000010001010110011
1000011000101101110111101011110000011101111000011110100000101010
0000100100001001001111110010100001111110110111011011010101100000
0011001001111101110111000010010010011110100110011110011001101010
0110101111000001010100110110101101100000011110100000010100000000
0010100101101001110100011001011000001001000110010100011101101001
