1101010101111110011000110000110010100100001110010010101110100101
1100110011101101010110101110001111001101011010110100010010011011
1011111101101000001111011001010110101010001101110110110001110111
1110000100111000111001000000100110011001001101011110101101110010
0100110101101100010001111010110000111010100000110010101111101000
1011001111110011011100011000110110111110101000111010111011110010
1000000010000111011010101111110111110100011101000011111010100011
1110010011011100001100000011010001001111001100001100101010011001
0010000011011010001101001010011111111101011110001111100100000111
0100010000000000011011111110001000000110110111011101110010000101
0011110000010111100011111110001001101000011011011000111001110001
1111001000001111111010111100111000100100010110101001111010110001
1111001101010001111001011110100111101100001011001000000111101010
1001010101000001001001010111010101110101011011010010110000000110
1100100001000000110010111011000100011001010000011110101000101111
1001001010010101011111001001000010100010010111000100000111101010
1110100010011100110110011010111100101100111110100001100111101000
0110001000011010111111111000011011100011110010000100010001000100
1001110010101111001000101100000011011000101101010100110011111011
1010100011000111011110010100000100001000001001111000101110101111
0111001010101100011011010101101010001110110010101111000111101101
1100011101010111000001110101100010011011100011101110001101100001
0001101001001111000011011011001100010111100111111000011011100011
0001111001010100011111100101111000000101101100111101000011111111
1000100110101001101101111110101001111101111100011101100101110111
0011011101001010000011000101011011100110100101100001110001111101
1101101000101101011010000110100100011001111111011000000001011111
1001011100011010111110011000100111000010101111010111000101110101
0101000010101000001100011100100101111101010000011110011000111001
0100111110110101001011110000011001101011100100110110100111000101
0010011000100101110011110111111110010111100101110110110011110001
1001000110010111100101011111001000001100000000001111110101011001
1011111111110011100100101010011011001101101100110100011001000000
0000100100111111001011001000111000011010000010110111111011011010
1111010010001010001110001100001011011101111101010011101110101010
1111001000011011100000111010010100111101001111110100010010101101
1110000111100101110100100100001110000000010101010101101110101100
1000110111010011001000010101101010011000011010101111010000110111
1101110111000011111101011101101101011100110001111110010011100010
0011011011011011000101001111011011010000000001000001001110001110
1010110111000111111110110100000100111001101101101011010111101111
0101101010011011001000100110101100110110011111011101000111101100
1100000111101110011111011001110011011001001000100111100100111110
0101110001111111110010100000011010100111101110111111010111110011
0001010011101000110100001011000011110111111001001110001010110001
1100101111010010010101110101010111001101000100100110011100010001
1111011000000000110110100100111000100011011100000010000111001011
1101001000000010100001001001100110011101100001111101100110010010
1000000100110100001001010110111100111111010100110111011110011110
1010010011110001110110100100101100001110100110000101000011110101
0000101001110110010011011011100100011011111010010011101100011000
0100111011000010111000001000001001001011111001110100100001011101
0111011100000001100111011000000001010011000001100111101100010101
0000110000011101000000010001111010010111101110011100110111011101
1110001000001010110010001010011000110101001011010110111100101001
1100010011010101100010111001000000011101100001001110001010110011
1101111101001101010111100000000001011100100001111101101101111110
