0011000111111001101010001110111111000100111011011000110001110111
0111010111101100111100111000010011011100011111010001011111000101
1111110000000110101101010110100010111101111010101111111100101000
1011100001011010011011110001001101110101010110000000101101101011
0101001111110101100000101010110001001010111111010001100100101100
0000011010010110010011010111011001110100000001110100100100110110
1011011101101000001111101111000010001010100101001111100101101011
0110110010111100101001010111101000111011010111100111010010010100
1100101010110000100100000101111010110010000001000010010101000100
1100011011001101000100110110000001101010001110001001111100001001
1110100001011111010001001000011111010000110111101101110101101110
1110011010111011110000001110100000110100011101111111010010010110
0000111101100111101001001100011101110001101110010010011010101100
1001100001111111100110000111101000111101100000011001001101000100
1111100001010001001100010011101110110111001100111000001101110101
0011100100011011110100010100010000101111110011111111011110010001
1010110001111100110011101111000011111100010011011000000100101110
0001111110001011100001110000100000100110010011000001010011000100
0100010000100011010011111010100001010101100001001010101001000011
1111011101010001011011110010101111100100001100000000001000101010
0110101110010001110011111010101100100011001001111110000101011111
1000001010100110111101110101111011010011010111111011111110110011
0001001101100000101111110000001011111110100101110101111110111000
0001111110111100010011000110001010001101000100101001110011001000
0000011100000010010101110011010100100110111011001010010001110100
0011101010001011010011000101000100101000111110111111110100101101
0001111100100110011001000111110101100111001011011000001010101000
0100100000100011000001110101010010110101011101100001110000001010
1000111111100000010111001010000100011001000001100011000001001001
1100100001110010011000111110001101111001001100000011110111111000
1000011100001000001011001100000111001001111000000011111000010110
1011011000000100111111011011110111010111001001001000101001101010
1011010111110011001111110000100111100100011011001111010011101111
0010010000101000001001011100010010111010111011001000010110101010
0001110111110001010101000101000010110101111011001000001111010001
1111101000000100001000111110001111110011101001111010101011101000
0111101110100000101110101000100011011000010110111111101001000111
1101010011010001001000010111100001100000001111110000111111101101
0001100011111111001001001110011000111111100001101000100001010101
1001001101101011010000110011100100000010001100011101101011100001
1111100110101110100101110011101000011001010000011100010111000111
0111001101001011011101101100110001001010011011101001011001110101
1100100000101001110010100111101001000110100010011110011111010100
1011101101001101101101110010100000110010011111011001011011001110
0100111001001111011001000011011000000000100011101101000100000110
0101101011001001101100010011111010011011000101111000110101001010
0111010010011000010100001110100101111110001001000101110100000000
1000100011110011111111011100010010100001110001100000001100011001
1001100001001100111011010101011001101000011110001111111111101111
1101100110100011100000111001001011110000001101010111011110000111
1101000000100101100100001000011101001011011100110111101100100111
1010111101010011110010100010010110101111000000100110001010110001
1111101110101101000111000010110101010011100010001111010100011111
0000111011001110111101010110001111101111010011010101100010100100
1111010110010100000000100110111001101101100101101110011001111100
1011011000011111100110110110100101011011100010000111001011110010
1110010011011110101001011100000110110010010010011100010111100000
0001101110011100000110111000111101110100001101101000001111101001
0000001111000110010101100010010001110111110100100101110100010000
0011100110011100001110000011110110100000000110110101111001000010
1000000010001010111001011100100101111111001001101110010001101100
1010011001001011010010010111100111000100000101010110111000001010
1110110110110101010000110011101101110100101111001010110111010110
0111101001100001011110100010111010100110001101001010001111110000
0010011000111100011001110001101100000100001111101111110101011010
0100000011111100110010001011100000111110101010111000111110111100
1110111001110011000011111110001110101000111110110101100101110101
0010110000101000110011100110011101100101110011110111000111001111
0111111011100111111111011001100011111000001001100000000010110111
0010010011100011011010011011011011110100010111010001001000011011
0110100010000011000111101110100110110100111110001010000011100011
0101101100101111100110010101110101101111011011000001001111110001
1010011111001001101011110111100001111100111100010101011011110010
0010001111110101111101110001100001111110111111011000011111101110
0111101111111011011011111000000000110000001010110111011001011001
0100100001110011101011101111011001101001100100010110010100111011
1000110011101010110001010010110100001011100001111111100000000011
0110011110001001101101010110100100011010110110001001111101011111
1000000000111101111101111101110001010011100000000011000110101100
1111010110110100110001011000001101010110111001110100100101010110
0111110110101111010000011110110101111001000011100001001010101101
1111010101100110000011110100110011001001110100100001100010100010
0000001100100111000001010111101000111110001110100010100011001101
0111000000110101111100000011010100100100110111011100000101111011
0000011000001001101010111011011110111011100101100000110111101011
1000010000010101111011101111110010001011100011010010101011101101
0000011100101110000000110010011101010110001101011010011100000111
0010100100110100011100111111010101000100101010110010111100111110
1000001111111100101000001000001000100110000101111000111110001111
1011010100110111101101010010010100111101010011111111001011010011
0001100011000100110010110000101110000101000001001001000000100001
1100101100001011101101000011101011100111001101111001000100101011
1110101110110110110101011011100010111001100111010001101001100110
1101011010010111000110111011101111001101000010100001000110100110
0110000000011001010111100000000001011011000101001110001110001000
0100111111101001101010101000111001000111010100000101011010011010
1111100010000111110001100001100000111000100000011011001101011001
1100101111001010001011010111010001010011011001001010101100001011
0000000101001100101111110111100011100111000000011101001011111111
1011010000101111111100100110000101101100101011101011010011010000
1101010010100001100011010011011011110000010011111000011111101001
1100011011101111111010100010101011010001010001110011001100110101
0101010101010101101010101010111100111110010010001001010110011001
1100000110111001101010111010010001000000110011100000101011001001
0000111111011111011100011001001011010000001100011101111110000111
0100111110011010011010111101110100010110110101011111001001001011
1100101011011010110100010111100000001100111000010010111111000001
0100101110111110100111110000010001101101000000111001000100110011
0001110111101001000001011000000011110111010010001000110001001000
1111011111110111101011011010010011011000101101111000100101101110
0110001111001000010011001011101101111101011011011100110001101001
0110000110000011000001111100001010011101110001001100010010000001
0011011001010001100101111001000100101100011001100001111010100000
1000011111011000001000111010010111111000000100000101000010001100
0100011011100011011110110111001111100000010011001011101011000110
1101010001110100000110111010100100000000000010010111100110010111
1011001001011001111000010011001100100110111100011000111100110010
0001111110100110111101010110110000111010001101010011100101011100
1000101001001011001000111101111111100011000010000000110110101000
1111110010110110001100000111110011011110111100100001000111000011
0000110001010011000101101011011001110111110100100011101101001100
0011110010110111110101010111010000011101100001101000000010000110
0111101000011101100011011011010000000100111010011011100100010111
1110101101111010010100001100111101100000001101110101000110000110
0000000101101010011000000010011011100000001000100010011011001110
0100101111100000000001010011111110010001110100111010110001001000
0010001000010001010101000000100010111001000100111000110010111110
1111010101010100110111111110110101110101010101111010000000010111
0011111001000001110001111000111111110001000110101101000001011110
1000111011100101011111000101011000100110000101101110001100000000
0100001011110000101000010010110011100011000101000011101101000000
