0001111111100100100000110111110001001101111100111100110010000100
0111110000111111100111011100010001000101101000101010000100000110
1010100111110011101011110110001011001010011011010000101000110110
1001010101110001101101000101011110010101101010000110000000111011
1100100111111000101101010111100011110001010001110101101011000101
1111011000001110110011001011110000011001001100111101111110010000
1100001000000100100111000101000010001011101101011110101111101100
0000010100100000000100000010000011101001001110011101011000101101
1001011010010111101010000011001001001100001000011000101001000111
0101101011100000111101010001110100011000101001000100001000111110
0101001101110100011111110001000110000000110001110010100000110000
1000110110001101000011001111000110010000100111001001101000100000
1011001010010101000000100110101000011110000111010000010001000110
0111101011001001100101011000001100000111111100000010010000011011
0111101010010110110101001011110010101101101110001001001000100100
1000111110100111010100101111111101010000101011011010010101110011
0010111111110010011100001101010110111101101111011100010111101010
0000101010000111110111011000000101100010001010001100100101101100
1001000001010101100111100011011101011101100000110100010110110110
1010111101110000111111100010111000000010111110101001110110001101
1001001111101000000101000000111101111000100010100001001000001000
0001111100111101010111101010010101000111100101011101101010001000
1010000101111011000000100001100001111011100000110011111110010000
0100000110100001100101011001111001111000111101101100101001101001
0100101111100110110111110000101001101010100011011010001001110011
0010000101001100011100100111101111001100100001010010100111100011
1000011010100011000000000011100001010011001100100100000111100101
0110110101111100101100011011100010101110101011111001010010111111
1000010111000100110011101111101001011001010110011100101001000111
0011000001010010100111101001110110000110001001011111100110101001
1000000110100101100100010001110101111101011001001101001011100000
1001000001001101011100001010110010010001000110000100110111101010
0010010011111111010111111100100101110000101101111001000111001000
0000000001101111101111010010010110000110111011010110111111000011
1111010001110101011110010011101001000001001100010110001101001110
0110111010101001000011111100111111101100001011111011010010101101
1110001100010101001100110111110001111110000010010100110100000111
1011011010001010100010101000110010011001111100000110101101101001
0000100000110000011011010110100111101110000010101000110110100000
0010011011111111001100111111010001011111110000100111001010110100
1011101100001011001100000001000011010110101111100101011110111000
1011011011011011100110011100001100111100001101111101110001001000
1011101010010010000101011100000100011100100101011100101111000111
0001110000011010110011101111101100110111111111001110001110000100
0000101111010111111111010101101001001010111111001001011101100110
0010101011100101111110101011111010001110000011110010111101111100
1101110100010111011001010110011101111001011011101010110010010001
0100000111100111111101011010111001110010111100101001001011011101
1110110011110101000010100000001011010100111001010001110100110111
1100100100011010011001111000110100101000110110001111000000110100
0111101110000100111101110101101001010101111011111100000101101000
1010101101100111010101001110111011011001100011111101110010111001
1111110110011000110010000001000001001101001000011011010000100000
0111000101000010010001010111101001010011010100111010010101110000
0001100010011110111001011110011001111000111100010100011100101110
0000111011110100011001000011101011011100011111110100100110100001
1011011110111101110110100111010000010111000011001001100010010101
1101011011011011111000101111111000010000110010100001100111111100
1001001000010111101010111110000010110100000101101010101001000111
1110110110001100001000001001010010000111010100010100011001111110
0000011011111011110101001000001101111001100000001100010010110101
1101011111011010100100110010011001001011100111101011110101001111
0111000100000010011101001100100000010101111100001110110000110000
0111111010010111110000111011011000011100101101000011010111000111
1101010110010110101000110110000000101101000111001010011011000111
1000111001001000000001101110110100001111101101101111100011010000
0110000111010110111111011001011010100000111000011001000110101111
1111110111011111010110111101100001001111011111101100110100110001
0100011110001001101000010101011101000011101111001000110111101110
1010011001011011110011101010010000110100101011110001110011110100
1010011000110011100010011100000011000101011110011101110111101101
1011100111010011000000000110101111000101101111101100111011100111
0111010111111101000110000111110110110110101100100000000010110011
1000000001110100100000101001001010000100010100110000001110011111
1011111111010000111010111001100001110110000100110110111000111001
1110100100100100011010011111100001011101001010111011010100110101
0110000010011100110010011011011011000011100000110100011101111011
0110001101100110100101010110111101000111101111101100011010010110
0100111010101010111100111100110010010111000011000000000100110101
0001001101000101000000000010110001000011111011000011110111011111
0010111010101110001011001010101101111010010010000010010110000011
1101011001100110001101100101101100000100000011110101100101111100
1010100100111101111000000000000111110111011100111111011011111010
1100010011101011101101111011011100100110011101111110011001010101
1110111011000000010011011101011110110001011011010010100011101010
1010010111110001011000000000111101000001000000001100000011001111
1100101000011010001000110011101100010000101111111010111110000101
1000100010110000000111111101001110111001111111111110001011000000
1001100010011001011110010001111001011101010110101110111001100110
0100001010000010100011110101000010111100111000101111001110010000
1000000101101100010000110110111011001000110100111000101101101000
1101101110100011100111010011001101001010110100110000010000110101
0011110111101111101100001001110010101100100010011010001000111011
0100101111110010101001011010010100001100100010111010010011111000
1010000100001011011100100110010100111000111111000110010101111101
0001000101011010111111100000001110100101111011000100110100001010
0111100111011100111110110111100101000011101111000100001100110100
1001011111011010111110100010101111001000011110101001100100000111
0111010000111111001000110100101011110011100010101100011100000101
0010111010111011001110100010110010111000010101010010111101110001
1001000111100100011000010000001011101010101010111101111101001001
1101111011100111101001111110011010100110101111111011000011110001
1001010111011011011101001010001110000001111010111000100110110100
1011101110010010101100010100000010101111001100101100111110101101
1000001100111100111011100011101101000010001011000100110100100001
0000110111001011101110101000110010000010101110101001000001111010
1000010111010110010001110000000010000001001111011011110101110110
1011011110000011110011001011110010000011100011111001110111010010
0001001101101110010111101011101111001101001011011001111101111110
1011101101100011010110001100010111111000001100011100010001101100
1010001111000001001110111001000110000001011101010011111111010000
0110101000000011011110101111011111011101101000001101000111010010
0000001100101000100000111111001101011111111010100000101011001010
1101111010110000110011001111111001101101010110101001101000100011
1100011000010000010110010110010001001010111011101101110100010111
0000011111000001001100111001100001000011110111001001110001111010
1100010001011101101111101010010110101001110110010001101000011111
0001000100001100010111110001100101000011000101010000101101000100
1100101000100011000100010011110110000001100001111001001001110011
0111001110011001000100011101101010011101000101001101100000110101
1001101111111110000001111100110001011011001011100111111001110011
0000000001000011100000011111110110101000101111010011010001001110
1010011001011111001101110100101011011011010011001010011110111100
0110010100111110000111100110101011011100011100111000011111011010
0111011001111001001000010101101001111100010010110101010000011000
0011010011111001110000101011000111100100010011001101111111110010
0011011101011101001011101100010110000001110101101011110001111010
0100101010010001011111100010100010111000000011100101000010011001
0101010111011110010110111100010100010001100111110111110000101001
0110001001011101000110101110101000110011000001100010101001001001
1010111001000010111001011111000100100100101001001011110111010001
