0110101101111100001010111010011010100010011111110011000010010100
1110001001101011001100010011010010100100010111000100100111001110
0000110010100000110011111000100011101000111110011011101101011101
1100010011101110101101001011110001110110010110100100111111000110
1110000000010110101110101101101010100010111001001011001100010000
0010100000011000100011100100110111010010001011010111111101000001
0100010001110110111111110101110011010010011000001001110111101011
0111001100011100110101111101111001101001011001110101010001110111
1110011111101100010110101101111001100000010110111101111100111111
1100100111000011100001111001000000100010101101000100110100101100
1100100010001101011000011010111001001000111001000101001100010110
0001011000111100000100101111110011111100000010001011111000110110
0110110001000110001011100110111000000110000101101111001010101100
1101110100001111000010011001110011001101000010010010100010010110
0101101001001100011011101011011100100101110011000000001110011010
1001101010011011110101111100001010101110101110011010111110000111
0000110001010111101111001101110001011000010110000100001010100001
0111000011010100101011001011101000110101100000001101001000100111
1110100011010111010011100011010011111111111001011111100111001000
1101001101111000110100010100111000100111000111010010011110110110
1110010101011000000101111000110010011100000000111111100011010111
0110101011101011111010001001001101010111111111101011000100100010
1110010110000011000101111111001011001110110101110111011100011010
0011110110001100111111101000011100111110000010000001110101101000
0000011000001011000110011011101000111110111110101001110111011110
1000011110010001010001100110010011101011011011000110001000000111
1100100011010011010111000110110000011001111101100011101001000101
1011000100100101101000110100101111000101000101001010100101011010
0110011010000010000001001100000100000111111101000110011011001101
1011001001101101100101100110101010111011011100010011001110110000
0110011111001011101110010010011100000111001110111011101110011011
1101000100001000101010000000001010111111010101101101101101110101
1110000010001110010101001011000011010010111011111110010110011000
0010100111011100110110001100010110000100101010001000110001100001
1000111101000100110000101000001110000011111011011110100111100110
1010011001000110010011011110111011100110110111011011010100110101
1110011101010101000101100011001011101101110000000011110110011000
0101001111111010010111000111000101010110111011101011000001111100
0111111100111111100101100011111010010001101001101000011111110000
0111010001110101110000111001011110010111110011110111000101011101
1000011011110000100000011110101011101100010011100110001110100110
0010010111010011111011011111001110110101011001001000100101100010
1100011000010111010101111111100111010100110001000001000100111010
0001110110100110011100110011000100011010001001110010111110000001
1111000010010100000110000011100110101101101011011010111001001001
0000101101101100001010001111101110001101110101101011111110000101
1010110101000101011110110010010110001101101011011011000111110110
0101101101110000000110000101011010111101000101100010000011001111
1110100001100000111010011101100010100100100001110101010011000100
0000001010100010000011100000101101111000011111001000110010100110
0100111010101001110001001001001100000010011010100100111011000110
0110001111010101110110011001010110010010101101000110010110111001
1010010111111100010100111001011100011100010101111010111100110001
1100110110000101011100000111000111100011010111100011110000010010
0010101111010001110011111010110110110111001000011111111111000010
0101000000111011001100110110000010000101010110001111011101101001
0111001111001111010110100101010111010010111110110100110100110111
0000000010111101110010011000101001101101011010010101101011110100
0000011001011101101111001010100010100000000100001101011110100100
0111011100110101011001011000101001100111001100011011111010010101
1000101110100001100011111010001100011100010101111000101100000011
1001010101110011000011010111110101001011111011011110001010101000
0110000111110101111101111110001001000100000001000110110000001110
0011110111011001011100001000000011010001100010010000000011111000
1110100111010000010100111010101010010100010110100101001110000111
1100110001110011110011010101101000100110011001011010000011001001
0111000100011011010101101000110011111000100110101010110011110111
0000001111110001010011100010011011101011111101100001010011010110
1001010101101111110001111101010011110101001101111101111000110000
0001111110010010001011111110001011010110011011100111011011011001
0101010111111101111010100110011110100101000000010000111001010111
1110010101011111100000010000000101100100001100001110101000000111
1011110100100011111010000100110000100000111100001110110010000111
0101110100001101111100101010101101001010010101011110100100001011
1101101001000101100101001000111000100100010101111010101100101001
1010010100000011111100010010101001011100111010110010011110101101
0000101001100010111000101111110010011100000111110101001001011101
1100100110000111110010100011101101001111000000001010101001010110
1100001111101011110101001100111000011000011000101011110001010011
1001110001101010101111110100101011000110110001000011000000111011
1101010101000000010011000000111110110101001011011111101001001001
1110000011000101010011101000100011000101100100111110100100100000
1101110000111110110000011001111100011010111100110110010101111101
1101101101001001111100001000101101110010000111000011000001100000
