0110000011101011011010010100110100111001000111110110011011011111
1110101111110001011000101111001011101011000011101101100010001011
1101001111101111110111100100000101101111010001001011011000111110
1011100111011101010010011101111110111110000000101010110001100111
1000001001011111111000110001101110101011001111001111011011111100
0100010110001100000000010100001111011011011101100001100011011010
1010110010101000110000001000110011000110001101011000111001001100
0010001101000110110010010111000111111000110000100001101110111101
0010001001010000111000101100010111010111100001001101111100101100
0001110010100001001101111011000000100111011001110010100011010111
1010110010000100101111000111010010011011110100010111000100001111
1011111110111001110110011100110110110001010100000000110000000001
0010100001000101000000101001111111011110011101111000111101010110
0001010100110010010010001110011010011101000000101000000110111100
0000101101100011111011011010110001111101101100101011111100001100
0010101111001001110110010101101111110110011000010101011101111001
1101110010101001010011001111010111110110110000101111010000101010
0000011101111010000010000001011111100000111100000000011100100001
0000100110111100111110111000000000011010001110000101010111111011
0110001010111010010110000000110001011111000010011000111100000100
0001110011000011110101011000110011011101010110100100001101110001
0100110000110111110110101001110111101010001000110110000010001011
1000110110011011000100001011110000010110101000110100000110101111
0111100111110000001100111101001111111111100001011000001010000100
1100010111010010010100101010100100100100111110000011011111101000
0000000111101110101010010110111011111100001111010100000010110111
0101000111110110010011011111000011010000110111110001010111010011
1110011111111100000111111010101111001001010101101001011011100111
1010100111111100111111000111011010001000100010010011001100010111
0000001000111110010010110101111011111111011000101001100010111100
1110000111010001001100001111110011101100101111101010001001101100
0101110111001010100110111100001010110110010010111100011111100111
1101000100100111101101110100010011100011110111011000111000101110
1000111111100000011001111000011001000011100101101000010100010000
1111010001111110100100011010010010010011000001011101010000110110
1101001000100110100010111001100001000101100000101111001100111110
1111001111010011110001110110101010011011101101111101101000110010
0100100101110001111111111111111100100001010011111111001010000001
1000010101000010111010010101011101111101110110111110010010001101
1011100001101011111101110010111100000100000101010111010000101001
0110000010011000000100011011011001111100010110100110111011111010
0111000101010010000010110000000001011000011101100010110101110010
0110000011011000000101001000000110011110100010011010000001011011
0000000100101100100001111001011101111011011011100000111011110011
1101000100110111110010111010110101110111101001010111101011101110
1111001011010100001010000010011111100000010110110100011000101101
