1000100011011010011001110000111001000111111000011010010000110101
0101010010100101010111110000001011000001010111001101111101010011
0011010110110010001110100000100101001110011000000110111110110010
0111110010000110010100101001000001110000101011011111000001011001
0000011101111110000001101111001001101010001010000011111101000011
0101001010100011000000101000110011100100111101010011100001001100
1000010010101010010001101001000011000011101101001000000000101001
1101011101111011110011011011111111000111001110111011111001001110
0001110011110010101001001010111110010100101010110011101101010010
1110101001101110100011110001100011010010101010110000000101001000
1111100000011001010110011110011101001000100010110110011111011111
0110101010001010100011000001110101010100000001101100011011101100
0111000111100000101110001111100011111011110001100001011000010010
1001111111010000101101001011001101001010101000101011111101010111
0110001000010010110010010111001011000011010011100101010111011110
1101001111000111001111110001010000001011010000111110100001100000
0101000110100001001111011110011111010011001110011010011111001101
0010101111001101111000101010111111100100110001000111111110100001
0110000100101100110100000101110101011001101001101110100011010100
0110001000111100001110101010110110110101001011010100001101101001
1010010011111010001111011101010101011111010100011100001100010110
0001000000011111100110010110000101000101011010101000010110100110
1111111011110100000110001000011001011101110011110100011010100011
1001100100001101001000001101000111111000100011000011100011111001
1000111101011011101000111100010100001001100000110110001010100001
1101111011111000101100001110101110100110010000110100100000110001
0100000001111000100010110111111100111010001101110011100000011110
1001110000010010110100001010011010010100110111110011101001100101
1111101000100010101110100100001010001101000110101010010110010000
1110100110111010011001011101001100101000001111010110010010100111
1000110010110010001101010101011011010110101101111001111111000101
0001101111100110111100101101011010011110000000111001010001110101
1000001011010001100100111110101011011110010001100100000010011111
0010010111100100010000000110101100001000101011000000000100000001
1101111110110101011010011011100011100101111011111000011000100010
1011000111001000101101011110000000101111011001010010001011101010
1101000010111111000010100000011110001001110111110001110110011101
0001000010000000110110111111100110100001010110101111010101000001
0111011100001100101111011000011011000011111101100001001111110111
1000011010110100100101101011111010001010010100010100110010110000
0000101001100101001011011101011100010100011110111011001010111011
