1110001000110110001111011010101001010001000000010111001010100111
1111101100101100110011101011000101111111001101101100001100101101
0100001110001111110010000100011101101001001010000010111000110011
0010100110001000111010011100010100011010100100011101000000010101
1111100001010000101011100011010001110011100100100111000001011101
1000100010010010010101100000100000111001100110110001100100100100
0010011100101000101001011110000110100000001101110000011111101101
1011110001101101101110001110000000110011110000011001001011101011
0100110100001100001000011111111001100000110011000001000101100100
0101100101011010110101000001110111011000001000001011000011000010
0001100110011100011101000001111011001001011001100100011010000101
0011011000011010111101010001011011010010000100010010110001101110
0001010001101010110001111011010001011010011110100011101110101011
0010001101111010001001100000011101011001010111011001101001001100
1011110011100101010100001000110000111010011110100101100111111100
1100100111000001011011100100001010101110111110100110101101111111
1110011000010010101111111111100100101110011001101101101010011111
0000000100001110111010001111000111110111100111000001100101100111
1010001011010001111001100000111110011100110110001100100010001111
1010101000101011001100001111101100111111100001000010100100000101
0110000110010100011010111000110011100101101011100111101000111000
1111001101100101010000000101111110000100110000011110111011001111
1100011011011000110101011101100110100000010110001001011010101010
1100111111010010100111001110001010001101001110101011001100101001
1101100011110010010000101011000111100101100010100101100000000100
0010110100001110111111011101111101000010100010001000011001011101
1110001110100110001011110011110111001011000101010000000110010101
0000000001000011100001011000110001110000011110000101111011010111
0110010010110010011101011000010110100110010110010010110110101111
0101010011111101000010100001101100101001100101110011101101011010
1010000011010110011000110010010000011000011000111100010011001110
0100101010001001100101100011000111001101011001010100110001001100
0111011110010011110101011110011111101110111010110001111110110101
1011010101000110110101000100001010001110101010110001101101000111
1011100010111000111100101111100001000101100111111110100001110011
0010001111110010101100010001001001110101010000110111010101000110
1111101111000001100110000000111000101001011001011001011010110000
1101000100000010011111100011001000010101111001100000111111011000
0001010000110111001110000011100010111110100001010000010001010100
0100100110011110001001000100110101000011100111100010000110111000
1111000001111111101110100110011010001100000010111111110011110010
1101011001101110111101001100111001111010101001001010010000110100
1100001100010000010111000001011111110110000100111000011010111011
0101010100111000010000001111001110100000011110000111100000110000
0100100011000000100000111000001011101011000010100111100100010111
0001010000000000001101000111000101101001001010111111000111010101
1100110011111001001101101000100110111010110010100010001011011011
0100100101110000111111000011110010011111010010011010110000000011
0001100111110000100000011111100110000100101000111101111000110010
1100111101101001101001110110111100100001000001010110100010111000
0000111010100111000011101111011011000010110011100111001001010001
1110001110101111111010001011001101110100101001111011111001110000
1011010101101110111001001010011000110111101111100100010010011001
0011111010100101011100011010100111000000010101010000011110000001
1111111100101010100100001101110001111010100011010010111100011101
0111010011011100010010101001110100010000101110010100000100100110
1100111001010000010001100110001111111001101011111101010000110000
1010111100010001101100111000100100011010010010010001010001110011
1001101110001001100110101011110010100011001011001010011110011101
0000010110111100110011010010101101100011011100000111101011010010
0111001010011101010001101111101011011110011010001100111001001011
1000001101100011011111011010000111011100010010101110110100101010
0101110101010111011011100010101011100011011110001101101100000010
0011101100011000111001010110000110101010011000100101110011111010
1010111111001111101011000110110111110111000011001100011100100110
0011010000000111011101111000010000110110000111100111110001110010
1100000101000010110000000010110111000111010000001000100011110010
0111000101110101000000110110000101001000010111011010101111000110
1001001001011000101000111000001110110000101111000101100100111110
1001111111001110100011011110010011000000101011111101010110111101
0011011001111011011101110101101010110010101011111111001110110001
0110100011101000100100111010101000011001000001011000111110101010
1011000000110111101111111011101100000111110111110100001111101000
1011011110011101101111100000101000011010000110100001101100011101
1110011001000110111100101101100010110001010101101000010101000000
0100011111001111001010010100100111111101110001001100101111000000
0100001001011111100101111001010010101111101111010100101001110101
0011001000001011000010011110111100110110101010111100100010001011
1000001000011000101001011111110010111100101110010000011001011100
0011111100100000100101000001101100111100001010100100111011011111
0100000001010000000001000000101010110000100001110010111111011000
0101111000010101010001001101110000001100010100111010101100111010
1011000011001010100010110000110011000011100111001101100100101011
1101010111011111110111011010100110101011101000101000111101011010
0101110101110001110011000000011111011010111110100010000010000000
0001001001000011010100110001000010000110010011011111111100010101
0111111100000101011011100111011111100110001111000110000101110100
0010100000001001011100100010010110001111111111001101110000100011
1000000110001011011010010010100110100100010111000010101011101001
0000010110101101011111100001111100011010110000001011111000101001
1000100110001101011010000001101101001011000001110010100001011100
1001011011001110011110010001000011101001000011000011011010101000
1110000110000000100000000110111001111010100110110100100000000000
1010000110011100000000010110000000011100010111101011001011110011
1110101111100101110010111010110011000001101001000011101011110011
0100101110100111100010101110100010000101000100010000111011110100
0001111001100010011101010000110110110001000101001001000010100100
0110010000001010100101000110110000100010010110001100010101000101
1001110010110000111111101100001101101100110100010110010010010000
0100110011000001101011001111001011110101100001110010101001110000
1111001001010011000101000100101000000111001011010000101011100011
0000011100011001111111010011101011110001011111000010110100100000
0101001110111001110110000001010011001110101100010110000001011100
1000011010011001110001101110010010111010011110110111011001001100
1011000110000111110000011111110001010011100001001101010011101011
0001001010100110011000011110101111110000100000101000100100001010
0111111110111101100000001010000000100110000101110011011001100110
1111001000100110111100101111010010000001100010011101001011100011
1010110011011010010010010110100001010101100011011111011010000010
1000010111010100011111011100101011101001111100110101111110010101
1001001001110000100001101001011101001001111101001000001110110100
0111010111001100100111010010000111101111111111100111011000110000
1010000110101000110001011001101110000000110000001110111101010011
0110011000000001100010110000110110101110010110000100100101100101
1001000000100101001010000010000111111110001111101100101000000100
0001001101001011001100011100100000111100111111111011101100100110
0011110110010110011110000011011000011111110101000011000001001111
