1001101111110011000010101010010110100100000001001101011101110101
1000010011010101011011110110110011100100100101010000011110110111
1100101010000001000100010011001010100001100001011001111000001010
1001000101100100111010001110110100001110100110011100110011100100
1001100011010100001111000010100011001000111010011011100110001110
0010000010000100100110101100001010010010111111010110000111101111
1011000011101110110010101101110100110100111001100100001111001111
1101101101101100100111011110101011001010011110100110110000101011
0000011100110100110001111111001110001110001110100111110110000110
0001011101101001100011001011101000110101110110000000010000111011
0000100010111101100100001001101110000011101110010100000100110100
1111010101111101011110001001101000101110011001011011011011110010
1101111110111001010010010101100110010011001010100100101101111010
1011000011001101000011000010101001111011100000111100111110110010
0010111000101100101101001001101101001110110001101110110001010110
0010100101001000111010110111010101000111100110100100101001111010
1001101110111101011100111000100000010000001111110110110001110100
0011110111111101111001000101111111101000111100011111100111000011
1100110000010101000000111100110001110010011100010111011000001001
0010010110010000111101010011011101100001011001100000011011010101
1011001011011010111001110000010000111011011110001011000111010010
0011111111101111001101100010111111100011110010100101101101111011
1011110110100010010111111101011110001001000100001000101101101001
0001001100111111000000100011111110011110001011011001011010110101
0000101111101110101101100100011011010011111001000101110100110100
0110111110111111110010100110000010101111111110110000110011111001
0001100010010000101000100100111011010110011000000101100111001011
0101100000010101101110111100101100110011101110011010101010000000
1010011000001101111010001000111111011111010100111000101000110110
1111111110001100011001001010011011011111010110101001110000100110
1110110101001011100110010001010000001111001110101111100011000100
1010101000001101011101111111011101111111100010110010000010101101
0101001100001110111100111010111110111100001100000000110100001000
1100100000100001000101110101101100011110010001111110101001001101
0001010111110101011000110100001100111111111110111100010110001111
0000001011010010100000001110100110010010001110010010100100011001
1011010110001101010111111100100101000111011111101101001100100100
1010001001111000101110101101100111011101110011100101010111111101
1110001100110000001111011100011000011110101000001011110000001110
1110000111100000011110110111101100000001011000110000101101001110
1100011110000101100110000100001011110111010011110000001110111101
0101010100010101000111111101100111110110000010111110010011000001
1111110011101100000000110111110010100111010100110011100100000101
0100110110000101000111000111010101011111111000111001010100111011
1101000011101001111010101100110101010010000001000011000011111100
1010001001101110111010010000011001110100011100001011101101001111
0000101100010110011000010010111010011001111110101001100101110011
0000000110110010011001110101011110000110111110111010000010000111
0101011100010100010111011010111010011101110111011111010010111100
1101010001110011100011101101010010010000000000011010011111000101
0000001111011011000011000000010110110011111010111000010000010000
1111110011010100001101100011101101011011001100100000111110111101
1000100111100000000010011100001110111111111111111011011001111011
0111101100100011110011111101000111111010010110001111110110000110
1001101101011000010101110111000010011111101111001110100011111100
1110110101110010001000011010010110110111100100101001000110001110
0001000111100101000001111101100001011100010000001011010101111100
0011110000011011000011101110010001001000100011000011101110011000
0111111111011011110011111010100100101011001010110001000110010111
0101000101011010101100111110100000010100100001111000101101111011
0110110010001101010111100011000000001001011110110100001010001011
0001100101100110111010101011101000011001111001000100101010011011
0111111100000011110111111000111101100111011101101000010001100101
1011101010001010011001011010101111110011010110100101001111001011
0000100111111101111001000111001010110001111010101011110101010100
1001001001101110100011001111010111001100110101111000110101001010
0010111001100000000110101100001001011101111101101111111101110010
0001110010010101110101101101101000001011101011101001001100110000
0110111101010000010110100111000100101000110000010000110111100000
1110000010101111101111000100110001010011101101011001111110111010
0101101000111111100110010001100011110011001100100001000000110111
0100000001100011100110110010011011110011101101010011100010010000
0010011001001111000010010100000001100110111110010011010001101010
1010101110111001000001000111110101100111110001010000011101000011
1010111011011010001000100101000000010111110010010111000101100010
1000110101010010010001110010010100100011110111011110101010110110
1010000100000000000001110110110000001110010111110001001111011001
0011001001101111001111011101110001000111001101110010111111011010
0000000101010100011100010001011101000010110111011100111110101100
