1001000100010000001110011101110010000111101111001010011111110000
1110010101101100111100110011011111000111101111100100101111001100
1101011110000110100110101001110000010101101010001101110011101110
1001000100001101100101001000101001110000001110011100010011101000
1010001101110000100111110111000010111000110010100011001000100010
1010000000101100001011100011011000011000011100010111001101011100
0101010101010000010010010010101000011001111001110110000011011000
1011011001100001111101111111111111111111000010011010001010001001
1100110011011100111100001000100000011101100001001010100101101001
0001101011111111010001011011000111011011000110111000110110011100
0010001110011010110001001010100111011111111110001100001011000110
1000100100111110000000010111000000110100011010101111010111010101
1101101011011011000110001011100111000010001000100111011010111001
1011100011000100000101111001100100010011000001111001110010010110
1100110111110111001010011111100011100111110011110010110110110100
1100001100111111011010010110000000010000101111010111010100011110
1100000110101111110100111010100001100101001011001100110101101100
0011011110001010100000100001000000010000101000110001110000000111
0000001110001000100001110111001000011010100001000111110100011111
0111111100100001101011111100101101100001010111010010011010100111
0100000010101001011001011011110000111000010101011100101001010101
1111010001000111100101101100111001110010001010101001100100001011
1000010110110101011101010010111000000011101100111110101101010001
0101001010011111110111110101100101100000011011001110101010011001
0101011001101101010101100010110110001110110100111011000101001100
1010100100100111011100111011010010010010000111100001101010010110
0111101100010001011011011011111111001010101000100010100000001000
1011010000011101011001100101100111111001001000111101110100011100
0111011010000011111011000010111011001001101010011100100100100001
0101011010000111100000011011000100111100010000111001100011010011
1001000001111101101100011011011000101111111000100110111100111101
0110000111101111010100001001001101000000110100110011100101001100
0010110001111101100000011011001001111100001100111011111111011001
1011001100000010110000100100000111000100011001101010010101101101
0001111110100101000000111110001111111000111110100101101001110101
0110111100000010001110100000110011111101011101111000011100111010
0100000111111001000010101111100010111000100000001101110001110001
1010010110101110001001001011101111000001100111111101111001000110
1100000001000101101101101101100001111011010000100110001000111101
0100100010111011000100010101011001010010101001011111110110001111
1110011000100001101010110011000110101010111001100001110111001011
1001010001000111001001000001110101110011111100111000101000010000
0010001101000000111101100001111010100001101100100101100111100101
1011001001100111001000000110001000100010000110001001110011011011
0100110000110001110101100010110111001101101001001011111100011110
1001110101010101011001110101110101011111000110001011000011010010
1100101100111111101010000111101011010010111011110100101010000111
1000011001011100111001010000011111010010100111001001010001110110
0010111101000110011101101001110011100001101011011000100100011010
0000000010101100110101011000010100011110011010101100111111001000
1001000101101010001001101000100111001010100110110110100011000111
1011110100101001100011101101000101011000011100110001000100101100
0100100111001101010110111111011010010000001111101110010001010110
0001100110011110111010110011111011110000000001011110101101100101
0110011011100101111001011000100000111000010001111111101110101100
1000010110001101111011111001010001000011101111111111100111110111
1101110101011111100110011101110100101100100001100001001000010111
0111110100001001101110111011111110000001001011100110001110000011
0111010000001100101010011111011010111110011011101011111001001100
0111101110001011110001100010011000110101001111110100011101001010
1001101001111001101000101011001010011111001111111010100011001000
0000011011100010110011010001110000111011011000100010011110100000
1011110101100111010000001100001111100111111100110010101100100010
0100000001011010001001110111110110011010111110001110111001011100
1000000011101111000000000100110001001110100000100101100001001010
0010110000001010000001011110100110010110101010000011010011000001
1000000011011100110100101011111010001011110010100001001001110001
0111001000110010110111000110111100110110001010101000000111010100
1110010100101111000111111010001011010010011111011100010110100000
1111011110101010110100011111100010001001110110010111101111001100
1111101010000111011110110110111011001001001101111110001110010011
0000011000101010000001011010000110011101111001000011101001010101
0111110101110011100010101100101011000000111101000000000100101001
0011111011110110010001110100010100101110011100011011101001101111
0011011010110100100111001110001010111001000101111111000111010010
1100111100101010101000000110011011010010100110111001100110001101
0101100001100111100100100010011000001100001101010011111111010011
0100001111011100010111010001011001001111100001100000111100100000
0101101010011001101001001000110001001111011011110111110011100100
1001001101101110110110000101101100110111000100011111000111111101
1000011010011100110001001101001011010111000100001101111010010110
1000011110100000111010010011001010100011001011111001001110010110
1001101110010100110011001110000010001100111001111011010111010100
1110011000000011001101011100011001100011010000010100010111101100
0100010011011011000000111010101100100111001001001001101001001001
1111001010010101100100101111000010001100100011110000101101010010
