1000110010101111001010101001111000100000011110110111000111001011
0101011011001011000000111010100011111011001001111111110011101010
0100000010000111111111000111001010011011110100001110110001100100
0011000110110111110100000100101001100011011100101101101100010000
0111010110101111111011111010001111101100010110111100011101110010
1100011011100100011100001011000111101111110100101000011010010101
1001011101001101011011010110111100100101101010000100111111011100
0111001101001111110101000010010100100000000100001001011010011001
0111001001111011001001110010101011000010000000111101101110011111
0011011110100101011101000101100000010101101100010101101110010001
1111010101010000010101001000111100100111101011101111000001000001
1010100100100100110101000000011100100101100110000011010000100111
1100110110000001101110100010000100010111100111010111101011001110
0011001001100011010000000111000110011000000110111001001111101000
0011110000001101111010001111110001111110101110010011010000101101
1101011101111001011001101100000100110100100011000110011010111011
0101010100110110011010101100001010011010111011101100111010110101
0001100001111110001110011010101000111110111010100111100101010000
1101011110110010001101001110110000011100000101101100110010011011
1100010111111101110011001100000011000011001000000111100100011100
1100000101010101111101010111010011110110010011110100001001010101
1001011011101010001110011000011001000010001011000110010110010001
0001100000001011100010010001011000101001101000101101000011110010
0111110001010110010001010110101111011101110100001010001110001110
1010111100110110100011111000010111111010000000110011110110000011
1010101111001111000110011110101011000101100010101101111101100001
1111010011111101011001110010001011100001100011010100111111101000
0001010011111111010110000000011011110101001010100000100101110001
0001100001000011000010001100011100010111110010001111011111101000
1000000000000011011110001100101101100110010101100000011001001110
0010101100100100000100000110010010010001110100001111100000011100
1000110101111011001101101100010011001001001011000110010010001111
1100100010010010001100101111010110000111110010100110111011110111
0101010001101100111010011111011111011000110110000111111111110100
1100100000011011001101100111010110000000010101111100001110000111
1011101100010011100100101010110111101011100111100010000111010011
1000110010110001000111100100011011110111100111000100101000111000
0001111010000111101001010010001000110100101010011000111001101000
0011000111100111100010110110101001111011101101001000000101011011
0010011101011011010100000111110111010010110110011101100110010100
0010011011110100100011000100000001001110101000111110001000110101
1111101111100100100010000110011001110011011010010110000100110001
0000010100010001000101001110101101010110010011010111110110101001
0100110001011011010111011101110111011101010001000110100001110100
0001111010110110010100010011011111001110000010000111101011101001
0011011001010001010111010001100111011010101000000001101111011001
1110100010101011011101100101011010101101000101010000111100110100
0111100101110110010011111001100110111111110110011001100011100100
0111000111000001001111001010101100000101001101111101111011010110
0100111100011010111110011110000010110010011110110101000111100011
0011011110100010011001101101100001100011110000101010001101010101
0101110100101011111111001110101110001010110001001000000110000111
1101100000001111110100111100111011011101001101100001110001100000
1100010110110100000111010110111101001111101000110100000101100010
1110011000010010100011110100110001001001011001110010000010101100
1111000101110000101110101010101011100110100000000011100111100010
0001001011000111111110101110101100011011101111111110111101000010
0110011011110110001000100110100111111110010110011000001000011010
0011011100000000001001010011000000010011011100011100011110111011
0011010001001110101011110011000000101101101100111001010100010011
1011111111111010101011101110111001100111001001100001000000001000
1100100010100001101001111010010011010011100011001110000000101000
1011000011001011011111001011011010110000000100001110010100100101
0010110000100001110111000111101111001100000101101001000001100000
1011110111111100000000110010010100110011100100011100010111010110
1100111110101010001011111101001101100111010100000000100010001111
0101011100100100100001000001100011110111000001111000001110110111
0000100110001101000101000100000111111000100101100111010111011110
1011100011110000010101010101000010001110011001001111011110001000
0001110001101111000100001100000001001101010000100100001110100111
1010000110011010011001111011101000000011010111111001111000100100
1100110000011001100011111000111111010011100111111110011011101001
0101011011101100000110011111111011001111001100101110000010001011
1110110010111010101110000110010110011000011101110110011110100111
0101001110111011011000011110001000100100001001010111010110001110
1011101101010100001110010000100010100000110011100111000100010100
0001011001000111111101000101101101010011001010001101001110101100
1000010010001001010010101001111001100100000001000011000100110110
0010101000011001111011010001111010101010111001000110110111111110
0010011100001000101000101110101101101001110111111100000011010101
1111111111101101110110011111110101111000100100011000100100110010
