1011010111111001001001010011100011101110010011001111100100010111
0101011111000111111001111010010110010101011100001100100111001000
0101111110011000001101111101010010100111110111111111011011000111
1011001100001110000001111100000010101110100001101010111000101011
1000001010011100100010101010010001101011001101101010001000001011
1110010000001001110001010110110110010000001110000000111010111000
1101110100011011010000111010000001100111010101010111010011100111
0001011000101100100001100010011001011101101010000001000010000001
0010010001101001101011011011111010011001101100111001010011010001
1011010111111001100111011111111001001010000000111111011000100011
0010000101101111110001001010111100101011111000111111011000000000
0100011010101110010101000111011001110011010101001001111011010000
1001000001011111100001100010001101010111100101110100000000011110
0101101100011001100100110111111101100010011011011000010000101010
0100101100001011110000000100100110001101001110111000111101101010
1100101001111110100011010101111111011101111010111011101101101100
0011001001000001111111011010111010000011010110000010000111000000
1110000010111110000001011101101100111101111011111000110000101100
0100100000010001011111101011100111010011011001010000110111001110
0110111011001001110111111001100000111100010011000110011000101100
0111101110010101111010011010000011010001011011101110110010101011
1110101000000000011010011010001011101000010000101011111001111001
1001100000000011010101101001111000000000011010001100001000101101
1101011111010000111111000111110111011110010110001001001110101010
0000011101011010011010000011000101000111011111111101001100001001
0100110001101010011011011100100001001001101010110011101111001100
1101010001011011101101011011111001010111101111000111010001011111
0000100110101011101010111110010011110111101110000010000110000111
0101010000110100100110001111000000000000011011101101101000011111
0000110000000000101010001100111010100001000011110010100000010101
1101101000110000011100000101001011100011010111110001100110000110
0010011101000001100000000110111101111111001111100010101001010100
1101101010110100010010110001111111100111111110000101110010011101
1010011100011111111011101111111110000101001110001110011110100001
1101000111101110111111011001100011011010011111010001110101001101
0100100000010100011001010111111000100110001010001000111110111111
1111011001000011111110011000111101111010011011010110011011101110
1000010101001101111111011011101000000001101001101011010101000101
0001111101110111100011011110111101111100011100101101101111100111
1010100100100011001000011101010110110110110100100111111110110001
0010000100101010110000000011111101101011100010010111010010111110
1000001011001010101011011100001011101111010011001101101000100111
1001001110001111001001000010011111011001101001100001000000010111
0110111001000010110111010100011100111010011010000001011100000001
1110001010001100011111000101101101000000011011000101000111110101
1110111010110001101001010100100101111100110010101101010101000011
1100001001110100110110010101100001111110000001000110111010111001
1011101111110011001111101011110100010101100000001011011101000011
1101001011111101111000100100010110111011000101000001101111111101
1010001001001101100111111010110111000000001100010111100100011110
0001100010111000101011011001110110000010100001000000010011101011
1001110011001111111010111011100011001100000101110101011010010000
1101101011110101001001001011010001110100101110101111110000110000
1111000010110000011110001111101100000110011101010100001100110111
0100011010101001101111100011011101100110110110110101000001011001
0100101010000001001011001000111010001000111000011100010110110001
1101110101100011111100101010101101011101101000010010100011001010
0011001111100000100110001110000101010001101010011100010100101100
0100001111001011001110001110000010100000011010110110001101000100
1100000101111111001101010100101001100111100111010101101110000011
0101000000001101011010001101100101101000100010111100110010011110
1101100111001000011011110100000010000010110000101011010001110001
1101111101010101010010011000001011101111000000100011111001110111
1001000100000110111110001100101111011001101100001100110001001000
0111100110101100101101111011101011101001000001100010000000100111
0110000111001111100011110100001001111011010000001111000111100001
0101100101001010111011000110111011101010000000000110011010000001
1111001011001011101111001000010010001011110001011100111111111011
1010110011100101100101000001010000011010010110110011000010010000
0001001001000000111000001111100010101110000111011101101001101100
1110100011111110100111010111010011001010101000011101111111111000
1111011001111101100010011010110010000111111110100000100111010110
1100101101000001011100010000100100101010100110100010001101011001
1111111100111110001110110001001000010110000010111001110100111001
1110100111110000000011010010011000101010110110111100100011101010
1001010010111011010000011100001010110000100100100010000111000011
1110001111101111100111001101100001110111011001010000101011110100
1000010100100100000001110100110000111101100000101010000100111001
1010110011111010000000000011110111110010001001010111101011110100
1011100011001011100110111111010100110100011101001001101011011010
1010000001100111000001010011101000100100101111101000101110110000
0100101011000101000111101010010110100101000110001010100110110011
1011111010000110001101011000001011001101000101001111110011100001
1011001110011111110000110010011001110110001100011110011000101001
0101100110111001000010011010111001110100101011010110010011000111
0001110001010011110110010001101000011010111110000010010000010101
0110001010000010011101100001011000010100001001001111010100011010
0010101011011011000110001000010000011001100110101010011000100011
1001100011101011001100100010010001111110110001110000010011010010
1010001111010110011111011010011101011101010000000111000000011011
0111111110001100010010010011011100100100110011011011101100001011
0100111001101000100001110111000110001011101011110011000011111110
1111011010111111110111111101110011001111000000101111011101110110
0000010001011111100011110101001010001101001100101111101101011001
1100110000010010100000001110100111000011010100101000111001010101
1100101101100001001101011100101001000010110011001100100000101000
1000101110010110110110100110001101110000110100111111111000101101
1010110000110000100000101010011111010110101001111100111001010110
1011100010100100001000101010000101100000000000000010111011111011
1000001100101110010010110101000111001010010111100010001101001111
0101001100111111001011001010011100011000000011000101101000000010
0100010011011011000100000011001000100001010101001111100011001111
1100110100010101100011010001010001110110000110000000100100100100
1010110100110110000111101000000001101101001010111010000000110111
0100110101001010101110001110100001010101101010000111010000101101
1011111000010101010101111100110100110001011000001101111000000000
0011110010110111101000001100101110101001000101101000101011001101
0101111011000011100011100011100010111101000101001001010011000110
1111000100001000001101001100010010011010110011011000101011011010
1111010010110001101110001100111110110011101010010011101101000010
0100111101010010010001000100000000110011011110010110111001110000
1010111010110111010000111000001111100100000110010111011110101010
0000010110100001101100011001101100100100010101110001110100100000
0000101100101111111111000001110101000001100110110100100001001000
1000011100100011100100010001100101111001111011100100100110010011
1100001000000011101110101111100000101110000101110101110010010111
0000110000111100110000011111010111000100001111010010111011011111
1011010101100110001101000111110011011000011100010101111010010001
1011111000000110111111000001001110011100100110100111010100011011
0000001010110110010000010000000111010010001010001101011100001000
1110110100100101100000001100110000111010011000110011110000011101
0101110011111011010110101101001101001011111100111100101000101110
1010010011011011001000111000001101101010101100001001000010101000
1110100010010010001111010001101111111111110100101101010100111000
1000101100100100101110111110110000101101011010100101111111100001
1101101110010100110001111111111101000110000111101111010111000011
0100010101111001011100100111111101101100000001100011110000000111
1110111111010111010111001101001100011111001010011101010000000101
0101111000110000101001101011000010101111100011010100011010010001
0110110011111101100101110100011001001000000001100111110111011001
1101011001001011111000011100010000111101100011110001010010011100
0011010001110101001110100110110111111010110011111000110110100101
1000010001010101000000101101110110000011011010010011100100000010
1010100110000100100011010001111001110000110101011011101000110100
1000100000000111111010111110110011100101011100010101011011010101
1000010010110111001101011001111001111111010011101000111010110111
1011101000100110001000101000100101000010111100001010000101111001
0110000100001111000010010010101101101100110001110001010001001100
0100111001111011000011111100110111011011011110010110011110101011
1001001010111010110110111011010010011110111111101010011101111111
0001010011001101110000000001001000010110110101111001100110110011
1100011001101001000110101000100100001110111111010011010101110100
1101001000000111010100000100000100010011011100010100101010100101
1101011100000000110110101101001001001000111000001101111000010110
