1000110100001001111000001010000110111111100101100010110110001110
0111001101101111100101001010100101101001001100100101100111010100
0111111100100010110001111010000000010001001100111011110010101111
0011010000110110010110111000011011100111001101011100101011110000
1100111100100001011011111011000010110111001101011010010101011000
1111010100001100110100000010111111100000101110100010010111001001
0011111010001101101011010111101111101101100100101111000101110101
1100101101010010101100100011001001000111100101110001101011100111
0001010100110110100101010001010010101111011011011001111111010100
0011011001100010100100011010010011011001011000000001011110011000
1000110011010110000110100010011001011000011001111110101001010100
0111110011100001010111001101100010110000000101011010100110001000
0011101100010100000010011011011101100111111100110011100100000110
1101100110100110001100001001010101100011001111010011011011001000
1010011010000000000101000000110011101110010100011100001111111010
0000010010110101000110011101011110100110011001111100110100010101
0110110111101110101000110111000011011011010100010011110000011101
0101100110001001010101111111001101000100010011000100010000111101
0011001110011111101011001111100111000111010000000000101111000011
1000011001101000000100110101000101001000000101010010010000011001
0010010100010110001010100011101001001111001000110000101000010110
0011000010001011011101001011101010001001101110101011101001110110
1111110111000111111100001101010011111001100110001011010011000001
1001110000101101111010100001101001001110000001101101011101011000
0010101000011001100010011110000011000111000110101010010101001111
1100111011101110001101101011101000101001001110001110010001101010
0110010011101011110001001000010101010001000001101000010110011101
1011100101110110111010000000000011110111001110101110100100010001
0111110001111001111110100111011000010111100000001011111101011101
0110001011110001110001101001100101011001100100011011100111110000
1000011001100100101111111101000000000010100010110110110010000011
0101110000000010001110010111111001101011010111010100110110110111
1100111000110001010101000100000011001111110100001000101100101110
1000001001111111111100101010001100011000010011000100100111110101
0001001101100111001000110001111110011111111101001011011111100110
0001010110000011011100011011110101101101011111111101101101010001
0000110011011111111000110000001011110111110000101101010011000111
1111011100100011010001110001000010000010101001101001011110010011
1111010010111111001101100101100100110111101111111011001110001011
1100101111001110001010011001110110111001101110001101100100000110
0011010010101001010001000111100110111000011010111001001101001000
0101011110001111110011111100111011101010111010100101010001011111
0111000001000111101110110101011011111100101110011010101010011010
0110101001011011100000000101011011101110000010010110010100100101
0000110101100110101101000001010001101010000011011110010001111111
0011100000111001100010100000011010101110101011010000111111100010
0001111100100110000110001100001010101101110100101000100001111101
0011010100101100000001101000010110100010110010011011011101011011
1000010001011101010100110001001101111011100000100110001010001010
1111111100101110010010110000110000010101101011111100000110100111
1111101111100101100110101111111110001111111011110100010100000110
1100111111000001001001111111101011000000001111011111010111100011
0011011101111000101010010001100100000011001110011010000101111111
1011010001100010110000010101010110101110001110000001011000010011
1010010000010011100111101100000001011110110000010111010011010111
1011100001001000111111011011110000101010100001011001000011101101
0000101101010101101011011101011110010111000100101001100011100000
0011001000001111001011111000100010011111111001000001001100111010
0011011111000110111111110110001110110000101101010010111001001001
1101101001011000010110101011011111111000110111001000100010001011
1101101010001110010100001101110111011110101101010010010110101100
1011101010001000010011100110100010010000110111101110110001001010
1111010000011010000110101011000001000000000111000111011011011001
1101100001010110111010010111101111100110010001000101111101001110
1000101111001010011111100001011001001100101001010111101011101110
0110111100011110101100101000110011101100000000001101111010101001
0101110101110010011001001110010100100010000100000000010000111001
0111110111111111100100011101011010101110101000101001001010110100
1110001111111100000011101011100001010100101000110011011011110000
1111010100000000001111101100101110010100010000010111101001011111
1001110110000100100010101001101101100000111110011111000111001011
0111011110001001111110000110110010111111110011010111111101011100
1101101000010100000001010110100010000010100100111101111110101010
1001011111101011110011011011010101110000010110010011111111101101
0100001000101010010101011110010011011011101010111011001000010101
0011010101110110010111000000001111101100110100100110111001011000
1111101010101000001100010000010010000101100111010111001111011001
1010111010110001111000011101111000011011101111101001001011000100
1001111001011101111101100001111011000110001110110001010111111001
1010101010011010101001010110100001110100001001000000101000101001
1111010000011011010011110111111100011011010101111010000110110100
1111110010000100001010101101011110100010000000011000101111101011
0000110101010100010001001001111111101101010100100010101101010100
0000100000000100010110110000110001001111110101010000000111011100
1000000001000101110010011111001101101011010011101110010110110010
1111110001010001110010100001110001110110000111100111010000010010
0110111001100010001000100011111000100111010011001101101100111000
1101000001101011011011000010111110001000000111011100011000110010
1010010010001010011000011011001110001101101111100101011100101000
0110100010101000010110000001101000101000001000101111001100000110
0000101011001111101111100100011000101010001011010101010101000111
0010001111010010101110001101101001101011111100010011010010110111
1100110111101011111001111000101111100011100110011110100101011110
0101110101000110010000011011100100101000011010110110110110100001
0010101000000110001100010110110101110100101101111011001110010011
1010100111110111110011110011011100011110110101111010110100110111
0010000000001011001100100101110111000011000011100111100110110101
0010001010100111010001010001000111111001001001111110101110100101
1101100111001111110001010111000000111010000000001110110101111110
1110001101110110011000010001110100110000001010111111100111001100
0111001100011001110101000001110010110101011101100011111011001110
1101000011010101010010001111100110110101001001010000101011101010
1000011010000101010100101000111000100110001101011010111010001011
1111111000110111011110000111011000001101000001010101000011100110
0001101010100001111010011111100111011000000111110010111100011000
0100010111100001100001100010100011011100111001011011001001100111
1011001101011000011001001011100001000001000111010101111011100000
1010000010111001110000110000111010011110110011011101010011111100
0101101110101010110111011100111100000010001011011000010011000001
1110100110010011001110111110001100011010001000110101110011010100
0010001110001011001010010110010011110000001111110010111111011011
1010011101000110100110100001111101000111110111101101100111011111
0110001110111110011100010000110111000101001010010100011100001011
1100101111010111110010010111100001010110111011110101100111100101
0111010001000011010111011000011011100010001110001110000100000000
1000011010111001111101111011001101111101000101001010100110111110
0101111110000101100011110000001001001010010111101100000010011010
0100001000001011010001100100001100000111001100011100010001100101
0010110110111011000101010101000100010001100000000001011100000001
0001001000101110010010010001110111010100111111001110000111010101
1110011101000011101001010000010101000001011001100111011000111101
0010101011000100101111100000110101101111010001000101111100110111
0000111111010000010100111000001000100001001000010010110100011011
0110001000010100000011011100010101011101010100110100001001111010
1010110010100100110011000000111111011111111110110101001111001000
0111010110100010111101011001101100001000000000010000000000001100
0111101010111100001100000110110101100100001100111010011001000011
0000010011011110110001111001000011010110000111110111101000101010
0000010110100111110010110111001101010001110111010101010010101010
0111000001000101101000010000001011111001010011100010001000100001
1001110010011010101010001101101111111110000011101001001010100100
0001111100011100011101011010010111101110111101100000000000010100
0011100010000111011100001011111100100011101001010111000100100010
1010100100111101011111110111010100000010000100001011101111001010
1011101011010001100000110001111001101001101010110000111111101100
0011000001010100000110101100001010101111110101111111010011011100
1010111110000011110101000110010111000010000001011001101011010110
0101110110110010100011010110101000000111011001100101110000001001
