0010011101101110100100100011110101100111111001111011001101101001
0011110100111011010011101010000100101100111111010001111001110101
0011101011110000000001100010110101100100101101001001111101010101
1000110100111010011111101100110010011010100110101000101110100101
1110100100100001111101100001111111010111011011100010001010111100
1110110111110011101111001011001011111011111100110001011011000100
0011111000100100000101110101000101100001100011010011000001110010
0010010010000101101101100011000001011001110000110001010101111011
0100001110011010011110101000001101011101000010000100100000011001
1011000101101001011000011111011110110010110100110001000001011010
1010010100000000010010000101001110010101011100100100010011000000
1100001101101111001010100110000111011100110011010110101101101011
0011110101010100011101111000011110010110101111100000101100111001
1110110110100001101110110010010100010101110101100101111011001011
1010100110011111100101000000101101011011111000011001101111000101
0011111100101100100010111001001101000010111111110001101000110100
1100011011111100111011000100100110100101010100001100011000001111
1010010111100100111101000011010111000101101100110100110111001101
0101111000100010111001000111010100001001100010010000001101100010
1111101100111101100111111000010001111101101110011111111010110101
1011000010001011110110010110011101100000000111111000000010101000
1111101111001000110101011110101100101010110110000010000000010100
0000101110110100100001100000101110000010001010101110101101101001
0011110001110111111110110110111001111101001011011111010001000111
0000000011000110000001101111101001111001001010110111011101101001
0001110100010110010010100000011011001101111111111111110011010010
1101111011000110001000111000101010001011100011100000101100111111
0101111001001001111110110011100011010100011000110100001000000011
0001001111111111000100111001011101110010110000100111001000000110
1111010101011110110111100000001010011101111111110111101010110111
0100110000111000001010100111111001010001100111001110001110001110
0001010110101001111110110111000100010011110010101111011110111101
0001110111110011001010000010101110011111100110111011011100001100
1100001010011101001010101000000110010100001010110101110100100100
1011111110001101110100110111011011110010000010000100111100101010
1011100000100011101101111010100110111100101110110010011101000000
1111101101101000100100011001110000101010010000100111100010010000
0011010110011000100111111001001011011100010010011111010001111100
1011000011110101111010101101101110010000010101101001011110111111
0110000001111111001010100101101010100010011010111010011001101010
1001110111111110110101111100111001011111010000010110010010101010
0000001010001100011011111000101010001110000100011101100101010010
1101110010001100111010001100110001000010111000110011011011011100
0000100011000001101111000000101001100000111100110101010000000100
1010011000110101010011110100100100100111001111100001101000100100
1010110011100111111010101111001100011001011001001001011000110001
0100100100110001011111100100101111111111011011110000010010110111
1100111101111110100000100011100111111101101111001100111100100111
0011010001001001011101111011011001011001001100111011110010011101
1110000010101110101010011010101010100000111101101011011110000101
0011001101000110000100100010101101110011100011110110011000000010
0010000001001101011101000001101101000011010011100001110100101110
0111001101000101011100110100111001010100010011011011100011010100
0101100001101011101001111010010100010000011110100010000100100110
0101110000000000110100101110011010010111100111000111101100010101
0111011101000110001101111001110010000110100110110100000101000101
1100011000111010101010100110011110110111011100011101000110111110
0010000110101101110010110101100010110101001011011100000001001011
0110110010101011111000010001100001101000000111000001100111011101
0000000000100110111101011111110111101101100011100111001111000010
1110001110000110000000111011100001010110011100100010100101110101
1110111100010011001110010110000110011100010011111000110100110011
0110001100111011011001111101111001100100110110011100101100001010
1101010100011001111100010000001110100100111000000000101101000001
1011101101000000101111100011101101100101111110001100001100011010
1110011011011111101111111101000100101101001100000010100111001000
1001110010000111001011110111010100101101010100000010110101110000
1110001100000111011101100100110101111101100000111111100001000100
1000001111110111110100010001000011000000001011100100000011100001
0101111111000010001100011110101100011010100111101000010011001110
1110010110001101110001001111110000111100110100100111000011000100
0011110010110101010011110010001101110101000101001000001001000110
0011101001111000101100100111110100111111100100111010101110000011
0000011100110101111111101101001100101100011011100101000011100000
1100111000100111101110101100111000110111000110001101100000001001
0101110100000101001000011110001001000010111000001111001100000100
0000110111001000011011001101101011111010111000110001000011001111
1101110100000111111100010100010000010011011111111110000001000000
1100011001101000100111100110001111111100000000001101000100000000
0010101100100010000010001101001110000011110101101001011011001000
0011010110000011010001010010111011111010010111010110011000011011
0110101101011111110101011000000101011101110100100011111111100000
0110110000100101100110101101001101100110000011010101111000110010
1111111001100111100011111011110111110011110001000101011100101110
0011111100111001111010101111110100010101110100111111101011110101
1011001111000111110111001011110010001111011011011010110100000111
1100101111100001110001010101110011111101000110011100010111101101
0110001110111110000001001011111001100000111001001011100100111111
1011111111011111011100001111010011101010011111110010101101011111
1010110100101110010101100110001110110100000000110000010101010111
1111100000110011100111001000110111001001000000011110001011011011
1001110000010001010101010011000011100000001110011111000110010011
0011001010011111111000110110100101110101011110001101110010100000
0101000111010011001001111101011101001000011001101110110111010000
1100001010011001011110001101011010100001011010100011001110001001
1001011111110010101011000000100100000110000101001010101101011100
0010001001111011110100100100010010000001100000000100001101100001
0011100011011101010000010100111000100001100101110110110010101001
0100111001001100100111001110101101000110110111011110000101110001
1101010001111111111111010000011111111010011001111111111000101100
0011110010001101101011000100100001001010101010100010110010000010
1100101101100010000010100110000111101111100100100000111101010000
0101101000001010010111101111000000111010101111111100010100001011
1011000100001011010011000101100100011110111000001011111001000101
0101010111111110001010111101101001111010101010111100101100100001
0010100001000110000100110111101001111101111011010101111011011111
0010111111011000000011101111110111010101110111011000010001000111
1011101111110101100110000110100000110101100111100001011101111010
1110111000011000010111111110010101101011000000111001111000011000
1101100011011101101010100110101101010010101111010001101011110001
1110100110001011000100101001110110110111011110110100011111010101
1000001101001101101111111011110111000110001100100001100101100101
0011011101011001010101100100110100001011100000011000011100010101
1111111111000111100011000001000000110100111010100001001110001000
0111101010101111011010000110000010101101101011010110000101010001
1100101110100111111100011110000001110000010100001011010101011010
0110000110010111000011001101011101110010111011001111110000001000
1111001010101110101100010101011001100001001001100011101110010101
1100111100110111000100100100001001100110011101101010101000101000
1001000001001000001010000100101001010111111001111011110110110100
1100000010010010001111111101010001000111011100011000000010001101
1111101000100110011001001100001010010111011110011100110100011010
0100110001110100101011001011101011001011101001110101000111001011
0100100000100100000100000101001001111010011010101000100010100101
1011010000100000001000010101000010101101110101001000011101001111
1010110110101111101001100101111101101011110011101110001011110001
1101110011110000100110101011001010001111111100001001111101101100
1010101101101001010101111010111111000101010111110011000100100111
1110011110100001110010111101011100011110011010010101110011100000
1101101011011000001011110111000100000010001001011001010010010000
1001110001011000010110010001101011001011010100000111010000101010
1010001110011110010110111101001100011100000101100100100101100010
0001100101010111110000010111001111001010111000101001100000011111
0100100010111110110010110001001001001110011101110110010110110000
1001000101000001011011001111111010001100110101011010001001101000
1111000000011000001011101000011111100101001111011101001110100110
0001100101111101000100111101001100001101100101101001000010010001
