0110000100101101110101001000111011000010011010010100011001000000
1011011011001110110001101011111011100010100101111011111000011110
1010011011011001011001101111110011000110010010001110010101111110
1001001100011101000110000100010000000110100001110100011100101001
1010111000100111001010101111101010100001000000000010110111011100
1100110000001100101111100111100000110000010110001001001100011111
1100011011101011001010011011001101001110111011010011110101110010
0110011011010000010100000000001101111101101100101111000110111101
1100100110100110101110111100111101110111110011000001000001011100
1011111101111000001000010110101100111101000010111111111100011111
1111111101011100011001011110101000001110010000011110101100100000
1100011001111000110100101100110011101011111001010011001010111100
0011110001101011101110111100011010110110100000111110110001101100
0100100010000110100100110111101010100111110000111001111110100101
0101110111000011100100001111011000111101101010110110000011111101
0010100111100011011101110110100111010011010001100001001011111011
1101010110101000001111100111011011001111011001111100110111010000
1111110111000010101010111011100001000100111111011110011000010010
1110000101110011110111010011101101000001111001100010011011000001
0010100101000000010010000011000101101000100101101011001010101000
0101011011100000000111011101010110101100011110011001110111101010
0110110100110100110010001010101111010011001001010100001110001111
1001010111100011100110000010100111101101101101010111101010111110
0101000010000101000011010101010110011000000111100111011110000000
0011010100111000000011001110100010100010111001101110011101010010
0101110000110001100101010101110000011011110110110010010001010111
1011111111101010110101001001100101011110110111010000100001001001
0010111001111101000101100101010101111010101011111000011100111010
0100101111101010000100010111111101001101101001000001111000110111
0011111101110111001111000011000010001101001011000010011010110011
1100000001100110000100110111100110111100000101111100001111001111
0001010010001010010001110010100100111010110110011110110011110110
1101111101000011010100111001100010001100000001100100110000101001
1100100000011000100111011000110100111011101010001001110110111000
0001101010101101111111101111010001001010000111010100110100101001
1001111111100011011101101111000000101101011010100110101001111000
0010001010100111111010110001110101011010001000100001111011110110
1110011110010011011010111110011101110101101011110000110011100110
1010110011000100010001001000001001010110100101101010001000110010
0100010001101101100000011101101001000101101101011100111010110110
1001100011111001001011010110100110101101111111000100101010101111
1011001111011101000101001010001100100001101010010000001000100111
1001111001001010011111101110100011101101111110111110101011011010
0000011000111100110010110010110111111100010100000001101100110110
0011010110110011011001100010110100100000100010001000010110001111
1010000010001111011101101010100001110110110001001001011011110011
0110011100000001100011100010101000001001100001111001111100101010
1100000110010001100010110101100111001010011110000111111111010111
0001101011010010111011000101100100111100111010110101011000010110
0010000000011001001100011101111101010101101010100100111110011100
1010111110100111010011110011010011101010000111111001000011000111
1100010001011111101000011100010110101000110001111001000111100000
1011001110100110001100110001001001000000101100001101000000010010
1011101110011000010001100111000001011001000011100000110100100101
0000011101110100011100111101101010101001111000100000110000000100
1010100000011111111010011111101110000011010111010100100100101100
1000110101000111111110000011111110010111011011111000110000001101
0110111000010011111001001011100100010000011101100000000110010010
0101000101110101011001000100101000101001000110101001100011011100
0101001011110110001000011010011000101110011011100010001010001100
1011001101011100111010110000111110001110001111101101110001110000
0010110101000010000010010011110011101101100001101110100101100000
0100110011001010110100001000100111010100011100100100111101111101
0100101111110110010110111110100101011111001010100100010010100100
0110110001101001101011010001001001011010101001000110100111011100
0111010111110101110001100101101000101100110000100000101101100001
0101100110000001011010010001111110101010001101110011010110101010
0101011111101011100100111101011101000011101101000000100001001000
0000111100100000001111011101010011011011010000011101100001001010
0100000100011110110111111000010100001111110010000011000100100001
1001011101111011011011111101010001111001010111101101010001111000
1010001001011111000110010001100000101011101110001110101010111100
1011011011100011110010101001100001101111101000100001100000000010
1110101111100100001111011001001100111101101011000000000101110011
0110100111101100101011100100101010111110011010101110001000001010
1010111010010011000110011000001001000011101010111010000110000001
1001110010001100101011110110001001110111000000101110111101010001
1011001011100111101110110100110000000111101100100001100110101100
0001100101010010100100000110110101010001010001111000000001000111
1100011000000101111010110000101101001011101111100110111111000101
1110111011100011100000100111101000110001110100111001111100111010
0111111110010011000010010111110101101000000000000010110111111111
1010100011001100011011101101001110110001110111101101110111000001
1101000110110110011111000010110000101010000110001100100111100101
0010011111100011111011011001001101000001010110001111101101001100
1100110011010111101101111011110011111101000100001100111011001010
0011001100000000011011000110100100111101010110111010000010000000
0111000001110100000010010111010010100110100111010101000000010010
0010011111010000101010001100100101111101000000000110000000100101
1001001010111011010011101111011000001010100000110011011111000100
1110100111110111000010001110100101101010000101101110001110100111
1000011101011100110001011101010100010001110110100011101101111100
0110000010000001011101111011101000010010110000001001110011101000
0111011111100011111000110110010100101011101100000010110101111010
0111111111000101011111111011100101101111000011000111010111111000
0111111111100001101000010000000100001010000110100110011110101101
1000011110111100010111011100001111011001101100010000001101100001
1100011000010000110010111101000001101010011000010101000001011101
1111100100101100001100011110010111101111001101100000111011100000
0111010110001011000100000101000010111100110000110010101100010111
0100011101010110010101011110100011100000101100000001000010011010
0010011101100000010101110000011111010101010011101000010101110100
0001100001101010011101000101101110011010101111001001010010001100
0000101111111000001010001000100010111111000100011110000001011101
0100110110111110011111001111101010101011110111111000110100011001
0000011000001101000010010100001101101101101001111000100000100001
0100100001110000011100011001000100001001101001110110101011100010
1010100101000110110100011001100001010011000100011100111011111000
0000101000111011100011011101011110100001101011010010101011101101
1101110011000010011010110010001100010000000111000010001000001010
0101010011011001111010100001101100111011111111110101100110010001
0010100000111010010100000000001000101110000011000101000001000100
0101100111101110111011101111000000000110100111000111000110110111
0110101100101110100100000100010101101101010000001110101101101000
1011100010001011001000100001100010100110101001100001111110100100
0101100000110010000001001000010100100100000000010110010000100001
0101101110010000110111100000011101010111001110011011000001101001
0101001000001110000111101101010001011100011001000101011000101010
1000000111101011100010010110100100100010110011001010000010001010
