0101001100101010000001010000000010111000011001110101111100011010
1111101001010011010011101011010110001000011101000011111110011001
0000000010000001111001111010101101101110101001000010110001100001
1001010111001101010000100001011011011101011100100001110011110101
1000100111101011100001100111111100111110100100001101100010110110
1111110100010101011110100011001101010100110100101111111011100010
0111110011000110001010001011110010110110111011010011101100101110
1001110000000011110111110001011001010101111110001101111111111111
1100110110000100111010011000100001100000101010111111010001011000
0110011000111101011100100101100100011110111100000001111000011111
0001001100010001110001011011011100101110101010100011001000101011
1110110000000001001101111100001111010011111101101101000110001101
0010000101111110110001101010011000011111010000000010000011010101
0000000101001001100100100001111100101111000011111101000110010011
1001011001110011101010010101010101100011101110010011100010111010
0010011101100010100101001110110011101101011001101010111010011110
0001100011100100101011111011000011101001100111111111111101000101
0111100011011010000111110000111000011001101000001100111100100010
0100011010111101010111101111111100000111111001110000000011011011
1001101000101000101000011000011000100100101010001111101111100110
0000001111001100101001011101010110000101100010100000010101000101
0011011100010110100110000011101000101100001011010100101110010010
1001100011001010000001100000000001001100010110110111010100100100
1010010110000010011111111010001010011001110001001010101000000110
0000101000000101000010011000011101001110110111100011100000001011
1111100101110101000100111001111000011111110001111010101010000010
0000010110111110010000110111110110110010111110010100110110011001
1011110001010110010110110001101111110000010111000100111101000011
0111000111010111011110010100010001011010000011011111011100010010
1001101100011101110010110011110111010111011011000110010011001001
1010011111100111101010011011001000010011110011001111110010101001
0101011110001011111010011000111000101001001000000111001110011001
0001100010111011101011110001100111111110000101001010110110101101
0111010011110101110101011101001001111101111110010011110001010111
0010000001110111011110101011101011001001001011100000010000000110
0101011110101000010111111100110101010110001110111110111010110000
1100101110010100000011000101011111001110011010000101110011011110
0101001110000000011101110001111010100001111010101101111011001011
1001011110111011011010010001100100110100001100011011010011110111
0110000110110110001111001101001101010101000011101110000001010100
0110000011011101000000101101110101000110101101110001111101011011
0111110010101110110011110111010111001110100110001101100011010010
0010001001100011011110000011100011001010011001010011110001011010
0100101001011011111001111111110100100101011001100011001110111010
1111110001000110010111001110100011110010100001010011001100100010
1100100110000111011000000001010011000000110011110110001010010000
1000110011111110000111100101011001010100100110011100001111111101
1111001110000111011101101110010000100011010100000001010111011011
0010111000011100011001010110000110100000110110111010010011100010
0001011100000101011101100100101011011111011010000111010001100000
1011010011100011111111001111010001010100101111110110110101100111
0111000011011111110010100001001001001011110111111000000000001000
1101010101000011001110011100111011010010001010010010011111101111
0100010010110101000100011100011101110110110010011110010001110110
0111010100000010000010011111011110011010000110001111111101010010
0001110110001011011000001110111010001011000010110000001011101000
1000100010000101010000110010011011111111001101101101001100110000
0101110110000101110000010101000100101011001001000100000001010100
1011100011111010001000000010100111001110011011010101101100000100
1110100011011000000101010000101000100011010101010001111101001100
1010011000000101011010010100011100010011101110100101001001010100
1011010011110010101010010010100011101101101000110100001100001011
0011110111111111111100000101000111100001000110100110111010011010
1111100010011111011010010000100000111010010000100101010010111101
0000001001110100110101101001010010100110000001000001010101000101
1001000101101010000110111111100001111010001111101110111101100110
0000110001101100101111111110000000110111111110001111100110110100
1100000010111110110010110110101100111110010110101101011011010101
0000000001110000010011011010010011011110000011001110001001011111
1110011101110010010000010111110100010011110011100001110011000000
1111110110000110001110000010000000101001100011101001011010000010
0011000100010001100011100010101010101011110010000001000001011100
0001000100011111101000110010111010010101001001101001001100010100
0111111111110011110100111100001111001000110000101100100111110001
1110100010100001101010000111111110001011110101110011100011000100
1011011010110010110001011011100011101001011101000111110000010111
0001000001100010000101101101010010100100011100000101100010111101
0101011100000100100111011110110000100100100110010100110011001100
1001110011100110100000000000101111101101110000100000101100001001
0111100111100001010101111111000011101111001110010010100100110101
1110111110111010010101110111110001110111001100001000010010010000
0100011010001101000111110111001011010001000001001110111000110110
0001001101111000111011101010110100101100000100110010000100101010
0100001000100011111001100100010101011101000001000101000111100111
0100011000001100011110001111101010001000000100010010010100100001
1000010010110000000001011010101110011000011110011110001001110000
0000011010110000011001011100000100101010011111111000111111010101
1101000110110101011001001100011100011100001001011111000111111110
1110111110001010000001111110111010110100110100100010011000010000
0111100011001010011010001111010110110001101110110101001111000010
0001011111000000101100111010001010110010001101010011001110100011
0111000101011100011111111101111100110011101001010110100001001110
0111101101110011011000001110000101101000101000010111110010001011
0011101111101000000000010011111011100110000001011100111011111010
0101111011001010101110011000010110010111110000100001011001011011
1010000000101111010000100101101010001101001001111110000100010001
0000110111110010100000010110010010100010101001111101001010111001
1101000101100001101101110010101101111001010110110110110101111000
1011100000011111001011010110011100111111101000000011111101011000
0001010100101011110000001000000101100000001001001110111110100010
0010101101001000010000000010111001010100111100110010111101010011
1100000001010111101000111010100001100010111111000101100110100001
0100000101110101011101100101011110010100010111001001000000101111
1001010010000111101110100100110011111101010011111011101011001110
0000001001110010010011010110110101110100011011111111101011000110
0010010000110100000101000111110100001100010111101110110011010100
0111101110101111110001011011101011001011111110000000110010010101
1110110000001111000000110011011101001100001111110000011010011000
1111001101111000011001010101111110011111000110110011111101100101
1010001010011010110100000100001101101110000010001000100001100011
1001010101010010010001100011011011100010011010100001111110011111
0010110101000110000111010111111111001100011011001011011001010101
0001101000010111001101100011111101101111010110001111001011111111
1100001001101000011001111011010110101010010011011111011010111000
1000000011011100100101111011011010000100111010111111010110110101
1100111111100010011011001010010100110101001011110010010010111110
0001101110100000111010010001010110000101000110001010111011110010
1111110111111001010000110111000011000111010110100111011001000101
1000000110001010000100000101111010100111110000000110011000001111
1100001100111010001001000100111011011110010100010010100101000011
0010000101100010001110100010011001001110100011100010000000010110
1100111011011100111100010011100010000100110010010111111110010110
0101111111111011011000110110000100100100010110001011111011010011
