1011001011111011101100111010001001110011100011000010001101110010
1100011110101011100000000111111000011011011101100110000011000100
1001000011000010011101011001011110100111100110011110000110101000
1001011010000101101001010100101110101101101011100100000100110001
0101111100110101001111110010100010000010010000110010110011010111
1110110100001011111011100011100011010001010001111001001000111010
1111101011101101010011111111110010111110011001011110010000111000
0001100011111000110011111110011011000000010101111111000100000111
1111000010010011000001001100111000111111000100011111010110000000
0001010111110110000001011011010101000100111111010110001111001010
1100101011101000110100100100001100000100001010001110010110011111
0011110110011011111110001111010110010010110001000100100110011000
1010000110011000100001010111001010001001011100101100010010100000
1111001011010100110011010001000110001011011111110100011001110110
0011100101010111010111010101010111011110101011111000110101000111
0010101011000110011110101100111111011011101000110010000101001010
1000010110011100011011110001110111100001010111111001110100011110
0110010000001101000101011100001100001001011101101111001100110010
0101000011001011110010110101101011100100110011011101010110010010
0001010010101001011000101100110111111100100011111100011000000101
0010000111000000011001010010000110001110110011010110000000001100
1001100100100110111001000000101011101110011100111101110111101100
0101111011010000110101010101001010100101000100101001000111111000
1010111100000000111100001110110000011110010100001101000101010101
1101100101101010001010000110001100101000110000101110011010100011
1110111011000000100100001001100000101110000011110111000010000100
1101010100011011110010101101111000010011011011001111001101011101
1101001011001001000001010101000111000010100111111011011010110010
0100110000001100011000010101110001100001111110011010011111000011
1011011100101000000001111001110000011111100001011000011001000101
1001001011101011100101010110001100101101011111010001010101100000
1110111011001100001010000100010010110011101101011111100110111010
1001000011010011110010010010111011101110101010100010001100011011
1000001111001011011000110011000101100100101011000000110110010011
0011010101010011000010001010010000011011000100101011001000011110
1111101110111010100010111000100001100010111000011011101100101011
0100000011100110111100110000000111101001110010011010011011101100
0100000111011010111011011010111000000111001111010010100010100001
0001011101001110001011110010001010001101100101001010111000111111
0111110111101111001001010110101010111111001110001001111001010111
1001011101000010000000101001000101000111110110001100110110101100
0001101011010111110001111000100100110000000010101010000101100011
1111110111011010111111111111111110100100100100010000010001001001
0111001010100111000010011000100111001110100010101001010110110010
0011010100011111000001101111101011011111110101100111100011101100
1010101101001100011111010011111101100100101001001100101101010100
1011000000101001010010111010101010101011010100010111100110111001
1000110101101011010101100100000110110010001110111001010100110011
0010000111011001010010111111001100010010101000001011000001111111
0100011011010100011011111011011010101101100111110011100001111101
0111011000101100111000011101011011100000011000000101100001001101
1001111000111110001100100100010011100000100001000011101100110010
1111100010011010110110100001000100000011000011011011110011101100
1011010010000110011110110010110010100001011101001000101000111110
0111011001001000110111101101010100001010100011100010000010100011
0101101011111101110011110111011110001101001101010100010100001001
0101010101110000001001001010110010001011101111101100001000111001
1100000000010101000001111101011110110111100111110100111101000110
0011000111110111111001100111000111000110000110111000111111011110
1101110111010111010000100011101101100010011110000001110001000100
0101011001100001001101010100010110100010100110111110111110010101
1000011011001101011101011010001100100000001000110001101000100010
0001100010110000000110000111101010010001010101000001011001010101
0110000110001111000110101101100001111000000110011000100111010101
0111001011001111100101011101000111110110111100100100000110110100
1111111000110001100000110101011100111001000000010111011010110011
1001110111111000011011100100101110001101111001010011111101101101
1010111100001100010101011000011000001010000011110101111000101100
0001001010000110110001010100110101011001011001001000101101101000
1101111011001011111110011111101110111100110010110000111111001110
1001101100001110111111101101110101001101111110111001011100110111
0011100101110110111010111010110100010100110000011010110001000101
1010001000010011001110100110100111101001001001110000111010110001
1000101010111011001111001101000111000100010011110010011000101011
