0010010000110111100110010101100100110100001000100010110101110100
1001100101101110101001011111010011100010101110110110111011101100
0111000011111101000101110010000011010011111101001000001100110101
1111110100101111011010001000100111000001010000010000010111001000
1011101101001011010001110010011111000100111110000111011001110000
0011111001011010100101011101010111010000001100011001010110011001
0111011001001001111001010010011101111011111100011111101100011110
1001011111011100010011010110110000000100111111111011001111010001
1100001110000101111010111000010110001010001101110001001110011111
0010011100000010000111101111001010110001001100111011111010100001
1110110010100000101110100101111100001010111110100111100010011111
1000001110111100101111011100000010000111111111111001110010111100
0011000111010110110000000100101110000101000111110101111000111101
1101000101001001110111101001110001011011001111001010000010100011
0100000011001011111110110110001010111011100101101110010111000101
0001010011011011011110010001100100010010111000111101111110010110
1100010111011001110101011000100101000110111010100011001010110001
1100111110101001000000100101110000000011101000110110100110110000
1100111000011011000000110001011100111110101100011000000010001101
1010111111001111001101110110001101110101110110011101000101010011
1101111010011001001010010110100111100011011111000101001100001010
1100111001011111010110001011000011000100100101100101101001010010
0000011111101100011100111000110010101110101010011110001110110000
0100001101101001100000001101001011110111011100111100011010010000
0001111101001001110111101010001110010010100111011100110101111000
1101100110010001100100101101100011001111110110000011010001100110
1001111100100001011101101010000111010110100100110000001010101101
1001110110000000011011001000100110000110001000111100000110100001
1110001100001100101011010100111011000010010001000111111101111101
1001010000111010011100010010100111100111011100110001110110110010
1110100011110000011101101001010101000111010011110100001110010011
1010111001010100100101100001100111101011111001001110110010010110
0101011101101110000110111011111011101011100011111011001110110010
0110110010100011100111101100111111101111011000011111111110001010
1000101100011010100000111000101011001100101111010111101101000001
0101111011111010011110110001111111001010010101011011000111101111
0101010110000100111101111100011110000101101100001101011111110010
0100011011111000110111000111100100000010101111011111100011101100
1111110110011000101001111010011111110101111010110110100001011100
1111111000000100011110001010111101010100000110011110101010001010
0111110111000010111010101000010110111011001111010011101000011000
1010010111101000000101110000010100111101111101100110011100001010
1101100101010010001000110001111001000100110010101010100010100101
1100111111011011011100111001010111000010001001000011101010100110
1001101011010111001101000100110011011110010111110101100110010001
0000010110001111000110001001110010110000011010011100111010110101
1000100011010101111101001111100100111111010001110001100001101111
1000101101110100001101100101000111111110110101010000011100001111
1100111100101100010010000111011111010011011100000000110110101101
1111100000110010100110001111010000111010000011110111100010011010
0011100001110000010000101001010110011001101011001100111000100010
1100111010101110101101111000110011110000111010110011010000011110
0110010010110001001101100010010111110101001100101101111001001000
1111100011001010010011100111000001101100001100000000011000110001
1010011001001110000001000101010010010101101100101111110111111111
0110110100001001000101010111010011000110101011111100110010101010
1011100110100111000000101011011110000100000111101100001110001000
0011110010010101111111100000110111010111110000000001010100111111
1001110011100000010111000001110110001010110011100011011101101100
1111011101001001010001111010111110101100000001010000011100111101
1011001001110111110100111110101011001100110000101110100000100100
1100010110111111100111100011101110100010000000110111110010111100
1011100001000001001101111110111100101100100010010110011111100000
1011110010110100000000010111011010000010110001011100010100000001
0010000101001110100101110011111100101011100111001100000100010100
0000110110101110110011010100101000001100000100001111111010011001
1000000011101110011101001111111110100010100001101100010001000110
1100110111001110100011100111101000110000011001100110010101010011
0000000010111011000110000011010100110010001100101010110100101111
0000100000000000111011100000010001001001110110111111011110010011
0100010111001011010101101010101110110010110100001101110000010000
1111000010111011100101001100001110100011000100011100100000110100
1000101010110011101001101100010011000011001111110011011000100101
1010000110110001000011101100101001000110001111001011111100001001
0101000100010101001010000101111111000000110110100111101001001101
0100100011110100010100000101111010000011110010110100110111000001
0000001100111111100011111111110001000111111011101010001000010001
1111100100111111011110110100011111101001001011100000111011110000
0101101010010110101100110100111001001011010011011001111101111100
1000010101011010010010110111001100110100111001111110101100110001
0100000101100000010101111101010011110110111101110001100111100000
1011111010001001011000100111111001100010110000010010100010101100
0110011111111010111111111111110000011111110000010101011110010000
1101100110100011101000110101100110011110011110111111111010111001
1100101001110110011011011111010101011111111010011011001010110011
1100011011010111010010001101011110001000111001011011010001101010
1100000101110101100000011110101000010001001001011100110011101011
0001011000011101001111000100100110100100100111110001111010101111
1011111111010000101101011101011001100101111010011000100001100000
0001010001010101110111100000010100000110000010010100010110101010
1000100101100000000110001001110110111100100010111010101010011010
1111111011011100100110000111101011010001000110011000000010110010
1101100010011001001100100100001100111010101001101010101000000111
1100100111001100100000001010111011111000011110010001101001111100
1010100010011100110101111101100100110110110111110011001001110111
1111100100110000100110101001111101000100111100111000011000001100
0000101110000001000111000101011011000001100111111101001111100000
1101110101000101101000000010000110110001010011010111001000100111
0011100001000010110101110010110011000100110100111001100001110001
1001100101111101010101100100010000100011010000110010101010100100
0000001000011001011011010000011001001101001110001000010100110001
1000101110111100101010100100000011000001010110010110110000010011
1001011110111000010100100110000011001110110011110111000001011111
1100111011001011100110101111011010000101111101100100111110110010
1101101010101101000100101110011000101000010101010100110000100110
0011111110011111101001101110000010101100001111100000101001011010
0110000010011010100010000110011001110001001101010010000101000011
1101101110111010100001100001101000000010010111101111100001000100
0100100010011011110101000101100001010000100110110100110010011100
0101101111111100100001000011001011100110001101000110010001000100
0101011110110011111001000110000100001001000011101000100101110011
1000000001101111000010010111111100110110101101110110000110101001
