0101111000001001011001100010100001000101101010101000101010100010
0110001100111100100100101101101100101100001100110101000101101111
0101101111111001101011111110000000111110111111001110101011100100
1001010001001011001011110000001001001000110001011001011001101010
1001101110010011000110101001100101111111111010111000010111111011
0010111011011001100010101000000110100110110011010010000110111000
1000110110110001011001110010101111100011111001110011100101100101
1001010100000110111010000001001101111010111011010010100100001001
0011101100101110111111010011100101110100010101011011010011011001
1111100110000111110010011010001001111010101111100111010010100100
0110100110001111110100111110110110111100111000010011000100101010
1111111010010000111110101110000010110000001010101001100010011000
1001110110100001011101010111010001010111011011101111011100001011
1110000000011111001011001101100111001111001110101010111010000111
0100001101011101110111100100011111001011100000010100110110000101
0011110010101001111101010100111001011100110101100001010111110010
1011101000010001100100111111111100101011111111100010100011000010
0000000110000001111101101100110010011011110110110111010011011011
0110011111011001100101101101111011100101101110111110011111110101
1101110100011011010100111011010100010101111000001100111000001111
0000110110000110111110100110011010011101101100100101100100110111
1111101001101111010000100000101010101101110000110111000010000010
0101110011001011000101100001110110010001010001001000111000111110
0110101010001001101101011011011100110111111110110111000001010001
0101000101011010011111100101010100110100101100010101010000010001
0101000010000001101011111100001000001101101010101001010100011011
0010010111010110000110000001111011011000011011001110010010100010
1110110110011111110011101000101101010011000011011001000100001010
0011011101101000001010010001111001100110010110110001100001001101
1101100001101000001001000101100001010111011000001001001000010110
0101100011000011001010001001000110011011101101010101010010111111
0010001000100110010100011011001111100111000011111111000000101101
1011100010101111010010000010001011100111010011100001010111111011
1111110010011111001001101010111101101011101000010111111000101111
1011010101010010000010100000011111100100101001110010011011011010
0101000100001011011011001100101010000010111000010111011001110011
0011101111010000111111111101110010011010000001101101011100111000
0100001101011100010011100011011000010101101111111011100111011001
1110110011100010001100111111001001101001101100110010101100111101
1011001010100100110111010011010101111100110110010000101011010011
1010010010010011110010101110110000110010010101010000100110111101
1111001101110111001010101001111101110110111101011101010011010010
1111000000011111111001110000000011110010001000100000100111010010
0011011100010110110111010100110110001011011000111001010110100011
0010101000110100010011010010110000000101110001010111000101001110
1000111001100110110001101011011110111000000001110111110001010000
1110101000011110101000011001100001101100110111101000000110001111
0101101111100000101011100101000100111001010000001011000110010100
0111010000100001001011011110001001000000100110010111010011010000
0011100000100011111001001010000111000010001011100000010000100010
0101101101000000001111111110100000001010000011101111110011000110
1000000111010001001101011010101101001010111000011110000101101011
0111001000111010000011110111111100001011001000010111101101111010
1001100011100001011100110010010001001001110111011111101011101010
1011011100010001001000011001000001010010111111000001010010001011
0100110001100001110001110110100100011000101110100100111100011101
1111100100001010001010111010100101001100100101110001101101110110
0000111001000111010001011111010010111001011010100111110000101110
0011001010001010100110000001101111101011010100100110010101011000
0001101110010001000100000001101000010000111010001010011101100101
0101000101111000000001010100110111100000011010011110111010010101
0010110011100000100111110101000110111110111100111111111001010111
1100111100011000101001001111110001010111110110000010000110111000
1101110001110110010010000001000001100001011001111100010010111110
