0010011111001000111101100100000011011001100011000110001111011011
1010011000110001101010000111110011010111110011101111101011110010
1001011000001110110010001001101110001000010010111101101110001000
1001101010111111011010001111011011001001000000110100001011101101
0111101101011011100111111001100010010011110101010111100011001001
1100111011000110111111101110001000111101101110111001001011001111
0110001101001110100101000101001101011001111110110111111110000101
1000000000101111111000011100101101001101011100100111111110000010
1110000001000011110001000100111001111100000111111100010000000111
0100110101011001100010010111000111100100111100010010111001111010
1110010110101101011111100111101001110001000110100011111011000100
0011001010011101010101001110110000010110010001111101100011100111
1010110001110101110101111110111110011000100010001100011001111000
1100011110010010100010010100001100010000011010100110011101111001
0011101001010001110100110001101000101111111010111011111100010011
1111010001011111111111110101101011111000110010011101100101001000
0000110011101111110100010000001110001100011010111001110011101100
1100100100110011001001110111001101010101100100001000100000000111
0100011110010001101001010001111000100011100001001000101010010001
1100010011010010011110101110010101000100101110110001101101011100
0101001000000001011110111001100010011110111011110010101001000010
0010100111110101111000011111001111010011001111111111100100000000
1001011101110101111110010010001111000000110101110010110111101111
0011111000100010101011101101000111000011011000000110001000111100
0000100000101111111100101011110110000111001001000011010101011110
0111001101010011010100100011111101100010100100011010111000100001
0000011010111001010100111101101010111110100100111100111101001010
0011101011001011111110111000101110001000011010110010111100110110
1111101100111110111010010110010011111000110111110100110101101011
0111101100101111100100100111000111001000000010100101001111001010
0000100011000010011001100111011011011001001101111111000101101000
0000101010010101000000111011111010010001010000111100000001010101
0111011110110100010110011010111101000100001110011001110000000101
1010100111010000011011001111011101101110010100100001011101011111
1111101000111100101100010011110101111011010010001100111101010001
1100110010100000010001001000001000100001000001000111110100011011
1011111000001101101111010111000100011111010011010010101000010011
1111000011010101111010111101100000101101110111111010110000001101
0101010101011000010011111111101110101000111000001101111100011000
1001000001011010111011111100001010010000101001010010010010010100
1100100100100101100100001001010011000111101101011111001011101111
0011011011010110100000001001010010100011011111000011111100001000
0101001001101011100111100011101110100000011100111000101111100011
1010001000011001000110100010001011000000011011111000011110110011
1001101011100110110010001001001010111100110100100111001001100110
0101011001001001001101111110101110001110011110100101111101011010
1010110111000001110100100110110100010011110001000000101001111011
1001000101111100110100000111101101001110111101010110111000101000
1111000000010001110001100111100100000111101001000011110010111011
1101011010010111101101110001001110100110001100001111110011010000
1101001001010011001110100110010100111110001001001100100111110101
1010000010101011000010100001001011001000001101011110110111000100
0101100101100101100011110110111111011000001011000000001101110101
1010010001100011001111001011111010001011011110111101100000000110
0100101000011000011011111101110101000110101101111011110011000100
0001110110001000111111101001100001001100000100111101011010100111
1110111001010110001111010000011101101110101010001101000101100010
1011100000100101010111011001001101100001010011011101000111001110
0001011011100010100000010100101100100010110101100101010010011011
1100100110110010100100100010010110101010110010010100011100110110
1110010011000111000000001111001110000111000011101010101011001001
1110000001100000110010100101000101010111111101110110101010101001
0100000110011011000001011010111111011101111010000111100000110011
