1010100011101101011000100010010111000000010010110001001101101111
0101101100011001110001100101111100110010001100100011010101001100
1000110101111111100111000101101010011101111011111100011110101010
1000101010001001010010110111111010011101001000000101000010001000
1101010001100011100011000001111111110101011001101110101110100010
1001010100101010110001101000111110101011111000101011111000000011
0111011000101001101100111100111000110011011000001010110111111111
1011001110111011010111001101111010111010010011010010001110101111
1101111110110000001001110001001100101000100011000000011101000010
0000100011001010110001101111010101101101111110110011111000101110
1101101000010111000010011111111110001000001100011101010111110001
1001011110111110100011101000101101000100101110000011001001011100
1110011000101100001100100100110110100110101011111110110000010001
1010010100110100010111000110100010110101100000001100010110100000
0001010110001011111000010010010100010110110011100010111011111100
0000010001101100101111101000111010000000011010011110111100001110
1101110101010011010010110111011111000010110011111011010100100010
0010101001100001001100001100100010011011100100111011011111010001
0101101110101100111001010110100111001011011011000101111000111010
1011101011111101011010001010010100101101111011011000100111101000
0011000100010000101010110110101010110010001011111111000010001011
0111010110101000100100111011011010100100100100111111000110111001
1101010011111011111111011110101110101101100111111010011100111001
0110010011111110100010100101010101110011100010000110001001110011
0101010111111001110100101001101100011111011100100100010010011101
0001100011000100001101000110001000110010111111100101110010001110
1001101010011001110100011110101010011000110011101011111010011011
0001001000100010100110101101100111010101010100001101000100100110
0110001010000101110111011111101001000100111101000011111100011101
0111000000001010001011000000100110111100100000100011011100010001
1101111001101010000100011100111001010101100110100101101101000010
0110100001001000111100111101010101111000111010110000111110010010
1100000011001000000111110001110010101101001100101000000000000011
1000101110011001111111101100011110111011110011110100100010111001
0111101000000110101100000001100001010000101100000001000101011111
1101000100111111101010100111000011011100011101100000001100011011
1001110001100011101010111011000100001000010111001101101100111101
0000100100111101110111001011011110110101111010011011100100111100
0001010000110001010110011001101100101101100010101101000100000010
0101010110011001110101101000001000001001111100101111111111101110
1001110111011010111110000010001011010001010110000110100111101110
1000101111101001011101010100001001010011011010101011011100111001
0111011101101001100011000110100101010101010001000000111110101001
1111101101011001110110100101100101110000000101000101001001111101
0100011100100100100011011011001000110111101001100001100011110010
0111011110100110110110011010111111001110101000011010110001100000
0010101110010110100001110111010100010001011100101101010001000100
0011011100101001001110000011000010100011001011101101010010000010
0101011101111001010011010000111001111001110001011110010011000010
1111011101111111111011001110111000100010111011111000101000000000
0001011101000100111111010101100101100001100000001101000001001100
1001001111000001010101110010101010111100100101001110000001101110
0010001010100100010100010111010010100110010100111010101000101010
1100000111011011111110010000011110001111111010001011000111111000
0101000011110110011000111100000001011010110001000011100101111010
1010101010110100011011100110101111001001000011011000100011101001
0101001011001011000000000101001101110110011011101001101000011111
1010101101100101000011101111000100000010100101000111000011110111
1111011111101100011101100010101000010100101111000011001010111001
0111010011110001000101110110011101011111011111110000011001001111
1111001000001000111101001110010110000010111011001110110011011001
1111100100010011011011110101001110111100010100111010100111010010
1100100011111000000001110011011101001101101011111101110100101111
0001010111110100001111110001111011001111001010100011101100101000
1000000011111000100001111101001111101010010000100100010010011010
0101001111111100010001011000011010010000011000100111100010000000
1010101011000001111000011110010011101011101101101111000111001000
0101100100111010101000000001111111100011000111010110100000111001
0111001001001001010111111011010011111100110111111010101101110101
0101111010011001111101110000111111101000010101100111000100101010
0000010100110011100000100011100100000101111110100101110010110100
1101000010000000101111101000101110111101100100001110001010110011
1010111100111001111110000101011100110110011010010101000010101110
0000001000010011100111000111101011110100010100100100101001011100
1010101110010100001110100010110110111001111100110010101111000110
0110111011000100010000000110011110001001110011100101010001010010
0000011011100011110001010111001000011010001100101010010110000101
0111010111010110100001011000000010000011101000111010011000111111
1001111000101111110011010111011010111100100100111101000110100110
1110100111010101111101001010100101101001100110111010000111010111
0110100011011110001001001111101000101110000000110111110001010011
1100101011111011000110101111011011101010001011110100011001110001
0110010110001000111000010110101111111110010110011010101100111011
1011110001011100100010101101001000011000111100111000111100100010
1111101011000101000111100101010000110001000100000010010000000111
1011111010001101111001111000100000111101110000100010001010100001
1100101100010010000001100101101011010110011010011100011101100000
1111110111011001101001001010101110000100000011100001001101100011
0001101001011011000010001100011110001010110101000110000011011111
1101110001000101110000010011010110100000110000100010001111110110
1001100101110010011001001101011100011111000010111100011011001010
1000101101110101111010011100001110111000000011101100101001000100
0000001000110110101101101001010001101010011010100001100011101101
0010000000010101010101101011000110010001011111001111110100110001
0000111001110100111011000110111000001001000011001000100011111000
0011110000000101110010100011000111000011000101001011101010001110
1101011001101110010000111011011110000100001100010000001000101000
0001000110000000110100110011101011001001100111000010000111010100
0011110011101110000000100110110111010100000110101100011011110101
0100000000000011111011000011100111100100000010011000101000010100
1011101100001111101011101101111010000010110001011010010111110111
1111000011101011011101010110001000001001001110110111011100000110
0101000101110010000001110101100110101000001011011011111101100000
0010100101000000001110101111001010011110101110100100011001110000
1011001011000010001001101111101110010101010110101000111010111100
