0100001101011001111101110110100100001111000101101101101010101111
1010011010110011001010111100010100011001110111111001110110001000
1111110110001110111010011110010111100010100100011000011011011110
0001000001101100111111100110110000100011110011100110011111010100
0111110111001101001110010000000101100101001111001110010001100010
0110100111001101000001001110111100110000110010100011010100101110
0100111101000000101111011110001110100011001110000111010101100001
1000000011111011111110111100010111101100001110111111111100100011
0001101010000011010111000000100100000101001111110100101110110111
1000011001110111000111111000011111110101101000001111100100011100
0110110001110000111011001011100010011000010101010110000100000001
0011001111011011001101110001010101010000110011010010011011000110
0100010011100100011000001110111011000101111100100010000011110111
0001000010001110100001010111100000110010100000010101000110110101
1111001011111110000110100100111011010101110100010110100001101110
1010100111010100001011001010101100001101000110110101110100001010
0000011101111110011000101110110010101101110010111110100011000111
1110000110101100001100101110100110110100001011111100111000001011
0001010010100101110111011000001100000100101101011111000010001101
1011001111000100110111000000111011101101101110100111010010111111
0000000000111110100010101101101011010111100010000000000101100111
0100000101111101010110111111110111011101000011101010001111101101
0111010010100101000101110010100101111100011000101001100000010000
0100001111011110011001010001000000001101000111101010001011100110
1110100010011101111010100001000011110111011000000110101111001110
0010011010111110011011010011100101100100100011101100100001101000
1111110011111101001100011100010110000111111111001101111101101011
0010001011011011011110000010111010110100010100101010101110010100
1001001011110011011101110100010110101100101010110100001100100010
0001110111101001010100001000110010011100101011110110010000101001
0100100110101010100001111000001110110001100010100001111110110001
0011110011111101001111100011101010101111001100111111011100101010
0101101010000111011111111010110001001111100110001000010111001010
0011100010100110001010110101100110011110110011100100110110011001
1001011010101100101001011000000000011001000110111100110110011011
0001100111011101011100001110111010100111100000100000001001101000
0001101001100000000010100111010100011010100100001101110110010010
1101001100111111010111000110000010011001101010111010100110101010
1011001111110011100010010101011100010100010000000100110100011001
0010000110100000011000011101000001111110000100000010011100110010
1001111011100001011010100000010011011100001001110010101110110101
1000000010010000001101110110101001010000000011001100000011101010
0111100011101001100011000001110100000011011010101110010011011001
0000001100000001010010000110111001001001100110000010000110001110
1010000100100000010011010111101011101110000001100100000011100111
1010011100110011010111000111001001000000100101101110110111000101
1011011101001100000010111101110111000011101000111111101000101001
1100100010111111100010100000001110100101101100001100110101111110
1011011100110110111001001111111101111100011101010100010110100001
0001011100110100101010111101001111100000101011011101011001010100
1100011001100100000001001000000110101001110111100100100000101100
0000001100011101010110010001001101100110110111000000101000100001
0001010100011001000110110011100110001010100111010110100101101101
1110010011000001011011111000100110110010010110010100001110111100
1110110111011000000100101010001011010101001011011100100110000111
1100011010101111001011110010001001000110010001100101111011000000
1011110111100011011011101011001101001111001110000100000101010001
1000001101101010100011010010100100000000011100110000011011101010
0100001110111111110010100101111101011001011011101110111111101110
0111100010101111010001111001001000011101011010111110000101000100
1010110100000000001110010101011001000111000111111010110110100100
0101000101010001011111111111011111110000000001101100101110100110
0100101100000010001111001001110001010001100101001100100111010001
1000110000000001111010000100101100111101111101010000111010101010
0011101000101100111111010100100110010010000000100000000010001110
1101111111011000100000101111100000111110011110011000011101101101
1111001000110111110011101111101010000100010000000111010010110100
1011111001000100100000111101101011111110000100011000110110100111
0111001011010101001010100111101011000001100011011001000001101110
1011101010110000110000111011101110111001100111100010010010101010
0101000001000011100000010101100110001100000100100101011010001011
0101000010011001000011010101100111111000011000100001011100000110
1111100000111010000111111011000100001011000010101111011001011101
1110001100000000000110111001101111101101111100101011001000010101
0101110111101100011110001011011101110111111110110001000110110000
0110110011000011101111110010011100100110101010100110110011000001
1011010100101110011000110001011010000111111101111111011110101100
0101101011000010011011111111100010000001111001011110111110011111
1100011000111110001010100100010110111111010110111110001000000011
0110000101000101001101010010110101111010000110000000101110110101
1100001010110101010100101111000101011111111000110001100100100011
0110010110010011101010101101100100000100111100100011111001011101
1011011110001110001011111100100110010010101110000100010101011010
1111111101011011000101110000100000001000011011111100001111011101
0111000100000110001111110000011100111010001100001000010110010000
0000101110101101100010110010010010000000010101001110101001000001
1010001101001101101100100000001101000000101000110101001001101110
1111111101100101001111111100101010000010100010100010011101001010
0111001010011111010110101011111010110001101111001010010011110111
1100110100111100111011001010001110001101111010110100000110110111
1011011110110010001011011110101011010110001101011010100110010101
0111100000010010110110110000110011011001011001111101000101000100
0000110000100111110101111110001110100011111110010111011100000011
0010001111010100110100000110100110100010001000101001110100101101
0001000100101101100111110000001101000101101100111110000100010101
1010011011100001110010000000100100010111001110101101111101101111
1001100110010010101100000011001110011000101000100011001111010111
1101110011001100010000001101101000011100010010011110110110001010
1101000000101011010000011010010110111100110011100110001010000110
1110111011001101000001000110000001001110000001011101010000001101
1010011000101101001110100001101001100101101001010111100010010000
1111111101010011110101011010101111100000101010010011100111111010
1011011010010110100011111100111010001001001001001010010011000000
1000011001101010111011001011001111101110000111101000001110111111
1100011101111111100100000001110101000101101110110011101100011011
1101111011111100000011101110000111010001100001101001011110011101
0101100101100101000000101010110010111110010111001000100100111101
0001110110111111010100111010100000110001010111110010101010110100
0101110110111010000100000100111000110101100100111100010001101010
1111111011101111011110101110110101000110011111110110100011001001
1111100110100000011010000101101101001110111111101110100010000110
1110001101001100011101110111000001111010000000011010001001001100
0000101000100111111101001010011110011101111101101010101011110001
1000111010110111010110010101101101111011100000101100100101111100
1001110000000101010011001101100000110111101010001111101011010111
1101011010001110010000010001100111101010111010000000100100111100
1110110000100010100100000111000001001000100010010000100001100111
1111111011000100001100001111000011101011000101100010111001110011
1101101000101100111101111111111010010101011110000101000110010011
0100111001100001010100011111111001010001010001011011111111111001
1111000111001111010010001011100100111011000001011011011011010001
1110101101100100101100000110011111011110011101010010000110111010
0101110101100011010011110001001110011110101011000000111000110011
1011101000001110010000111000001101101110100101101010110011110000
0111101100111110111110010101100001000110110110001001110011000110
1011101001010001001001111110010010000111101111101000001101011000
1111001100111001000101101111001101000100000010100101000100000111
0010110011110101010011101010110111100111111111110010110000011110
0001001111100111101000111111110011110100001011010110001000011101
0010011000101111111110011001110111001100011110001100110001110100
1101110111111111101111010101100010100100010000010000111111010010
1110000100111010000100101110100011001110101001100010001010011110
0011001000000101010010010111111001000010001111110011110110010010
1101101110000110011001101001100100010111100001000011011010010100
0001110111001101100110010101111000000001100111000100010001111111
1100101111011110010111000001110010101110101001001001010111101011
1100101101011010111011001101010011111100100101111110101111101100
0101010100010000110100100010010000100000010000101010100010111011
0110001000111001000110011010101101101000010100100001000000001101
1011101000010111001000001011110001011110111000101100111000111100
1110100010100011111011010110100101001101001100001100111000011100
1011001011111001100011010111111010111100110011011101111001011110
0001001101110110111111001010100001111101001111010010000000110101
1110111101001111001001111010000010011100001101111101110100100111
1100010011000110011000110110011001010101010101010101111011011110
1100100111100011100010000110110001110010001100100100101001000010
1010000010001011101011011010000100010001110010011011101001100100
0001001101101001001001101000100111010100001111001110000101000110
0000110001101100000101101111111100001011001101011100110110100001
1111001001011111101011000110110101001011101111011101110000100000
