0111001000110100010101011110010111010100000011110011111011011110
1000000110010011101011011101101001011101101001100111010110010011
1110111000000100111101011011111011111111010111100110010100001111
1101100100101001111010010101101100011001101110101010101001010100
0110101000011111100110000110101010010111011010000010111110110110
0100100001000001110010110111000111011110010011011110000111101010
0001011111010110101000001100010010110100000001100101110111000000
0101110000101000111100100100101001100101010001011011001110110010
1000101010010001101111011001110010011100100010101111100101001011
0110100010110000111111001000110110101000011010011110011101110110
0110001010000011010100110111101000111011100101100101101010001000
1010100000100111111011011100010100010001111000001000011001101010
0101110010001101101110000010110010101101110100101000000100110110
1010001100001111011000110000010000001101010010000010101011100111
1001010101100111011101010000101111111001011001111010010010110000
1010010001111111101010011110001011011100011000101000100001111010
1001011000010100001110011101001010111110101111001101101010001100
1101000101001011101011010100011000011111010110100000111101000010
0100001000011111110010010010001010010110100111010111101101101011
0001001000100101111000010110111101100101100010100010010011111111
0011001100011011000110010101110100011011111001000101001110000100
0100111000001011101100100111101110001010000111001100000100011011
1001010010101001101011100011000100001101101011000111011010111101
0001110010000011011001010010000010101010101100010000101100010111
0000001010000111100110111010110001111011111011110010011011010001
1101111000011000011111101001101111110110011001000000101010010001
1110010000110100110100101000001010000101111001001111111000001010
1001000111010000101110011101110000001011110110111010111000011101
1110010110110101000111110001010000101110110100011100100110000001
1010101000001111011011001111011000111100001001101011111110000101
0111101111110000101110111111011101011011110110110110100101100011
0110100011110111111110111000100001010101011110110001001000100001
1011000110011101110010101110110000010011011101000100101011010011
0101101000000000000101000101111000101100100011101111001100010010
1001111100010111110110101011000011010010100000000110111100001100
0000011001100101001001100111010100011111101101000001100101100110
0000001011001100010110111010000010101001010010101010101001100110
0010101101110001101111000000111110011010101101000001001000011011
0011000001000101110111111100101010000011110011111011100010010010
0000011000111100010110000001110011010011110000101100110000011010
0000011001010110110111000011010011100010101000111011010001001010
1110101010101001000000001101100111101110011010111110011011011110
