0110101011101101000001101100010010010110010111110111010011010001
1100011001111010111110000111111010000011011010111001111110010010
0101010100111010111001111111010110110111110000110001110111110110
0011011000000000111111100101010011101111111010101010001011111101
1100111010010100010101000110110111111001101011000001001111000000
1101010001110100110000110101101010001010101101101001000000101001
0001011010010001000001010100001010000110011111001010110111100100
1011110010110110110010010010010101101010110010011111011100001000
1100010101001011011010010100011100101110111110110011100110000010
1111011101011000010110011110101000011001101000110001110010001010
0010111010010110001001001110000111001111011100001110101101001011
1001001100101011110100001111000000110000001101000100100110111100
1000110100001110110111100011001110111111110000110100010111111101
0110110011010111001110100000101111101011010011010000111011001000
1011110110110011001111101111011000101001011101110010100011111101
0110111111100001110101001110000001110110000110110011111111000110
1011000011111010011010111111111110101011000010100100101101010100
0001100000101110110011101000010110001110111000011011010111010011
1011010010111011010000110000100001001100110111001110011100111001
0100000001000111000000111111001010011111011101001001001111001011
1100000000100111011000000100010010110110001111101000100111010000
0100011001110110011011101010101001010100110000000000101111110100
0000001001000010101100111000010101100101101010100101001010001011
0000111100101011110110011001111100011111100100110100111100110101
0011111101100000010100000101101000001100001101100000110011010011
0111100110000011111001000011110110010101011000010111111111010111
0011101111100001110001010100100100010010001011101011010001000010
0000110110011010101100011110010101011101000011110101011001101000
1101101000110000010011010010000001101011000101101001010101010101
1000101111000101101010100011101111000001000111011111001110000110
0110111100010100100111010011011011110111011001101100011100000011
0001110101100010011110001101011001000010101100011100010100111100
1011101110001111010100001000111101111000110101011100110001000000
1011110110101110011111000100111000001000010011011110000100010010
0000000010001100011110001001100010000000100100011101110110101000
1101100000011000101100010111100011101000011011001101100101010010
1110000010001101111001111000011000100111000010001001100100001111
1010110111101101111001010100101010110100011110011010010000111011
1001100100011010101011000000011011110010000101011100000101110110
0111111110100011101010010100100110000010001010001011000001011100
1101010111001011011011101110101001101000011100110101010000000000
1000110010100010100010111101100010010011001111010111010110110111
0101101010011110100010010101010011011110101001101001001101011001
0001110001000010101110000010000001111011000000000111100111101111
0000011100101011111000100010101000010110111100101100100110010000
0110011000111100111100010100010001000000111001001010100010101011
1000101100111100110111010101110110101111110110000111100000001110
0101101011101110111010010101100010101111111111110001111111000010
0101101111001110111110100101010101010101111110110100101110111010
0001011000101110001110111101111001110110111001011111100010001011
0111100001101011011011011010000000100111101100011111100111011100
0010000111011011110011100011100110000011101000101000010111001011
0110111001110010111111111011101110111001100000011000110010011110
1110110100010010010001111001111011001100000010101101101111000001
0010010111011100010101000110110100001101000110111100111101101100
0000100011011111001010001010100110100100101001101111011100000011
0001000110011101010111100111000101000101001111101100011011100011
0010011010010000100001100111111111011011110001011000011110111011
1011111011101100111011101000110000100001011111101100100110100010
