1001101100101111011100101011100100101110111011010100100000111011
0111010010010110010111111110111000111101101000100110000001100100
1110010111111110001011100010100101110000101010010100101010010000
1111011011100001110001001000100001111110100101011010111100110100
1100101011110001001100011110101100111000111011111000101100000110
0100100011111101010101001011010101001110010110100010110011000001
0111111100000011100011111101110010000011011000001101110100010010
0110010100010100110001111100111101101100010101101010010010010010
0101100011011101001010001110100011111010000011000110111000111100
0100001110110000000010111000000000100110101110101000100000100011
1010100101001111010011110101001110110010000010010100000111110000
1011011111010011000110000111101011111100100001100001100010100010
1000100101000001000011110001111010001001111010001010110000111100
1010001010010011100111111011011111101111101100110000011001000001
1001110010101011101001000100111001011000011000110101101110011011
0001000110010010110000110001111100000100101101101001111010101010
0111101000000000000100010100000010111111010000000000001101000100
1010000110100011100101011001100111001110001110010011011001100000
1010011101010011111100011111001100010010010110001000110000110011
0000011000010010110011110000100110111010010110001010100011001111
1010000011001100001101101010100000101111000000011001110011011101
1111100100001111011001111001011001111101111001100010110100000101
1011111001101110010110100110001001100110111101011001011000111000
0110010100001100010111101010001010001011001101000000110001101011
0110010001001010011011110101011101011111101000110001100101000000
1000111010101110101111000000110011001000010110011000110001110110
1100100010011010000011100010011110111101111010010110000101010001
0010010100100101000111000111100000011011010100111101010111110000
1011010000001010010000010110011101011111101111111100111000101011
1001001001001111100001101111101000001011001111100011001100101100
0011111001011101111011111011100011111001000010100000110111010110
0000110000000001101111010000000000000000101100100010100001011010
0000011010101011111000010110110100101000101010001010111000011010
1100110001100001101011110011100100101010000010101010111100010111
1100010000101111010101011000100111110010011101011001001100010111
0110101011000011001001000110100110101111100110000000111011111111
1011001101000000000110000000101001100110010011111100010111001100
0100001100110101010011001111111010101110011001011000000101001010
0101000000000001000010100100100100110111101001111111000011101100
0111111001011110110111010110001100101100101110001111110110010011
1110110001011101010000111111111100101111100010001111011001010011
0110010000010010101000001100001000000011100111000111110011111110
0110011100001100100110100011100100001100100001100011101101111011
0010101010010100111011000011000110111011000010001101101000011010
1101011000011111111001100010001001111100010100001111110010110010
1111111000010001001110101111100011111111111100101001101100001100
0001001101111101111110010000011110011111101110011001100101000100
0010000011101100111110110111100011011101100001100011001110100000
1100101000101010110110000110111101001011001101011010111100101111
1100000000001000011110010010010100010100101101101011111011110110
1101011101000110111111010101000000100010011110001011100001110110
1110101110000100001010111001010100010011110000110111100010000111
0001110000110000000011111010110111100101010111001001111011100111
1001011001011010001001000000000011011101010010011111001001010100
1011101100010000000111001000100100110111100011101101000111101000
0000011100110110111111001100101011000101001111100000001001101100
1010011100000110101011000100110111100011001010001111111111111101
1011111111010001111101110000110100000111001100111111110110000001
0111111101011001000000000111001001001110101101000001101110100101
1110011010000011001111110101100111011101011000010100000001111100
1010011110100001110100000000001010101010101110111000111101010010
1101011011110110111001000110000100110000000001101001011101101001
0101010000100101101110110001010000100101000011010010101011001100
1111011001011000011110010011100111111000000000000100010010011011
0110110001101001000110011001101011000110000001000010011010000001
0101111100111001001110010011110110110010000110011110010100001101
0110010001110100100011110111011100111101001100110000001110010100
1111010011101001000001110000110011010001011000011001100001101011
1100101010001001001101010010010010000011010010111011011011000110
0100000011001011111001110111101000011110011101111010011001001101
1100101101111000101111011000010101111100000100110010001011001001
0010011110101010001000001101101111110011101111100010001001100111
0110100001101001100110011110111010101001111000111111000111110001
0000010100011011100010000011110100100000010001110111110000111000
1111111100110101001001111000101001100100100010101100110000111111
0111010011111100101100111111011110111101011110010111101101110110
0111011001110111011010000001110100110011010100101110111010000000
1011011110000110010101111100010111110011001100010100101111001101
0010010111111111101000010001001001010110010001001110101110111011
1000100000101010110111001101100000101010111010011010101101101000
0010001111010001101111101101100111011111110000001101000001100101
1111101100010111111001110111000001010001100010001001100101000000
1110011100100010001000100001100110111000101010110000101011000101
1100010111110011110000100001001000000001110001100001111111010001
1010000111110000100011001100100111100000101010001001100110100100
1101101000111100110000001111100110001110011100001010110111010101
1111000011011101000000100010001111000000001010100110110000111110
0011000010001001100010011100111011101110000110001101100101011100
0001100001111111011011110101110110001101001101010101011111001101
0101010110101110010111000011100100101101100111110001100111000010
1101011101111011101001010001010111001000110111000010110000100111
1000010100001000000001000010101000010100000111111010010011000101
0111110100100011110000001011101011110111111110110100010111100001
1010111100111010111100000001100011011010000011110010000100101000
1000100101110100010011010110100011001101001110001010101010110000
0010011100000000001000000011110111010011110001111010111001111101
0001100100101011110111100011111110101000001110111001001000101111
1100101100100010010001011011001010111011110011000010010011000110
1001011111010011000111001111101110010011011000111100101101001011
