0111110001011010001111011111000001001011111100111010111000000101
1111110111110100101010100001110101001010000101011001101110001001
0100101100100100111101000101000110001011100110111010011000101000
1111100000100001000011100101011100111000010100011000011010010011
0001100001111111111000001100100100110111010111100100111100001011
1111001010101011110001110001101111110011101011001101000111100000
0100111110001101010011010110010001101010101110010000110010100111
1100101010101101101000001001011011000101110011100001001100111011
1011011100000110001001001110110011110001100111010101001001111011
0010011111001011001011000111111000100001111010101010100101101000
0111011100100010111100001000001101110010001100110000001000001000
1111000011010100011011010000000010101011000100100101010011001110
1001011001111111110110111010010011000001001110100000110100010100
1010111110000000101000010110011100110000000100010111011101001001
1100011011010011010011011111101011000001001111110111111111110011
1111000111010011010110011100100010010101011111111110110111110110
1111000000000010001100000110000001011000100000100001110101100100
1110001001001000001101100110110100100101000001010001011011101110
0110001011011000100010100001001110111001111000100101010010111001
1011100101000111010111001010101011111111101101000110011100100010
1010010101000011001110000100100100011000000100011011011111001101
0111101001011111001010000111011111110111101011111100011100010001
1011100100101101100110111100001111111100000010000101100010111000
0000111010100001000101110101111110011011001111001100001011110010
1100010101100111000011110001000010010100011001011010110100100011
1010110001011110010010111101110101001101000000101110100101010000
1110101010001101101100100001011001110101000010011001011111001111
0111000111010101101011101110100100111101101001001011011001101101
1111011100000001011000010010110011010010110111110010000100000100
1111110110011101101010101011010100000001101010101100100111101011
1010011101100011000001011101100101011110010000000111111001011000
1010111010010001110101110101001101111110011101001010100011000110
0100111001110110111011010001101010010101111010101000101010010010
1100110001101010100001001000000101101101101011110011110100000110
1011110010010111001001011100100011001001011011011111000001011011
1111100011000000011000100100010001111101000010100110001001001000
0110010100001101111101100010000110011001100010101010110001100010
1011000001010101000110101000100001011110011011011110000110001111
1011100100100010000010000001010101111111011010101101000100101000
1000110001000001011000011011111000011101101001110101001010101101
0101011111010100010010001000010100111110111100000001111111000100
0111001001101011001111000101101010110010111111000100101010011011
0001011100001001001100010101101100100111110011011100100111010110
0111101000011110100110011100001100101100101001111001110100010001
1110111111100001011111000010000001110001111011101011101001001000
0001010001011110000111110110110011000000011001001010011011111111
0111011011000111001100010001100001001100111011001001000000101110
0000100110010000011111001011110101011100001000101100101101100000
1001011001000010110001001100100010100111100111000101011011010110
1000000100100101101111101011001011110101110010111100000011011001
1110100000001110101110010100100010111001101010011001111100101100
1111100010100000110010000111001100100110101011011110100111100010
1011111101100010000110001011000111000011101010101011101110111000
1001010011011011101101101101101000110000001001000000100101111110
0110111000101111110111011110111111010111011110010011101100010010
0000010111101011011010100010100110100110011010011111100100000010
0000010010001001000000010011111100110111100010001111011000111011
0110111100001110100001111111101011000110111001110101010111110011
1001101010111010011000111010101000101111111110100010110000000001
1110110010000010011001100011101110100110011111001100101000000111
1010101010000101110111001000001001111001110110110111011100010110
0000000101011100001110010111001010111111000001000000001100011011
1100101101111100000101000010011111000100011111010010011101000111
0000100011010101010011000010111011011110010011110110010100000110
0000010101100000101010001001100111111010110011100100101100011001
0010111100010100100011010100001110000000010110001111001011111011
0011111110100001011111110111010110000010001110111000110100000100
1111000011001110111101101000100110011110011001100111100110010101
1100101011111101011011011010011011101110000011111111001110100011
0000111001011000100001000111111001011000101101101001110100000001
1010010001100101000000101111001100000010010011000000001111111011
1110010000001001101001100101011110111111101001001111101110010111
0001000110101001000000100011101101100000011011110111111011011010
1100101101110100111100000101101010110111111100010101110000010101
1100011100111000000111100100100110000001000001000011001111000110
1000001000000101001100010110101111001000100111010000101000001101
0110111001101010111110011111011001001001100000001111010010110000
1110100001100111001011011101000100000100001101110101011011100111
1010010010111100101011101000010111011110001100011110111010111010
1011001001100010001100110111101101100001001100011111011000001011
0110000000101101111110001010110100111001011111110111011001101000
0000100010100001011101110100000111101100011001101111100000111000
0000001011010100110001000101001000101110001010101001101000101010
0010101110010010010110010110001000001001101000001100011000011110
1110111100000110101110110101111111010111011101100010000001001010
0100010100100111011011111001011010001011010001010010111010100010
1011110101010110111001000110000100101101001111110101000111011010
1011100100101111010010001100010010110011010101101110001110011111
1011110110101011111011011000001100000111010101010000010101010101
0111011101011101011101001001000001010110100111110001100011011111
1101001011110100000011101100010011011011101010100000101010001111
1110000101010111110011000111000010001000011100000011000000100100
0001111011000000010001001001111001111110100110010111011110111101
1010001000000001011001001001111100111001010001000001100100101101
0000010011111000101100010001001111100111000011010111011111010110
1000110001010010101011110000101100010010011001100101011001010101
0101100001010110111101110000011101000010000010010100111011001001
0110110001001100011111101010001111101110100110001011001001001001
0110010101110001010001110001110110010011011100011111111000001010
1100110000001101111111000000110101111001001101010111100000001011
0110100010000110101100101110000100100110000001100001111110000101
1001110111001100101110000110010011011000101011100111010110011001
1010000101101000010010010110101001001010001010100010011101101011
0100100111000010001001111001100100110100011011110100101001011010
1111100000100110100001100011100110001011101000111100110010100010
0011111001100101100000000001000101111010100011001110111010001110
1010000101011011110111000100000010001011010110010010000001100011
1101011010001011001110111100001001001000001111101000110110101111
1110100000101010100011001111000010000000000110110111010101000111
0000101100001101111001100111011010001110101111001010010011000100
0101011101011111101000100111111111111101110000110101010100101100
0001000010101001111101010001000010110000010100000111010100111011
0111000110010010000100001100010100011011010101110100100001001010
0001111110101101010110011100110011010011010000010011101011101011
0000011110000001010101101010111111001110010000001000011101110011
0000001101000001111010001110010110000000001011111011011100001011
