0101100001000110011111001000010101001110011110111000011011011000
0011010111111010111011111000110100111110011101011010101111111000
1010010111010000011000100100100111100001011111001101000110100101
1110011000110111000000011111000011011010100101010010001001010101
1000011010010010000011101101011010010001101011000100101110110001
1010100010100011000000000011101110001111001010010011110111011111
1001010011010010100101001111000000111110101001010101011100100010
1111001011100111010011100000101110110011110000101011000010011110
0011001111010100011110011111010111011111000101001111101000010000
1101101111100110111000011011001010110100100100100101000101000001
1100010010010101001101110101000010001010000111001111110011000010
1001010101001110111001111010001100101101011100101001010000100100
0111110000001111110001100010111000011001111110111111000010011000
1001100101100001000100110110100101010110001110000101011011011110
0011001001000110101000001000000110101001100110101011100011000100
1110101001110101010101011101011000010011101010101000011001100000
1001001101000010111110011100100110010101001111010100110000011001
0101101111111100111000010001110100110111000010100000010100001101
1010001011001010001011101000111000100011000011110010011110100101
0000010111010000101011011001001011010100111000001111010011110101
1111101001101100110011101001011100111000011100101011110110001111
1101111000101010110010100101001001100101100111010111100111011110
0110111000101101110010110001000110010111111101101011011010111001
0110110100110110011011100001110001001010100000010001010110001110
1010000000001100110010101101011000100001010010001000110100100010
0101001000100010000000111000111001100000001000010100001001011100
1101001001001111101000111010001010000111011001001111010000011110
1010101111010111010001010010010110010101110110010011110101110111
0000000111111000000100110110001100011111100111001010011110010111
1001101111110110100000010010101111011110101100111101100110000010
0011110011011100101110000101001100101001011100001010000000101010
0110111111111001100111011111110110110110001011001001100110011010
1111001011010100011001000100111110010111001100000110011100001010
1001110011011110011101110110100011111111010011100101101101101001
0110101011101010000010110011001000010010001000110010100100111111
1010101001110001100001010101111000010011001110000010011101111101
0000101001110101001100011000101011101001111101010000001111101100
0110100111100001100110100011011111001101111100100011001001101100
1010011111010100100110011011000110101101100101010110001001011111
1000011110110010001011010001100110000100101010010101001100010110
0000100100010000111100111010000111000000011111000001110100111101
1000111010000010010111101011000110111000100101001101100010111010
1110001000110111111110001111101011110110001010110011001010100101
1011100101100001101000111000111110111110110000111110001100001111
1100011110101011110000011001010100011101110111101011111001000111
0101101100011100101000110101001101011111110000000111110100101000
1101001000010111001100010000111101000110110000010001101011111000
1000010001001011100100111001011111011110111101101111001100110010
1001010100001010000010100110011101100110101100011100110110000001
0101110101011001000010011110110101010001110100111001000110001011
1110111100010010110100110110110000000011100101111010001110100100
0101110000010111100001000110011011001000001001111100001000101010
0110101100011110111000000101111100000100000101000110001001101100
1101011100010100111101101001101000110110111000110111011010001001
1110010011001001011111100011101011010111010111101110101011101110
0001101110100101101001011010111011101001001111110101101101001111
1110100010001011000100011011111100000010110110111101111101111111
0111011010101110110001000011110010011100001101001100011000110001
1000000011100010001100010111100111111010001110011100010010010101
0110100011011010001001001011011001100101001011001111010010011100
1011111101011011001101111100010000011110010001110010100011010000
0110000110110010111110010111000100010111110111101010011110111001
1000100101001110101110000101111101010101011110010010101101110011
1110110111001001111011011110001001110101110111110001111000010111
