0011110101011101100000000111101110100101000110101110001111001101
0110010110100001011011001111011001011100000111110011111010000110
1010001010000110100011111111111000010101101001110001000101011111
1010100000111110001001110010101110100001111000001010001011101001
0010010100000110100001000100010001101000111000011000000011110111
0100010011001101111110011000010110101010111011001010011101101001
0010000000111111011010011110011011011010101001100101001001001111
0001000101000010000011000100100000110100010110100010010001001010
1011001110000011001100011011010111001011000011011001111000110010
1110001010100110000011001011001010001100101011111011010101101111
0001001001001111100011101110110001100111010101000010000011001010
0010111000111111000110111001011110100001010100000010110110111101
0000110100110001100110000011100011000010010001100001110100101110
0011001100001010111010000001011101011010111011010010111000010001
1000101101001111110110111110010001001000111011100110010000001000
1011001001100111110100011111010011110010010001010100011111111101
0110000001011000100001110001000000001111000010011101000110100011
0011010101101011001011011000010010111001011100000110111101100101
1110001111010010111001111110000001110001111000110110111101001100
1100110100000110101111001010010101100110011001000100111111011101
0010011101000000100101101010001110000001111001111101000001001000
0010001100011010010101111011010010110000110000010110111000010010
1011011011000000001110111101101111011011101111011000101001111100
1110000110001000100111100100111000001001101100101111101111010111
1010111111110011110001110000001000101000001100001101110010100010
1110101101000000110101101110100111101110110100011011111111100011
0000100000011100100000000000100100001010110111111000010000111101
0001101001001001100101001100110110111000110011100110100010011001
0001010011001110001010101100111101001000100010000111011111101110
1101100111110010000000010111010110001011011111010011010001000010
1100110010011111001011000000111111011111010101100110110100010001
0010110000101001110010101100111111101100110111100100101000100100
0001011000011111100001000011110101010010010000101110100111000100
1111111110101101110101110001011110010111100010000100010101011101
1100101100111101010101110011010111111000011101111001111110000101
1100000001001010100001100110100101001001010000100000000011101110
1101001100010110110000001001100110010011011110011000101011101001
1111100100011011000011011101110000000010010100011001001101111000
0001100111001000111010000011101100110010111011111010001111100111
1110110111010010000110000110101001011101101011101110011101111111
1011100110001000011101111101111010000001100101111110100110110000
0110001101000000110010011001111000000010011111110100111111011010
0010001101000011001111001010110101001101010010000101111111100111
1010100011111100011111001101111111101110101101001110011100001111
0100111101110110100101000011011000001101111111011100001011111100
0001011000100111011111000010001101110001100111010111001111100010
0101110011000100001111111101011001100000110101010110111001011111
1011000110110101110110101100111001010100010111110110011110100101
1010100110111111010000011010010100111100100000100111100010011010
0111010001000110111000101010101010000110010111100011100011011010
0111010000001001010111001000110110110010110110010100010111100110
1001000100101010101100110001110111000000101011111010011100010000
1101001010000101110111101110100100111010001110110001000011011101
0110101100100101111001101110000010011110001000011110111110100110
0000010001111111111000010001001101000011001000111101001000101110
1000100010010011100101110000001110111100101100111001101010001000
0111110101110000110110110101011101101111000010110100110111111101
1000110100110110001011110100001110011111010111011111001111110010
0101110111001000001010000100101010100101111100011101010110100001
1001100111100000111000100011011111010110111010011111100111011000
1001100000011010110111001111001010100001101001001010100000000110
1101101011111000011011110000111101011011011011110010101010101110
0000100110001000011101000111111001111001101000100011101110110001
0110111100000010110010100011101101100011001100110011111110110101
0101000100001000000011110000001110101001101000110110011011001100
1010111010111011010001000110111100010100001010110011100111000111
0011001111101110010110000010100101011110100111001111011110001101
1111110001000011111110001000001011000101000100010001000110011001
1101111110100100111110011011100010101001001100010001111101110111
1101110001100111110111000011001110011100111000111101100100011101
0111011010010000000101001011010011100010110011001100101010010100
0100100001010001001110010111100100000101101000111101101100001000
0010111011001000010010010000011011111110110110000010111111110001
1010111111000100110011010011100001101011100111000000001100011100
1001010101101111001110011000100000100111110010000101001000100001
1110001000101111100100011000100010011100011010001010101111100010
1101011010001001001100110110011010100110111001100110110110100110
1111010010011110101000100010110111011011111100101000100111100001
1011000101111000101011100110010000010110101100000110111100111000
0110010010010110011011010010000111011000111011011110000111100101
0100110000000111010100001110000111110010111011011011000011011010
1010001001111111111111100000101100010011101010111100001111001101
0000011101010100010100011100111100111010010000100110011101111101
1010110110000000111001100111111001100100000100000100101110111101
1000110110101110010001101011110110011010101001111000100011101011
1110111000010000100011111101010101010011110100000010000001011001
0010001011100101000100011011110101001100000111111011011110011100
1100000111010111100000011000100000011010111110000101010110001101
1010001110101000101111001001110011010011001110010010101001000100
1110110101010100101110100000110000111111000101110000010111100111
1010001001110010100010101100011001111001110000100010001000110010
0010101011000001001100011101000101000100111101101101111111000000
1100010101000001010011001100110000001011000010100011100101011101
1001110000001100100100101110100100001111111100111001110111100110
1100000010001111001101001010000000101000000110001010110101011010
1110100001101100101110100111110110110101011011111010001101001000
1001111001001110111111011101000101111010110101011010111110000101
1010111000100010001100010011111001111111101111111100011010000110
1101001010011011001000011011011101010011001101111100100010100111
1010011100100101111100010001011101000101111101010111110011011100
0111000111011100011001000011100100111111111110000110110101101010
0010000111110101000111001000111110000011100110100011110000001111
1100000000100111001001000000010001100111010110111110100001101001
0001011010010100011111110100110000000110010100110011101101110011
1001101110010111111010110001011100011110100110001010001011100001
0010010101111111101100110000101010010000010111111111110100010100
0000110011100110010101001010001001111111011111010101110000100101
1001001111110001010001101001110011111111110110001011010111100000
1111001010101110111111110101111101110011110011101000111010001010
1001000011010101001010010110010110100101110010101000010001010010
1010100110000110101100011100110000110001000110111111110010100101
1101111010101001110110101001000101111000010110111110001101111100
1001111100000101111110111000100111001101010101001011100001000010
1011001001001111011001001011110110111110001101110000110101100000
0011110110001111011010111010010101100000010001110000011110100010
1110101101010011010111100101001001101000000001011010111001110000
1010001101010010010101010001000110100000101011010010111011011100
1001011001111111010110100010010000100101100011110001101000011001
1001111100100111101011100000110000001001111010101001011011100001
1010001111111111101011111101111110100110001001111001110001110101
1010101101001110010101101110010000011011001111001111011100100010
1101110110000001010001010110110011110110010111000001000001000011
0000011011001011101111111101110011011011101010110000001001110101
0001110100011010001101101000011011001001101111000110001011110010
1111011100001110011111110110000010011000111101110100000111010001
1110101000010011011111100011100010001010101010011110011110010110
1100011000001010111100111100011000001011101110011001111011110010
1110010110110001111100001001001111111100011011111010011101100100
0101100100001110010001101001100000100100111011110100100111111110
0001000001000011111100111000100010101001010000001110111100111100
0111111101101000101000001000110111110110000111011100010011011110
0010010101000000111001111101011010111011001100010011010011101110
1010111110110010110101111000000011011101000110001110101010101101
1000001101100011101111100001111010011001001110000011100100011100
1100100010110001011010101100011001110001100100110100110000111011
0000000010000000001100101011001011001111110010011000100001010001
0001001001011101011100100000000010001000111011011011000000110000
0100100111100100101010100001111111011100100110110111101010010001
0000101111110011010010100111111010011011001111110111000001110101
0001011010001000001111110110110001110110111000111000001001101100
0011111101101110111000101000011110001010101110011111010111010110
0100011111110010111101100011001110011010011011100011100100010000
