1010111000111101111111010111010111011101100101101010000011000000
1101110110011001010110100000000100000001010111010100011011000111
0101110101010011101100111110001011001110110101101001110100011010
1111010010111111110011110111101110110111000001101101011000110011
1101001011101010000001000110011110011011001100111001111100100001
1100111011111001010111011111011011111000110001000101111011010111
0010101010101100000111100101111110011011000011010111000111011111
0110101011001010010101101111101110111110011000110110110100111110
0101000110011000000000010111111011000010111111110001000000001111
1111101101000010000000010110010100110100111101011111111010100111
1101000111000110111001111101111000111000100001100110011110001111
1101010001100001001000001110010001000111011110111111100110111001
0001000100010110011111110100000010011100101100110001000110111011
1010011101000110100001110010011001011101101001011111000111111000
1110011001001110111100010001011101111001110111011111110101100011
1000011110011011111111110011011010010111011111010101001011111100
0110000110000000100011111111001111010011111011110001000000110010
1011100111011001110011011101110110011111101100111101100101110001
0010101111010000100101011010000110010110001100010001010110011110
1110110010010110001100100100010101010110010111110110001000011101
1101101110000111101001001011010101110101001100011110001100111101
1100100011110000001010011000100001001010100001010110010100111011
1010110001100001010000101000110110011011100110111110011101010011
0110000000110011011110100111011111011100001101000000101001010001
1011110101011100011110100001110010101001000001110100110100011101
1100110011010101100100000110001111000111010101100101011111000101
1101111000010001101101001100011000000010110000000010101011100011
1000110101101010001001100100010100111010001111111001101011000001
0001001110101110010010110101111110001001010101110110100000000110
0111000100011001001110101001111001101010111110111101101100011000
1101011011001010100000010101110001001011110010011000100000000100
1111110011001110100000001111110110011000011110011001101101110000
1101011000110110010011011111101100111001101010000001000111101001
0000011011000101000001000010100100101100111111001100100001000001
0111010110110111011101101000000001011110100001101010010101100000
0111010010111001010010110011111010100010000000100000111010110100
1110001111110111100001100110110011000111110000011011010101110111
0101001110111011100111001000011010011000000000101100110011000011
1011000001010101100011101000010111110110110011110101111111011010
0100000100100111111011100001100000111101001010001111010011001010
1011011000101000110010000000100011110111000011110100100100011110
0010010110011000100110110001011100110110000100110011001100111000
0110000001001111111011010001111101100100110011010001111010000101
0010001001101100100000000000000001101010110101000010101011110110
1010011111111010001001000001001011101000011011010010000110001100
1010100111001111010010011111110111000000111110001011101110001100
1110101111111111101111111000111011011001010101111001010100101101
1011010011110011101110100001111111010000011001111011000101110001
1111110110010001110000000001000111100100000001111001100000110000
1011001010101010000110100100110111101011000011111111011001000110
0000011100011010100101000000001010101111011101100111110101001101
1111011100011001010001101011001010100001000001101001101100001001
0000101100110001011010001010110001011111110000011110111001111011
0000000001110011110000101110000111110101001010111001110101001110
1011111010110101101111110000011010110111010011001001101100001000
0110111001111101011100000111010010111111000000010001110110110101
1111100110011001001111111001100000011010101000101110000001010010
0111011001101000111000110001000101001000010101101011111100101110
0001111011001001011111100011111110111011000011110100001001111110
0101010111000111010111010001000101101100111000110010100011001011
1111011101110011100000011000010011110111100100100110111010101001
0100110100001000100111001001110011110000010100101111010011101001
0010001110100001100111111101001011011001001010000011000100101010
0000100000001110110000111111000001110010001000110101111111010010
0101011111011001100111001100110100010110001001001011101000000101
0011011010110111011101100011001001001100101111000000011011111000
1001000100000101101101001100111101100000001001000100010001101001
1010100011010100010000011101101111011110000010111010010100001001
0101000011101110100110110001010010001111110011110001011000000100
0000101010100111001000101111000001010001000101000101000001010111
1001010011101010000011110101001100011000100001011110111110100100
1000101100000100010001011011001101001111000010111100110011101111
1111001111000011101101011101111001010100111100001110010100100011
1100001010001001111111001110111110110111110111111100000000101111
1001111101010010100000001011000110111111001100101000001100111001
0111011101001111011000011100000010101011010101011011101101010110
1011011001001110101000000111110010100011001110110010001101111001
1101110010111000001010101110011001010110111101110001110100110110
0110000100000000001010000001100111101111110000000100100001010101
1110110110011110010011101110001010110001010110110110010010110011
1011111001100100101011000110011100011111011111000111110000110111
1001001000000100010011100111010110110101000010010100000011111110
1101010111100111001010011110000010111010000000110010000011110011
1011001100100100110110101100001001010000001111001001011011011011
1101101000001010011110100001110111100100001101110001111101100000
0000010110011001111011000100001101110000011110011110111000010110
0111011101111010100110110110110100101110110011111010101100000110
1111000011110001110100110001000011100000110000000110110000111010
1000010010000110011111110100111010100110011101011111010100010011
1010011111110010101000000011110000110001000010110101010000010001
0111101000100111101100001100011111011001110010011010101110101110
0101111000100000110101100000100000111010110010111000111100101111
1011101101001100010001110011011010010110101110001100011010001001
1101000100110001101100100001001111011101110101000101101110111101
1100100110001011101011101010111010111100001000101001000110001100
0110011000001000111100100101100010001101100001010101011000100110
1111000011100100010000101000000000001001010010001010100101101000
0101001111011101111110110111011000010010001101010000100101011101
1001011100101100000001010000010011100111010001101001100001100000
0011001111010110110110111100111001010110011101110011100101111000
1111100001110001010011101110000111101101100100111100000011001111
0010110101110010001110001010110001100110011000101100101111000011
0001100000100100001000100010100000100111100101100110101101111010
0010000111101001111101000000111101100100111100001000111010010111
0000000011000011101110101010011010111000100011100110001010000011
1000111110001001001011010111101111001111001000000011010010010111
0101011101010101000100001110101100001110011110000000010011101111
0010001110110111110000110101101001000111100011110011001111111001
1001011000111101101111101000000100110011000110011110001111010011
1001111101100110010010111110000010100110110010100110101110100111
0111010111000110000010011100011111100011010001111101100101101110
1111000111011010010011010010110101011110110000001000100000000111
1001101010010000000110001100101001111010101111100001000010000001
1011011111010001000001000001000011111001110110011111101011001010
1000001000000000001101000010011100111011001101010000001010000111
0100110011111011110001111101010101101101101010010000000000000010
1000110010111111010101010110110101010111100111001110010111110001
1001111101101111111010000101010101011111010011101110100000001110
0000101010001011011000101111110111111110101010110000011100011111
0010011101110110111011010111111000001110000000110101010111111101
1101000100001010111011111000011111101001100001000010101001011010
1100001111011010011111100100111001101110101011100011001110000010
0000101001000111010011111010101001001110010110111111111110000100
1000010100000111111101100000111110001100101101001100000011000110
1001000111100001111000011101000110100110101111010001110111101001
0101110100100000110100101000110110011111000001110011101100110010
0001011111001110011000101100111010011011010001111010000100001001
1011001101001001111000111001111111011110110000111000010110101111
0001111101111010010110111010010010010010001101001001100001101000
0011010000000010100101011110111110111001001100001000001000111011
1110110010001011010011100000110000101011100100110000111011100100
1111110101100000001100000000011110110011000100111001110100110000
0100101000011111110011100100001100010101101111111100111000010010
1011110100111010100000100111100010010101111101100011101001011110
1100100111010110001111100011001110111011011111111001101010101011
